500 625
484 291 15 13 10
268 291 4 3 2
484 333 3 2 1
293 333 13 11 9
484 464 9 7 6
484 172 8 6 5
268 275 5 4 3
333 193 12 10 8
178 275 7 5 4
327 275 15 12 9
176 464 4 3 2
334 176 8 6 4
178 222 8 6 5
337 172 12 10 8
303 178 5 4 3
71 178 17 13 10
442 484 4 3 2
2 222 7 5 4
469 71 10 8 7
422 222 7 6 4
337 356 12 9 7
31 178 10 8 6
176 104 3 2 1
31 208 5 4 3
193 457 12 10 8
176 143 9 7 5
20 172 4 3 2
31 185 15 12 9
484 478 3 2 1
484 421 12 9 7
291 98 3 2 1
58 268 7 6 4
346 71 5 4 3
469 439 5 4 3
421 345 12 10 8
469 147 12 10 8
328 268 6 4 3
479 356 9 7 6
270 328 14 11 9
269 346 7 5 4
442 121 14 12 10
484 19 11 9 8
431 104 10 9 7
2 379 13 11 8
178 119 9 7 5
86 484 11 8 6
221 58 12 10 8
20 277 12 9 7
277 72 11 9 7
38 58 5 4 3
296 464 4 3 2
60 98 8 6 5
276 71 4 3 2
362 333 11 9 7
18 362 8 6 5
478 389 3 2 1
472 421 8 6 5
418 58 15 12 10
32 333 9 7 5
172 249 15 13 10
498 119 12 10 8
268 411 7 5 4
112 277 13 10 9
168 221 12 10 8
32 170 6 5 4
199 268 14 12 10
371 222 3 2 1
334 326 10 8 6
161 356 14 12 9
149 249 10 8 7
203 275 3 2 1
60 253 10 8 7
389 171 9 8 6
443 303 13 10 8
472 367 14 11 8
124 222 6 4 3
411 494 14 12 9
372 222 9 7 6
123 371 6 4 3
401 303 13 11 9
253 404 4 3 2
206 337 12 10 8
381 443 3 2 1
281 328 11 9 8
461 170 6 5 4
86 384 10 8 7
176 369 6 4 3
380 369 10 9 7
276 409 12 9 7
369 347 15 12 10
269 257 15 12 10
206 410 6 5 4
371 25 7 5 4
44 119 10 8 6
314 32 7 5 4
55 203 14 11 9
122 296 5 4 3
172 108 10 8 6
177 268 3 2 1
419 177 9 7 5
197 296 6 5 4
50 208 7 5 4
443 466 9 7 5
333 456 5 4 3
495 168 5 4 3
415 345 11 9 7
72 103 10 8 6
277 266 4 3 2
32 165 4 3 2
136 44 16 13 10
266 374 9 7 5
122 360 10 9 8
80 172 12 9 7
275 423 16 13 10
106 147 7 5 4
199 244 13 10 8
29 345 9 7 5
145 123 17 13 10
389 358 6 5 4
220 2 3 2 1
148 161 16 13 10
499 193 3 2 1
329 31 13 11 9
277 126 5 4 3
494 133 10 8 7
362 452 16 12 9
269 433 17 13 10
405 244 6 4 3
25 377 13 10 7
154 276 16 13 10
29 397 6 5 4
59 58 9 8 7
209 469 13 10 8
150 377 15 12 9
253 96 4 3 2
413 369 13 10 8
2 340 9 7 5
22 136 15 12 9
70 495 12 9 7
347 156 15 12 10
291 183 14 11 9
288 281 3 2 1
197 67 11 8 7
408 121 14 11 8
146 221 5 4 3
118 222 13 10 8
369 286 10 8 6
244 287 14 11 9
50 125 14 11 9
39 333 3 2 1
391 199 10 8 6
185 412 14 12 9
165 416 14 11 9
31 428 7 6 5
90 442 4 3 2
402 2 9 7 5
317 55 12 10 8
204 80 13 10 8
334 473 6 5 4
137 334 9 7 5
226 397 10 9 7
350 185 4 3 2
372 94 9 7 5
443 252 9 7 5
416 88 15 12 9
143 5 5 4 3
206 403 3 2 1
379 493 4 3 2
228 18 13 11 9
374 248 14 11 9
257 200 12 10 8
237 442 5 4 3
428 181 12 9 8
413 453 4 3 2
451 31 8 7 5
38 467 17 13 10
146 40 5 4 3
137 130 6 4 3
126 127 11 9 7
118 459 3 2 1
431 339 9 7 6
412 63 16 12 10
248 174 7 6 5
231 118 7 6 4
431 271 3 2 1
231 64 11 9 7
145 298 17 13 10
176 16 15 11 8
472 282 3 2 1
143 450 13 10 9
382 270 4 3 2
237 9 14 11 8
498 359 5 4 3
321 133 5 4 3
134 60 10 8 7
436 16 10 8 6
188 134 16 13 10
322 146 4 3 2
26 220 3 2 1
228 263 16 12 9
121 481 9 7 6
453 318 6 5 4
31 490 10 8 6
230 18 14 12 10
385 270 13 11 9
21 484 5 4 3
337 233 6 5 4
204 309 6 5 4
492 80 5 4 3
452 373 11 8 7
397 363 13 10 7
66 303 14 11 8
201 5 9 8 6
30 125 14 11 9
247 350 10 8 6
458 96 4 3 2
135 484 16 12 9
95 410 6 5 4
415 153 16 13 10
266 173 6 5 4
234 451 13 10 8
42 404 16 12 9
453 496 14 12 9
215 32 4 3 2
337 113 5 4 3
275 109 3 2 1
327 316 9 8 6
400 38 6 5 4
98 429 13 11 9
33 316 3 2 1
274 94 10 8 6
499 487 16 13 10
29 396 3 2 1
102 113 12 10 8
171 69 6 4 3
49 327 3 2 1
282 195 3 2 1
470 286 5 4 3
369 76 5 4 3
337 11 3 2 1
113 476 9 7 5
356 117 16 12 10
208 243 4 3 2
166 31 3 2 1
327 438 10 8 6
392 228 11 9 8
97 269 13 11 9
350 115 4 3 2
373 189 6 5 4
171 151 6 4 3
239 154 17 13 10
287 272 12 9 7
77 18 3 2 1
192 439 4 3 2
62 252 12 9 7
83 456 8 7 6
499 378 7 6 5
422 53 3 2 1
307 96 9 7 6
452 187 5 4 3
82 102 7 5 4
385 305 15 12 9
55 332 9 7 5
251 327 14 11 9
9 262 6 4 3
438 394 8 6 5
207 356 14 11 8
111 69 12 10 8
296 375 3 2 1
230 368 14 12 10
15 363 4 3 2
207 407 12 9 7
72 463 7 5 4
275 36 10 8 6
125 78 11 9 7
246 271 17 13 10
33 1 6 5 4
447 228 6 5 4
238 415 5 4 3
292 239 13 10 8
376 276 13 11 9
432 372 16 13 10
375 141 4 3 2
69 435 6 4 3
31 294 12 9 7
97 158 8 6 4
190 126 14 12 10
141 310 14 12 9
30 312 8 6 5
430 230 9 7 6
12 467 5 4 3
303 267 13 11 9
260 257 15 12 9
173 157 15 12 10
417 490 5 4 3
176 319 3 2 1
350 323 11 8 6
236 83 8 7 5
450 370 8 6 5
437 246 9 7 5
435 52 12 10 8
147 155 16 13 10
301 380 3 2 1
328 34 14 12 9
29 132 10 8 6
30 330 8 6 5
34 93 9 7 5
33 110 7 6 4
85 384 13 10 8
98 454 13 11 9
205 405 4 3 2
7 25 12 9 8
465 78 13 11 8
54 438 6 5 4
361 154 10 8 6
142 82 14 11 9
154 138 8 6 5
393 337 12 9 7
163 18 13 10 8
299 111 14 11 9
89 277 4 3 2
144 127 3 2 1
112 444 6 5 4
425 314 16 13 10
272 114 9 7 6
311 379 6 5 4
151 353 9 7 5
120 305 4 3 2
135 84 5 4 3
84 196 14 12 10
368 395 3 2 1
230 448 13 11 9
455 392 6 5 4
315 104 15 12 10
50 101 14 11 8
178 10 11 9 8
340 241 9 7 5
254 93 3 2 1
389 48 12 10 8
357 125 5 4 3
398 70 8 6 5
357 91 7 5 4
142 354 12 9 7
358 37 13 10 8
324 453 5 4 3
422 468 5 4 3
477 311 12 9 8
261 461 4 3 2
344 461 13 10 8
210 148 10 7 5
85 265 8 7 5
20 152 11 9 8
168 116 8 6 5
413 245 6 4 3
414 155 4 3 2
167 248 15 11 9
389 440 12 10 8
34 100 4 3 2
104 306 12 10 8
460 193 15 12 10
119 56 14 11 8
139 124 9 7 5
419 6 6 4 3
296 216 3 2 1
421 482 6 5 4
485 456 7 5 4
114 264 16 12 9
385 68 16 12 9
224 276 9 7 5
471 204 15 12 10
169 78 9 7 6
483 132 11 9 7
258 29 9 7 6
239 61 5 4 3
387 30 16 13 10
364 1 6 4 3
227 22 16 12 10
182 394 15 12 10
19 225 6 5 4
119 28 5 4 3
289 495 11 9 7
258 383 4 3 2
229 419 4 3 2
355 89 8 6 4
308 392 14 11 9
107 498 8 6 5
291 0 4 3 2
338 276 15 13 10
105 282 8 6 5
159 157 15 12 9
485 8 10 8 7
427 141 14 12 10
14 68 7 6 5
497 21 9 7 5
141 240 15 11 9
411 13 12 9 7
99 159 13 10 8
341 89 15 13 10
446 189 8 6 4
425 283 14 11 9
19 486 8 6 5
87 459 3 2 1
4 216 8 6 5
58 279 7 6 5
342 173 3 2 1
195 352 12 9 7
303 198 15 12 10
395 256 14 11 9
424 135 6 4 3
91 24 14 11 9
129 484 3 2 1
441 444 4 3 2
175 122 12 10 8
61 65 4 3 2
382 43 12 10 8
26 304 13 10 8
317 202 14 12 9
474 323 17 13 10
399 495 15 12 10
74 314 3 2 1
340 184 5 4 3
257 140 12 10 8
88 434 4 3 2
164 442 4 3 2
313 173 9 7 5
462 10 13 10 8
278 193 4 3 2
480 196 7 5 4
219 466 6 4 3
218 204 12 10 8
489 471 13 10 8
161 366 13 10 8
274 390 10 8 6
111 3 13 11 9
426 355 4 3 2
35 219 7 5 4
436 214 9 7 5
245 128 15 12 9
56 211 6 4 3
8 57 11 9 7
411 250 3 2 1
336 480 4 3 2
374 259 16 13 10
176 284 3 2 1
339 280 17 13 10
105 349 16 13 10
165 45 7 5 4
331 272 14 11 9
223 486 4 3 2
425 213 5 4 3
180 247 6 4 3
235 396 13 10 8
27 323 3 2 1
475 304 7 5 4
19 191 10 8 7
3 179 9 7 6
497 351 10 8 7
115 488 4 3 2
420 96 4 3 2
115 449 5 4 3
328 343 15 12 10
111 212 9 7 5
219 297 8 7 6
75 330 9 8 6
281 285 12 10 7
295 88 9 7 6
221 320 4 3 2
23 181 12 9 8
237 325 16 13 10
159 162 13 10 8
186 67 3 2 1
194 32 13 11 9
491 455 17 13 10
494 406 11 8 7
144 73 16 12 10
41 223 14 11 9
254 79 4 3 2
233 232 16 12 10
10 335 4 3 2
268 300 3 2 1
160 248 5 4 3
255 423 5 4 3
230 365 13 10 8
131 43 5 4 3
51 243 13 10 8
47 3 3 2 1
192 17 13 11 9
81 140 12 10 8
388 251 12 10 8
445 312 11 9 7
217 269 11 9 7
408 46 13 10 8
348 40 14 11 8
333 273 3 2 1
302 188 17 13 10
92 342 4 3 2
386 357 15 13 10
278 290 9 7 5
242 395 4 3 2
241 15 10 8 6
136 321 6 5 4
332 420 6 5 4
256 28 8 6 4
234 396 11 8 7
336 204 6 5 4
477 170 4 3 2
439 10 13 11 9
42 103 4 3 2
240 410 3 2 1
438 463 6 4 3
86 174 11 8 6
411 122 4 3 2
149 152 8 7 5
386 182 4 3 2
252 363 15 13 10
44 419 3 2 1
383 68 11 9 7
479 185 3 2 1
115 78 16 12 10
379 138 7 6 5
156 312 3 2 1
138 251 15 12 9
166 213 12 10 8
134 183 12 10 7
385 391 8 6 4
100 292 6 5 4
389 104 12 9 8
118 56 8 6 5
481 54 4 3 2
388 309 12 10 8
415 158 3 2 1
278 70 17 13 10
50 372 4 3 2
375 225 10 8 6
364 175 14 11 8
277 236 4 3 2
149 128 5 4 3
437 410 16 12 9
53 159 10 8 7
78 154 17 13 10
189 283 3 2 1
222 157 7 6 5
485 410 9 7 5
183 362 6 4 3
124 385 6 5 4
301 294 14 11 9
304 364 13 10 8
496 316 3 2 1
353 201 17 13 10
306 142 7 6 5
131 203 7 5 4
143 308 15 11 8
115 278 3 2 1
321 413 8 6 5
318 374 3 2 1
241 354 12 9 7
87 149 5 4 3
279 51 6 4 3
95 342 15 12 10
195 16 17 13 10
83 462 4 3 2
448 362 3 2 1
450 445 11 9 7
38 410 4 3 2
37 406 6 4 3
322 266 14 12 10
47 348 14 11 9
394 258 5 4 3
396 152 17 13 10
130 372 11 9 7
54 450 8 6 4
417 375 16 13 10
1 488 15 12 9
223 0 12 9 7
353 41 6 4 3
131 182 5 4 3
83 44 12 10 8
346 304 8 6 5
217 13 13 10 8
340 262 9 7 5
448 76 4 3 2
481 84 4 3 2
418 15 10 8 7
22 477 10 7 5
265 130 15 11 9
249 169 12 9 7
57 120 10 8 6
373 12 4 3 2
229 126 8 6 4
464 317 15 12 9
205 235 6 5 4
276 440 4 3 2
13 81 12 9 7
436 168 6 4 3
131 207 13 10 8
19 66 15 13 10
268 142 10 8 6
19 400 4 3 2
130 28 13 10 8
204 45 13 10 9
341 67 15 12 10
360 392 9 7 5
146 415 13 10 8
399 133 11 9 7
387 110 8 6 5
494 397 4 3 2
430 271 15 12 10
191 86 4 3 2
167 162 14 11 8
113 480 6 4 3
475 92 11 8 6
251 455 4 3 2
424 175 10 7 5
417 15 11 9 7
478 395 3 2 1
378 364 13 11 8
469 492 12 10 8
371 493 8 6 4
434 305 10 8 6
430 76 12 10 7
430 382 6 5 4
373 234 15 13 10
222 160 5 4 3
19 89 3 2 1
440 321 14 11 9
7
8
4
1
7
10
10
3
9
1
3
8
6
3
8
9
5
8
8
1
1
4
10
1
2
6
2
2
9
5
6
1
4
5
9
2
6
6
7
9
2
2
5
1
10
2
5
2
1
2
2
1
9
2
8
4
6
8
8
7
3
3
9
7
9
2
2
1
8
8
4
10
4
1
6
4
10
1
2
5
7
4
8
9
8
4
8
9
1
1
3
8
6
10
10
4
6
3
1
7
8
1
8
10
10
5
5
4
1
2
4
1
4
6
2
3
7
4
4
2
5
6
2
7
5
2
2
7
8
2
5
10
7
4
5
7
2
10
2
2
2
3
2
4
3
4
8
2
3
6
3
8
2
3
7
7
3
7
1
10
8
9
4
8
1
5
8
7
7
3
1
2
5
7
4
1
2
10
7
2
1
4
1
9
5
6
9
4
10
3
10
10
1
8
9
6
10
3
5
6
10
4
5
9
5
1
2
4
1
2
5
1
7
6
6
10
5
5
6
9
6
8
9
3
10
4
9
9
9
8
2
2
8
7
9
4
8
9
9
7
2
1
4
5
7
2
10
9
3
1
8
6
5
7
8
3
1
1
2
3
3
9
8
7
1
4
4
4
6
8
3
9
3
10
3
1
5
10
4
7
1
9
2
1
10
8
5
8
9
5
8
9
8
4
6
4
2
1
1
9
6
6
9
4
9
6
8
7
10
8
2
1
7
4
2
9
9
8
10
8
3
8
9
7
6
7
9
3
2
9
1
4
2
2
7
10
5
1
9
5
9
2
7
2
5
1
10
4
9
9
4
10
4
5
7
2
7
6
7
1
7
8
4
6
1
7
9
8
10
1
9
4
10
7
5
3
3
3
5
10
3
7
7
8
5
4
1
6
1
6
5
2
3
8
4
7
4
9
5
7
4
3
6
7
4
8
3
9
1
5
5
5
8
9
2
10
8
4
6
3
2
5
4
4
2
5
1
9
8
9
9
10
5
4
7
4
8
3
7
9
3
1
6
7
9
4
6
5
9
9
3
7
3
3
3
2
5
4
1
1
8
9
9
8
7
1
10
6
2
7
4
6
7
1
10
3
2
3
8
5
8
4
1
2
4
7
10
4
5
5
1
3
8
9
1
9
7
7
2
3
