500 625
339 470 6 5 4
470 343 4 3 2
339 426 12 10 8
343 482 14 12 10
470 397 8 6 5
482 103 5 4 3
12 343 8 6 5
136 397 12 10 8
143 12 5 4 3
276 482 16 13 10
482 202 9 7 5
470 443 16 12 9
103 14 10 8 6
276 83 10 8 6
343 67 7 5 4
268 202 5 4 3
470 145 13 10 8
324 145 16 12 9
482 198 10 8 7
439 339 14 12 9
334 324 4 3 2
339 258 7 5 4
245 334 10 8 6
12 185 13 11 9
202 325 5 4 3
470 24 13 10 8
401 470 4 3 2
276 179 14 11 8
14 483 5 4 3
205 185 9 7 5
439 175 13 11 9
473 202 9 7 5
15 67 11 9 7
143 323 8 7 6
254 15 4 3 2
67 284 14 11 9
67 474 10 7 6
301 482 4 3 2
438 103 6 4 3
482 3 10 8 6
185 32 6 5 4
3 462 7 6 5
254 207 14 12 9
179 104 13 11 8
245 62 16 13 10
37 323 6 4 3
463 12 3 2 1
58 258 5 4 3
401 289 15 12 10
224 324 11 9 7
103 195 4 3 2
437 207 15 11 9
209 343 8 7 5
317 325 15 12 9
284 157 7 5 4
189 103 7 5 4
470 214 8 6 5
426 27 4 3 2
157 220 4 3 2
186 443 5 4 3
195 34 11 9 7
83 23 13 10 8
214 247 3 2 1
157 90 6 5 4
430 343 11 9 7
15 115 5 4 3
131 462 14 11 9
225 437 12 10 8
8 136 16 13 10
255 247 13 11 9
483 381 4 3 2
195 386 7 5 4
186 433 7 6 5
185 346 16 12 10
325 313 3 2 1
313 76 3 2 1
103 378 12 10 8
324 33 4 3 2
246 470 7 5 4
225 303 3 2 1
157 134 3 2 1
237 189 13 11 9
303 479 4 3 2
9 34 7 5 4
428 143 6 5 4
227 268 5 4 3
347 339 16 12 10
474 213 5 4 3
130 346 13 10 8
452 37 15 12 10
425 214 10 8 7
483 212 11 9 8
145 200 12 9 8
34 497 4 3 2
428 249 4 3 2
255 70 14 11 9
70 266 6 5 4
145 163 4 3 2
483 73 14 12 10
289 321 13 10 8
134 252 9 7 6
74 324 4 3 2
80 452 3 2 1
120 470 5 4 3
324 59 10 8 6
425 79 5 4 3
46 470 4 3 2
182 317 8 6 5
203 157 3 2 1
224 280 10 8 6
318 163 9 7 5
209 158 8 7 6
213 129 14 11 9
426 436 8 6 4
302 104 11 9 7
90 441 3 2 1
83 106 8 6 4
358 428 12 9 7
167 284 9 7 6
103 55 15 12 9
248 428 9 7 5
313 457 7 5 4
195 395 5 4 3
64 163 14 12 9
401 399 7 6 5
474 97 14 11 8
430 234 16 12 9
166 266 8 6 4
309 103 3 2 1
437 243 4 3 2
452 44 10 8 6
245 481 5 4 3
158 19 5 4 3
118 198 14 11 8
46 475 4 3 2
233 303 9 7 6
373 378 5 4 3
87 481 12 10 8
23 370 12 9 7
289 371 12 10 9
345 145 5 4 3
159 317 5 4 3
273 167 3 2 1
421 233 8 6 4
324 466 14 12 9
200 183 13 10 8
404 457 12 10 8
340 463 7 5 4
118 54 9 7 6
385 303 10 8 6
425 36 12 10 8
243 429 14 12 9
144 378 10 8 6
180 23 14 12 10
226 470 5 4 3
12 218 9 7 5
252 298 4 3 2
447 276 7 5 4
9 442 13 11 9
463 238 12 9 7
300 131 14 12 9
432 339 11 8 6
27 267 12 10 8
262 276 4 3 2
36 236 10 8 6
392 36 14 12 10
428 160 4 3 2
169 224 17 13 10
25 236 9 7 6
215 25 13 10 8
248 335 10 8 6
251 245 14 12 9
204 401 4 3 2
8 264 4 3 2
120 151 6 5 4
215 71 17 13 10
379 103 5 4 3
189 116 14 11 9
82 237 4 3 2
97 261 4 3 2
268 451 14 11 9
419 438 12 9 8
461 258 4 3 2
264 490 13 11 8
115 418 10 8 7
372 386 3 2 1
266 489 16 12 9
111 71 15 11 8
6 462 7 6 4
269 325 10 8 7
115 190 4 3 2
120 121 17 13 10
243 108 9 7 6
249 361 3 2 1
440 401 3 2 1
204 92 10 8 6
397 137 10 8 6
257 186 4 3 2
318 359 14 12 10
469 214 17 13 10
451 368 5 4 3
199 167 10 9 8
484 309 13 11 8
290 401 11 9 7
145 337 9 7 5
94 25 10 8 6
445 252 4 3 2
245 29 11 9 7
414 473 5 4 3
436 493 9 7 6
130 367 3 2 1
234 486 9 7 5
441 265 9 8 6
414 78 4 3 2
14 315 3 2 1
249 86 9 7 5
141 429 9 7 5
92 88 6 5 4
247 477 12 10 8
100 340 6 5 4
179 49 13 10 8
453 169 14 11 8
456 425 14 12 9
351 421 6 4 3
177 204 17 13 10
93 246 11 9 7
36 60 4 3 2
371 263 9 7 5
259 302 3 2 1
162 177 14 12 10
188 78 6 5 4
375 438 15 12 9
113 303 15 13 10
12 228 3 2 1
408 160 11 8 6
325 42 11 8 6
163 344 10 8 6
233 1 3 2 1
173 188 3 2 1
211 267 5 4 3
279 490 13 10 8
310 466 16 12 10
42 314 12 9 7
43 131 5 4 3
277 475 5 4 3
8 299 3 2 1
161 226 12 10 8
406 179 4 3 2
412 233 5 4 3
316 412 9 7 5
396 493 12 9 7
397 492 16 12 9
195 133 13 10 8
78 0 9 7 6
362 440 14 11 9
64 5 4 3 2
38 198 6 5 4
385 140 8 6 5
223 224 15 12 10
146 337 6 5 4
398 445 12 9 8
217 73 16 13 10
5 30 5 4 3
188 306 14 11 9
62 416 7 5 4
428 170 7 5 4
19 112 8 6 4
86 389 3 2 1
372 391 3 2 1
354 489 4 3 2
456 260 10 8 6
184 157 7 5 4
437 364 5 4 3
486 286 14 11 8
111 253 10 8 6
77 300 12 9 7
450 324 9 8 6
96 481 7 6 5
59 369 3 2 1
250 466 13 10 8
492 57 13 11 9
387 269 10 8 6
137 101 12 9 7
95 334 8 6 4
319 57 9 7 5
162 357 6 4 3
154 373 13 11 9
362 472 6 5 4
183 47 12 9 7
414 124 7 5 4
42 460 10 8 7
405 265 10 9 7
10 137 16 13 10
68 438 14 11 9
207 156 7 5 4
358 468 10 8 6
257 495 8 6 5
199 109 13 11 8
438 53 15 11 9
72 175 4 3 2
53 455 9 7 5
186 423 3 2 1
10 496 9 7 5
167 424 13 11 8
376 474 4 3 2
490 128 16 12 10
287 433 14 12 9
272 207 13 11 8
495 99 14 11 9
365 286 13 11 9
115 459 9 7 5
497 91 14 11 9
465 145 4 3 2
239 212 12 10 8
322 257 9 7 5
292 43 12 9 7
332 170 15 11 9
435 354 4 3 2
494 357 7 5 4
495 294 3 2 1
2 224 3 2 1
241 280 12 9 7
222 395 11 9 7
443 127 6 5 4
303 235 14 11 9
233 110 14 12 10
286 281 10 8 6
320 116 7 6 5
7 443 4 3 2
286 374 3 2 1
407 484 17 13 10
392 464 12 10 8
342 186 7 6 5
385 63 13 10 8
264 22 6 4 3
365 256 9 7 6
283 27 12 10 8
293 92 13 10 8
69 396 3 2 1
142 332 9 7 6
182 50 14 11 9
170 85 12 9 7
268 431 3 2 1
123 391 4 3 2
355 429 9 7 6
329 43 4 3 2
272 66 4 3 2
233 352 9 8 7
355 75 10 8 7
478 479 6 4 3
452 336 3 2 1
164 431 3 2 1
435 65 7 5 4
63 400 17 13 10
349 399 15 12 10
107 78 16 12 10
152 404 4 3 2
444 129 17 13 10
133 454 14 12 10
289 485 7 5 4
84 82 3 2 1
187 405 12 9 7
336 330 15 11 9
286 21 13 11 9
352 11 5 4 3
122 457 11 9 7
21 377 11 8 6
372 18 3 2 1
457 147 9 7 5
257 41 6 5 4
157 476 3 2 1
328 127 11 9 7
195 288 13 10 8
295 95 6 5 4
63 192 3 2 1
145 338 9 7 5
122 307 12 9 7
192 422 9 7 6
122 176 11 9 8
388 484 4 3 2
17 129 10 8 6
235 150 12 9 8
106 415 6 5 4
98 100 9 7 5
41 31 9 7 5
56 261 4 3 2
89 122 4 3 2
90 393 13 11 8
380 264 8 6 5
148 389 14 11 8
26 364 10 8 7
384 428 7 6 5
297 56 13 11 9
261 411 10 8 6
390 272 4 3 2
28 268 15 11 9
335 4 5 4 3
223 105 4 3 2
35 218 16 13 10
365 165 12 9 7
403 96 11 8 6
117 239 3 2 1
135 128 5 4 3
451 305 14 12 10
463 427 12 9 7
229 372 6 4 3
312 163 3 2 1
52 406 5 4 3
196 375 13 10 8
457 197 3 2 1
47 350 6 5 4
54 178 3 2 1
280 174 4 3 2
496 48 4 3 2
353 82 14 12 10
30 231 4 3 2
83 458 15 13 10
330 81 12 9 7
175 448 5 4 3
490 308 14 11 9
193 379 5 4 3
467 10 9 8 6
64 242 3 2 1
170 194 8 7 5
244 252 9 7 5
360 88 12 9 7
402 133 12 10 8
275 339 13 10 8
269 394 10 7 5
183 125 4 3 2
78 155 3 2 1
45 386 10 8 6
210 405 9 7 5
114 78 11 9 7
126 346 13 10 8
102 128 10 8 6
126 311 6 4 3
59 138 11 9 7
206 117 4 3 2
274 423 15 12 9
58 221 10 8 6
449 170 4 3 2
304 421 10 8 6
388 270 13 10 8
497 20 17 13 10
487 163 16 13 10
324 291 12 9 7
383 485 5 4 3
471 464 13 10 8
237 366 7 5 4
409 483 4 3 2
271 272 7 5 4
285 170 13 10 9
27 296 10 8 6
132 328 9 7 6
414 382 13 11 9
452 326 4 3 2
172 481 9 7 5
11 420 3 2 1
277 139 8 7 6
51 92 14 11 9
333 24 13 10 7
413 134 7 6 5
201 42 10 9 7
156 191 8 6 4
369 363 12 10 8
480 200 12 9 7
13 445 12 9 8
21 446 10 8 6
318 208 5 4 3
168 210 3 2 1
42 240 9 8 6
356 280 12 9 7
491 249 15 11 9
386 498 4 3 2
363 149 3 2 1
101 232 10 8 6
488 115 15 11 9
331 268 4 3 2
99 410 9 7 5
20 153 5 4 3
327 477 3 2 1
147 219 7 5 4
499 271 10 8 6
171 150 12 9 7
249 282 13 11 8
230 218 6 5 4
56 16 3 2 1
434 286 7 6 5
379 341 12 10 8
278 78 13 11 8
87 216 17 13 10
210 348 5 4 3
181 427 12 9 7
39 193 3 2 1
40 198 12 10 8
380 119 3 2 1
417 270 11 9 7
61 174 3 2 1
378 120 15 12 9
215 9 13 11 9
184 211 9 7 5
230 409 12 9 7
228 367 13 10 8
493 21 9 7 5
67 424 3 2 1
472 37 9 8 7
371 40 13 10 8
189 300 5 4 3
77 158 4 3 2
110 344 4 3 2
42 163 15 12 9
353 419 3 2 1
240 205 5 4 3
109 295 14 12 9
426 296 9 7 6
141 284 5 4 3
102 329 5 4 3
278 76 8 6 5
482 265 13 11 9
119 358 5 4 3
255 41 15 12 9
276 156 5 4 3
496 130 4 3 2
51 76 10 8 6
363 2 6 5 4
210 56 4 3 2
290 288 5 4 3
207 252 12 10 8
363 98 13 11 9
52 416 9 7 6
493 399 10 8 6
216 378 16 12 10
232 159 8 6 5
318 214 8 6 4
328 281 7 6 4
346 12 5 4 3
46 275 3 2 1
37 289 15 12 10
274 119 9 7 5
146 145 10 8 7
206 398 7 6 5
410 328 4 3 2
338 375 12 9 7
161 165 11 9 7
246 216 9 7 6
283 81 11 8 6
126 286 10 8 6
392 279 9 7 5
369 75 6 5 4
175 341 14 11 9
321 442 12 9 7
354 23 14 11 9
354 172 8 6 5
283 321 15 12 10
32 383 13 10 8
479 4 15 12 9
269 480 16 12 9
105 365 4 3 2
434 107 5 4 3
392 179 16 12 10
350 73 16 12 9
446 478 16 13 10
446 112 13 10 8
273 255 6 4 3
481 381 3 2 1
80 483 4 3 2
436 411 12 10 8
310 424 15 11 8
330 213 9 7 5
112 267 11 8 6
102 158 15 12 9
297 421 4 3 2
424 286 6 4 3
277 298 13 10 8
139 400 3 2 1
459 365 12 10 8
398 9 12 9 7
375 182 10 8 6
452 30 5 4 3
283 76 3 2 1
106 394 16 12 9
5 189 15 12 10
52 7 10 7 5
348 453 16 12 10
383 463 4 3 2
191 423 9 7 5
238 400 10 9 7
98 461 6 4 3
384 395 12 9 7
121 150 3 2 1
498 211 11 8 7
60 416 7 5 4
151 130 4 3 2
104 118 3 2 1
406 253 5 4 3
35 404 10 8 6
60 491 3 2 1
286 280 11 9 7
300 126 13 10 9
169 202 9 7 6
469 195 16 13 10
277 385 14 11 9
109 141 9 7 5
449 113 8 6 5
160 323 4 3 2
443 493 15 12 10
370 461 6 5 4
73 390 14 11 8
263 69 9 7 5
459 179 17 13 10
379 360 3 2 1
231 336 10 7 5
127 346 8 6 5
159 352 8 7 5
491 87 4 3 2
187 297 14 12 9
408 309 9 7 5
15 103 5 4 3
183 467 13 11 8
167 244 14 11 9
277 128 11 9 7
234 59 15 12 9
393 305 13 11 9
62 482 6 5 4
7
8
4
1
7
10
10
3
9
1
3
8
6
3
8
9
5
8
8
1
1
4
10
1
2
6
2
2
9
5
6
1
4
5
9
2
6
6
7
9
2
2
5
1
10
2
5
2
1
2
2
1
9
2
8
4
6
8
8
7
3
3
9
7
9
2
2
1
8
8
4
10
4
1
6
4
10
1
2
5
7
4
8
9
8
4
8
9
1
1
3
8
6
10
10
4
6
3
1
7
8
1
8
10
10
5
5
4
1
2
4
1
4
6
2
3
7
4
4
2
5
6
2
7
5
2
2
7
8
2
5
10
7
4
5
7
2
10
2
2
2
3
2
4
3
4
8
2
3
6
3
8
2
3
7
7
3
7
1
10
8
9
4
8
1
5
8
7
7
3
1
2
5
7
4
1
2
10
7
2
1
4
1
9
5
6
9
4
10
3
10
10
1
8
9
6
10
3
5
6
10
4
5
9
5
1
2
4
1
2
5
1
7
6
6
10
5
5
6
9
6
8
9
3
10
4
9
9
9
8
2
2
8
7
9
4
8
9
9
7
2
1
4
5
7
2
10
9
3
1
8
6
5
7
8
3
1
1
2
3
3
9
8
7
1
4
4
4
6
8
3
9
3
10
3
1
5
10
4
7
1
9
2
1
10
8
5
8
9
5
8
9
8
4
6
4
2
1
1
9
6
6
9
4
9
6
8
7
10
8
2
1
7
4
2
9
9
8
10
8
3
8
9
7
6
7
9
3
2
9
1
4
2
2
7
10
5
1
9
5
9
2
7
2
5
1
10
4
9
9
4
10
4
5
7
2
7
6
7
1
7
8
4
6
1
7
9
8
10
1
9
4
10
7
5
3
3
3
5
10
3
7
7
8
5
4
1
6
1
6
5
2
3
8
4
7
4
9
5
7
4
3
6
7
4
8
3
9
1
5
5
5
8
9
2
10
8
4
6
3
2
5
4
4
2
5
1
9
8
9
9
10
5
4
7
4
8
3
7
9
3
1
6
7
9
4
6
5
9
9
3
7
3
3
3
2
5
4
1
1
8
9
9
8
7
1
10
6
2
7
4
6
7
1
10
3
2
3
8
5
8
4
1
2
4
7
10
4
5
5
1
3
8
9
1
9
7
7
2
3
