500 625
497 254 11 9 7
263 497 12 10 8
380 497 6 5 4
263 192 12 10 8
277 254 11 9 8
263 270 7 5 4
464 270 7 5 4
277 280 7 6 5
464 304 12 9 8
280 353 15 12 9
464 495 17 13 10
497 33 13 10 7
464 465 10 8 6
464 130 3 2 1
271 380 16 13 10
271 417 13 10 8
279 270 10 8 6
304 491 6 4 3
277 339 7 5 4
465 211 5 4 3
495 237 7 5 4
144 280 13 10 8
145 339 11 9 7
417 140 7 6 5
347 465 13 11 9
347 305 16 13 10
424 270 11 9 7
155 424 14 11 8
271 272 13 11 9
365 491 10 8 6
211 221 12 10 8
89 495 5 4 3
231 464 15 13 10
90 231 3 2 1
90 162 9 7 6
223 254 12 10 8
497 490 8 6 5
109 304 3 2 1
415 417 4 3 2
402 417 10 8 6
22 497 7 6 5
386 221 6 5 4
305 107 13 11 8
200 495 10 8 6
305 375 12 10 8
488 490 14 11 9
248 495 9 7 5
271 133 4 3 2
211 116 9 7 6
380 180 13 11 9
231 123 7 6 4
254 481 15 11 9
202 116 6 5 4
136 200 11 9 7
365 446 4 3 2
386 163 16 12 10
109 472 14 11 9
354 237 8 6 5
2 347 10 8 6
12 140 5 4 3
47 472 9 7 5
238 180 5 4 3
378 238 7 5 4
415 233 5 4 3
465 85 7 6 5
130 52 13 11 9
425 272 4 3 2
261 446 15 12 10
5 155 14 12 9
22 11 9 7 6
271 422 16 13 10
221 349 10 8 7
375 477 5 4 3
387 202 6 4 3
477 42 12 9 7
155 132 16 12 10
475 132 6 5 4
495 86 8 6 5
392 490 12 9 7
18 90 11 9 7
380 324 4 3 2
491 170 4 3 2
496 90 11 9 7
422 468 13 10 9
237 498 10 8 6
280 131 12 10 8
470 233 7 5 4
375 128 3 2 1
47 110 12 9 7
372 339 6 5 4
319 5 8 6 5
330 130 5 4 3
494 477 3 2 1
171 211 3 2 1
63 33 11 8 6
474 495 11 9 7
424 363 12 10 8
233 183 8 6 4
38 470 4 3 2
389 116 7 5 4
387 4 9 7 6
42 419 12 9 7
162 37 12 10 8
180 240 12 10 8
398 200 12 10 8
221 194 5 4 3
191 22 15 12 9
241 90 5 4 3
446 352 13 11 9
20 481 16 13 10
166 352 17 13 10
11 478 4 3 2
471 37 14 11 9
4 188 16 13 10
312 380 15 12 9
132 115 4 3 2
85 30 16 12 9
496 317 3 2 1
307 202 14 12 10
115 16 16 13 10
330 121 15 12 9
162 463 15 12 10
334 349 8 7 6
81 424 5 4 3
365 288 13 11 9
368 248 11 8 6
174 488 16 12 9
133 487 15 11 8
276 2 3 2 1
250 261 5 4 3
365 23 15 12 10
128 143 13 11 9
488 448 12 9 7
473 162 9 7 5
472 325 4 3 2
337 368 7 5 4
476 271 5 4 3
131 9 16 13 10
378 55 7 5 4
480 183 4 3 2
438 419 15 12 10
9 187 9 7 6
194 350 4 3 2
174 356 15 12 9
338 47 8 7 5
77 231 8 6 5
269 304 12 10 8
250 479 14 11 9
194 205 15 12 10
437 402 11 9 7
23 97 4 3 2
242 211 8 7 5
89 232 3 2 1
382 47 5 4 3
433 276 11 9 7
215 85 3 2 1
166 245 6 5 4
97 313 14 11 9
424 335 11 9 7
277 249 9 7 5
347 404 14 12 9
190 263 17 13 10
225 238 4 3 2
15 472 5 4 3
419 298 14 11 8
461 375 14 12 10
335 66 4 3 2
363 430 12 9 7
68 271 7 6 5
153 12 5 4 3
38 62 12 10 8
338 445 14 12 9
270 348 3 2 1
141 107 17 13 10
82 349 5 4 3
319 455 15 12 9
332 121 4 3 2
206 437 14 11 9
157 237 14 11 8
89 413 9 7 5
271 169 14 11 9
313 154 9 7 6
436 382 12 10 8
477 366 4 3 2
271 175 15 12 10
87 386 9 7 5
478 102 14 11 8
121 24 6 4 3
168 334 9 7 5
424 381 3 2 1
259 187 4 3 2
162 46 10 8 6
157 289 10 8 7
413 371 9 7 5
17 37 4 3 2
485 353 5 4 3
362 438 4 3 2
22 283 15 12 10
91 30 6 5 4
115 139 16 12 9
477 244 12 10 8
478 95 14 12 10
289 327 10 8 6
387 253 3 2 1
300 356 5 4 3
46 124 6 5 4
120 187 3 2 1
470 111 8 6 5
457 389 5 4 3
140 340 4 3 2
15 8 5 4 3
376 115 16 13 10
139 311 14 12 10
236 468 13 10 8
227 446 12 10 7
464 427 4 3 2
291 463 12 9 7
170 49 8 6 5
80 102 16 13 10
60 190 14 12 10
302 166 5 4 3
366 441 6 4 3
415 391 14 12 9
254 341 3 2 1
225 452 3 2 1
35 417 5 4 3
347 235 10 9 7
73 437 16 13 10
442 356 13 11 9
198 91 9 8 7
199 347 11 9 7
72 478 15 12 9
18 98 4 3 2
454 249 11 9 7
314 169 9 7 5
160 123 12 9 7
414 425 5 4 3
310 180 5 4 3
117 325 5 4 3
57 192 14 11 9
337 226 12 9 7
84 23 12 9 7
25 169 14 11 9
430 104 4 3 2
150 72 3 2 1
478 217 10 8 7
345 425 12 10 8
222 187 3 2 1
214 89 4 3 2
498 51 13 10 8
233 486 17 13 10
493 488 4 3 2
97 67 3 2 1
137 23 7 5 4
373 102 17 13 10
199 152 5 4 3
391 122 4 3 2
60 27 6 5 4
97 88 8 6 5
178 152 15 12 10
341 408 5 4 3
268 272 3 2 1
238 76 3 2 1
283 176 5 4 3
329 72 6 4 3
15 113 4 3 2
481 411 14 11 8
292 349 10 8 7
184 191 12 10 8
493 318 9 7 6
498 251 15 12 10
442 395 4 3 2
302 396 4 3 2
338 147 13 10 7
276 351 10 8 6
105 166 9 7 5
246 433 4 3 2
421 137 12 10 8
153 444 6 5 4
205 201 13 10 8
407 30 13 11 9
354 234 3 2 1
196 419 10 8 6
9 93 8 6 4
416 241 13 10 8
82 278 12 9 7
143 333 6 5 4
336 481 14 12 9
101 51 4 3 2
447 479 7 5 4
326 178 9 7 6
41 339 10 9 7
327 484 8 6 4
147 78 10 8 7
239 411 3 2 1
429 368 8 7 5
216 300 3 2 1
271 149 5 4 3
405 35 13 10 8
26 131 3 2 1
438 265 11 9 7
238 370 3 2 1
422 294 10 8 6
237 193 4 3 2
215 228 4 3 2
73 1 6 4 3
115 252 16 13 10
318 450 3 2 1
36 270 13 10 8
388 389 13 11 9
50 12 15 12 9
176 56 9 7 6
435 371 8 6 4
343 137 7 6 5
326 247 9 7 5
8 230 10 8 6
219 234 10 7 6
31 18 12 9 7
251 357 7 5 4
397 292 14 11 9
62 138 9 7 5
479 129 5 4 3
342 381 5 4 3
185 363 16 13 10
86 189 3 2 1
83 192 5 4 3
143 449 15 12 9
58 352 10 8 6
183 409 9 7 5
112 405 3 2 1
165 82 3 2 1
13 230 5 4 3
295 105 3 2 1
19 83 9 7 6
239 301 11 8 6
429 400 4 3 2
187 284 5 4 3
436 428 9 7 5
67 114 13 11 9
37 14 5 4 3
280 195 4 3 2
294 103 7 5 4
328 269 16 12 10
367 415 9 7 6
142 147 5 4 3
346 130 14 11 8
41 426 12 9 8
471 282 14 12 10
287 339 3 2 1
476 29 15 11 8
131 443 14 12 9
300 34 14 11 9
141 316 4 3 2
355 189 14 11 8
293 424 3 2 1
307 323 6 4 3
102 260 14 11 9
218 230 4 3 2
173 495 14 12 10
457 393 4 3 2
308 436 3 2 1
99 334 13 10 8
212 289 3 2 1
493 182 4 3 2
296 198 3 2 1
326 148 9 7 5
69 323 6 4 3
120 258 17 13 10
243 143 3 2 1
262 454 12 10 8
123 390 7 5 4
433 303 13 10 8
243 410 11 9 7
122 418 14 12 10
216 213 3 2 1
322 222 11 8 6
32 411 13 10 8
412 175 4 3 2
458 222 15 12 10
387 210 11 9 7
497 92 4 3 2
183 374 6 4 3
120 53 9 7 5
309 60 8 6 4
186 173 3 2 1
294 364 12 10 8
360 307 4 3 2
177 26 7 6 4
88 489 5 4 3
467 38 4 3 2
486 207 14 11 9
383 228 11 9 8
79 491 14 12 10
57 255 3 2 1
179 310 6 4 3
366 297 13 10 8
83 483 15 12 10
285 149 15 13 10
492 398 5 4 3
194 257 12 9 7
325 10 7 5 4
5 135 11 8 6
256 105 3 2 1
43 386 5 4 3
499 351 8 6 5
112 423 7 5 4
432 336 3 2 1
25 44 12 9 7
254 59 6 4 3
379 11 12 9 7
110 48 10 8 6
464 399 15 12 9
404 0 4 3 2
275 173 4 3 2
122 125 4 3 2
8 420 7 5 4
162 21 4 3 2
494 45 8 6 4
65 327 13 10 8
428 172 13 10 8
469 256 3 2 1
96 63 4 3 2
191 394 6 5 4
387 456 5 4 3
70 404 12 9 7
73 118 9 7 5
453 29 13 11 9
117 299 15 11 9
319 119 15 11 8
434 454 4 3 2
420 460 3 2 1
266 196 5 4 3
90 156 4 3 2
208 131 8 7 6
71 491 9 7 5
439 319 9 7 5
401 319 13 10 8
359 185 10 8 6
368 440 12 9 7
197 272 9 7 5
335 28 13 11 8
320 1 7 5 4
142 384 16 13 10
278 159 14 11 9
62 358 17 13 10
79 403 3 2 1
317 229 7 5 4
290 140 8 6 5
281 16 13 10 8
79 344 15 12 10
451 142 11 8 7
276 106 4 3 2
146 381 8 6 5
304 286 5 4 3
281 7 10 8 7
315 211 8 6 5
159 264 13 11 9
209 242 14 11 8
424 267 3 2 1
331 84 3 2 1
134 497 10 8 6
14 6 8 6 4
224 169 8 7 6
466 251 3 2 1
231 75 8 6 4
100 83 4 3 2
68 321 12 9 7
54 67 10 8 7
459 171 14 11 8
220 364 4 3 2
446 274 15 11 9
351 161 5 4 3
122 39 11 8 6
437 203 3 2 1
74 103 7 5 4
61 261 11 8 6
154 64 4 3 2
431 248 4 3 2
145 306 8 6 5
377 12 6 4 3
158 483 11 9 8
107 181 5 4 3
195 151 5 4 3
164 19 13 11 9
409 462 5 4 3
167 262 7 6 4
277 3 13 11 9
273 493 14 12 10
94 191 7 6 5
482 205 4 3 2
413 108 7 6 4
174 406 3 2 1
19 361 12 9 7
204 173 16 12 10
53 369 4 3 2
127 334 5 4 3
385 292 5 4 3
126 302 15 12 9
292 40 9 7 5
384 337 15 12 9
137 76 16 13 10
426 215 6 5 4
202 80 3 2 1
487 178 10 7 6
399 430 14 12 9
120 365 15 12 9
218 26 4 3 2
187 172 14 11 9
97 359 15 12 9
400 405 4 3 2
176 102 10 7 5
101 291 5 4 3
143 464 15 13 10
320 42 3 2 1
204 280 4 3 2
197 207 5 4 3
240 245 8 6 5
97 209 10 8 7
469 344 6 4 3
352 38 5 4 3
255 463 14 11 8
360 363 4 3 2
389 64 3 2 1
125 219 8 6 4
87 119 16 13 10
145 389 4 3 2
55 267 11 8 7
68 272 14 11 9
70 307 10 8 6
230 376 9 8 6
203 447 11 8 7
483 375 8 6 4
477 32 9 7 6
12 319 12 9 7
4 80 14 11 8
175 314 9 8 6
4 39 4 3 2
126 297 9 7 5
395 129 3 2 1
372 308 12 9 7
115 354 14 12 10
454 453 10 9 7
295 72 6 4 3
283 471 12 9 7
490 289 15 12 10
214 192 9 7 6
270 386 3 2 1
79 228 10 8 6
370 246 17 13 10
85 253 9 8 7
153 459 14 11 9
353 307 6 4 3
165 472 7 5 4
83 471 7 5 4
362 263 10 8 7
116 284 5 4 3
52 264 11 9 7
209 416 7 5 4
234 10 9 7 6
135 196 17 13 10
6 146 3 2 1
255 147 4 3 2
437 409 15 12 9
341 227 7 5 4
416 213 12 9 7
32 222 5 4 3
344 224 3 2 1
90 245 15 12 10
473 288 6 4 3
353 81 11 9 7
223 273 16 12 9
315 188 10 8 6
340 301 15 12 9
347 5 4 3 2
2 474 11 8 6
65 37 4 3 2
383 196 15 13 10
299 91 5 4 3
71 223 7 5 4
195 382 9 7 5
245 58 9 8 7
361 310 17 13 10
141 134 11 9 8
163 331 12 9 7
200 163 15 11 9
264 265 17 13 10
368 127 4 3 2
116 383 13 11 8
168 39 9 7 5
463 158 4 3 2
1 473 8 6 5
433 350 7 5 4
257 162 12 9 7
11 35 11 8 6
453 415 5 4 3
270 299 3 2 1
134 378 7 6 4
405 494 13 10 9
365 361 7 5 4
282 89 6 4 3
473 371 11 9 8
213 188 13 11 8
29 212 17 13 10
149 97 6 5 4
451 425 9 7 6
145 374 12 10 8
482 340 8 6 5
163 107 3 2 1
487 404 14 11 8
8 139 11 8 6
44 347 6 4 3
372 402 12 10 8
253 393 10 7 5
105 370 8 6 5
329 391 15 13 10
46 256 14 12 9
232 277 6 5 4
291 108 16 13 10
170 159 3 2 1
149 409 8 7 5
131 288 9 7 6
484 493 14 12 9
105 469 3 2 1
446 408 13 11 9
355 219 3 2 1
7
8
4
1
7
10
10
3
9
1
3
8
6
3
8
9
5
8
8
1
1
4
10
1
2
6
2
2
9
5
6
1
4
5
9
2
6
6
7
9
2
2
5
1
10
2
5
2
1
2
2
1
9
2
8
4
6
8
8
7
3
3
9
7
9
2
2
1
8
8
4
10
4
1
6
4
10
1
2
5
7
4
8
9
8
4
8
9
1
1
3
8
6
10
10
4
6
3
1
7
8
1
8
10
10
5
5
4
1
2
4
1
4
6
2
3
7
4
4
2
5
6
2
7
5
2
2
7
8
2
5
10
7
4
5
7
2
10
2
2
2
3
2
4
3
4
8
2
3
6
3
8
2
3
7
7
3
7
1
10
8
9
4
8
1
5
8
7
7
3
1
2
5
7
4
1
2
10
7
2
1
4
1
9
5
6
9
4
10
3
10
10
1
8
9
6
10
3
5
6
10
4
5
9
5
1
2
4
1
2
5
1
7
6
6
10
5
5
6
9
6
8
9
3
10
4
9
9
9
8
2
2
8
7
9
4
8
9
9
7
2
1
4
5
7
2
10
9
3
1
8
6
5
7
8
3
1
1
2
3
3
9
8
7
1
4
4
4
6
8
3
9
3
10
3
1
5
10
4
7
1
9
2
1
10
8
5
8
9
5
8
9
8
4
6
4
2
1
1
9
6
6
9
4
9
6
8
7
10
8
2
1
7
4
2
9
9
8
10
8
3
8
9
7
6
7
9
3
2
9
1
4
2
2
7
10
5
1
9
5
9
2
7
2
5
1
10
4
9
9
4
10
4
5
7
2
7
6
7
1
7
8
4
6
1
7
9
8
10
1
9
4
10
7
5
3
3
3
5
10
3
7
7
8
5
4
1
6
1
6
5
2
3
8
4
7
4
9
5
7
4
3
6
7
4
8
3
9
1
5
5
5
8
9
2
10
8
4
6
3
2
5
4
4
2
5
1
9
8
9
9
10
5
4
7
4
8
3
7
9
3
1
6
7
9
4
6
5
9
9
3
7
3
3
3
2
5
4
1
1
8
9
9
8
7
1
10
6
2
7
4
6
7
1
10
3
2
3
8
5
8
4
1
2
4
7
10
4
5
5
1
3
8
9
1
9
7
7
2
3
