500 625
111 2 15 13 10
101 2 13 11 9
101 263 7 6 5
111 88 11 9 7
111 159 10 8 7
209 159 8 6 5
2 72 8 6 5
376 159 9 8 6
72 117 10 8 7
101 157 4 3 2
72 343 9 7 5
119 376 6 4 3
117 273 13 10 8
344 111 11 9 7
343 405 12 9 7
209 65 17 13 10
157 204 7 5 4
147 273 4 3 2
407 111 7 5 4
11 273 13 11 8
273 306 12 9 7
65 357 10 8 6
257 376 13 11 8
344 124 11 9 7
63 88 5 4 3
364 65 11 9 7
209 44 10 8 6
37 357 3 2 1
86 344 3 2 1
336 65 12 9 7
257 436 4 3 2
33 257 4 3 2
44 245 11 9 7
190 86 14 12 10
498 101 9 7 6
190 240 3 2 1
37 211 3 2 1
205 436 7 5 4
442 407 4 3 2
371 119 4 3 2
245 347 6 5 4
407 491 7 6 5
335 257 15 13 10
336 229 7 6 4
101 239 3 2 1
101 121 7 5 4
86 478 6 5 4
423 88 7 5 4
277 33 6 5 4
90 111 3 2 1
426 478 10 9 7
326 335 4 3 2
101 91 14 12 9
130 111 12 10 8
305 33 13 10 8
321 111 13 10 8
72 462 8 6 5
418 491 11 9 7
77 117 10 8 6
124 99 5 4 3
407 372 4 3 2
107 326 12 9 7
211 264 15 12 10
11 494 8 6 5
67 491 3 2 1
321 272 7 6 5
318 2 13 10 8
63 428 14 11 9
462 78 6 5 4
264 52 6 5 4
295 263 5 4 3
177 263 3 2 1
130 454 14 12 10
74 65 9 7 6
117 30 14 11 8
174 74 13 10 9
134 174 11 9 7
12 321 12 10 8
193 326 12 9 7
137 428 11 9 7
481 52 15 12 9
211 132 7 6 5
372 447 4 3 2
86 322 5 4 3
456 272 9 7 5
107 75 6 5 4
273 378 13 10 8
408 371 10 9 7
371 414 14 11 9
339 209 4 3 2
372 23 4 3 2
499 229 10 8 7
99 201 15 11 9
274 174 15 13 10
480 372 15 11 9
85 77 14 11 9
369 44 5 4 3
326 431 15 12 9
290 201 10 8 6
119 122 13 10 8
455 190 11 9 7
344 80 3 2 1
481 64 3 2 1
240 319 3 2 1
485 101 13 11 9
428 219 12 10 8
456 62 16 13 10
383 245 5 4 3
480 237 11 9 7
281 33 7 5 4
117 252 16 12 9
410 85 10 9 8
245 401 12 9 7
86 412 13 11 8
481 246 13 10 8
418 458 12 9 7
318 27 6 4 3
409 122 4 3 2
231 491 11 9 8
135 319 9 7 5
97 357 9 7 5
339 434 9 7 6
74 165 7 6 5
242 44 8 7 5
68 454 10 8 7
97 413 9 7 5
6 74 16 12 9
327 231 9 7 5
141 326 4 3 2
124 158 9 7 5
417 480 3 2 1
119 251 6 5 4
30 40 15 12 10
138 274 5 4 3
369 465 12 10 8
479 426 15 12 10
82 272 10 8 6
476 364 15 12 9
498 109 5 4 3
193 3 3 2 1
412 203 7 5 4
75 419 10 8 7
335 289 3 2 1
298 119 8 6 4
496 141 4 3 2
321 338 8 6 5
33 241 4 3 2
145 409 13 10 8
108 273 7 5 4
36 343 14 11 9
186 40 12 10 8
134 350 12 10 8
19 229 7 5 4
477 322 4 3 2
417 486 12 10 8
458 181 16 12 9
425 174 6 5 4
462 311 5 4 3
193 341 4 3 2
384 277 10 8 6
181 71 14 12 9
244 219 6 4 3
133 3 6 5 4
61 384 11 9 7
142 158 8 6 4
221 78 7 6 5
272 323 14 11 8
62 128 17 13 10
162 419 4 3 2
423 13 7 5 4
218 462 11 9 7
84 209 15 13 10
298 192 12 9 8
180 281 17 13 10
338 216 11 9 7
354 165 3 2 1
266 417 7 6 5
157 160 3 2 1
391 251 5 4 3
395 423 6 4 3
479 202 14 11 9
384 199 11 8 7
145 113 6 5 4
27 208 13 11 8
36 445 7 5 4
3 487 6 5 4
209 131 16 12 9
6 360 15 11 8
318 50 10 8 6
451 216 10 8 7
330 111 4 3 2
434 225 17 13 10
159 268 9 7 6
342 323 9 7 5
370 78 4 3 2
10 354 5 4 3
144 63 10 8 6
480 460 3 2 1
489 67 11 9 7
427 205 4 3 2
24 496 12 10 8
301 113 8 7 6
44 230 5 4 3
34 181 3 2 1
440 341 10 8 6
305 207 12 10 8
95 491 14 12 10
22 160 13 11 9
145 297 8 6 4
156 489 16 12 10
121 103 10 8 6
348 360 15 12 9
188 409 14 12 10
111 41 12 9 7
411 289 3 2 1
269 97 9 7 5
19 421 3 2 1
335 388 9 7 6
269 185 12 10 8
384 87 12 10 8
301 176 5 4 3
286 230 4 3 2
170 240 8 7 5
192 393 13 10 7
122 256 17 13 10
462 373 14 11 8
192 164 3 2 1
388 98 3 2 1
310 388 5 4 3
66 440 9 8 7
381 203 3 2 1
438 322 9 7 5
158 315 13 11 9
28 417 12 10 8
16 156 6 4 3
423 153 8 6 4
336 120 9 7 5
286 443 4 3 2
473 407 12 10 8
444 209 13 10 8
85 282 3 2 1
214 162 13 10 8
206 24 14 11 9
387 16 11 9 7
61 288 5 4 3
445 89 15 12 10
129 19 4 3 2
81 266 5 4 3
371 316 5 4 3
361 122 13 10 8
448 413 9 7 5
134 32 16 12 9
461 354 8 6 5
270 405 9 7 6
162 324 14 11 9
131 368 11 9 7
374 434 3 2 1
41 397 4 3 2
411 446 14 11 9
300 306 6 5 4
357 435 12 9 8
250 316 5 4 3
422 199 14 11 8
384 166 11 9 7
404 72 12 9 7
80 482 8 6 5
322 329 8 6 4
317 290 12 10 8
47 465 11 9 7
423 168 5 4 3
425 254 13 10 8
251 139 17 13 10
38 354 9 7 5
399 218 8 6 4
17 454 8 6 4
203 382 4 3 2
180 439 10 9 7
491 362 5 4 3
258 24 15 12 10
449 447 3 2 1
488 407 6 5 4
448 475 5 4 3
438 337 4 3 2
23 392 17 13 10
353 339 3 2 1
325 368 12 9 7
236 399 6 5 4
428 0 5 4 3
274 243 4 3 2
145 332 9 7 6
365 297 12 10 8
281 416 13 11 9
178 109 13 11 8
300 484 8 6 5
186 21 7 5 4
349 494 10 8 6
477 57 7 5 4
1 128 15 13 10
59 99 7 5 4
389 439 15 12 9
347 293 4 3 2
477 143 5 4 3
255 3 15 12 9
28 235 7 6 4
399 48 16 13 10
454 35 12 9 8
21 291 10 8 6
158 253 12 10 7
180 46 8 6 5
278 382 12 10 8
424 281 4 3 2
65 94 4 3 2
299 404 11 9 7
362 200 9 7 6
436 222 6 5 4
156 146 3 2 1
218 70 11 8 7
15 65 10 8 6
482 217 14 11 9
224 204 16 12 10
256 303 5 4 3
181 197 17 13 10
6 453 14 11 9
396 436 3 2 1
31 286 14 11 9
280 103 10 8 7
430 388 5 4 3
122 55 3 2 1
237 390 6 5 4
80 262 3 2 1
79 84 8 6 4
440 379 9 7 6
394 465 5 4 3
263 497 15 12 10
18 143 11 8 6
471 329 14 12 10
495 454 6 5 4
158 175 11 9 7
39 337 13 11 9
188 154 12 9 8
431 276 13 10 8
50 359 12 9 7
4 124 11 8 6
125 371 12 9 7
192 127 11 9 8
102 410 9 7 5
362 20 15 11 9
215 368 5 4 3
431 92 3 2 1
429 239 3 2 1
296 147 15 13 10
101 267 6 5 4
402 412 8 6 5
180 334 3 2 1
150 336 8 6 5
376 433 8 6 5
39 53 12 10 8
242 400 7 5 4
313 383 7 6 5
277 238 15 12 10
129 226 17 13 10
179 44 4 3 2
372 284 13 10 8
188 173 10 8 7
93 62 12 10 8
69 481 3 2 1
24 352 9 7 5
456 261 17 13 10
265 180 4 3 2
58 451 6 5 4
306 366 9 7 6
302 256 3 2 1
470 17 13 10 8
444 161 4 3 2
172 146 4 3 2
238 351 3 2 1
274 437 15 11 9
313 312 10 8 7
466 263 11 9 8
377 335 6 5 4
242 104 14 11 9
292 15 6 4 3
200 441 16 13 10
191 200 9 7 5
424 105 16 13 10
271 219 12 10 8
60 84 13 11 9
143 459 8 7 5
41 463 3 2 1
88 331 5 4 3
96 296 6 5 4
233 251 11 9 8
367 179 11 9 7
142 260 9 7 5
38 385 3 2 1
196 410 8 6 5
413 450 10 8 6
287 10 3 2 1
43 207 8 6 4
171 235 7 5 4
355 61 14 11 9
193 452 17 13 10
141 51 12 10 8
66 151 4 3 2
83 441 12 9 7
478 136 12 9 7
149 132 15 12 10
328 434 12 9 7
228 332 8 6 5
403 418 4 3 2
368 483 15 12 9
109 294 3 2 1
238 29 6 5 4
430 187 6 4 3
469 396 3 2 1
163 403 17 13 10
345 72 14 12 9
304 205 11 8 6
123 348 3 2 1
358 481 13 10 8
467 215 3 2 1
94 45 4 3 2
334 155 4 3 2
493 370 9 8 6
420 208 13 10 8
434 232 7 5 4
25 240 13 11 9
234 13 3 2 1
457 70 8 6 4
125 308 12 10 8
260 227 3 2 1
307 180 7 5 4
406 193 14 12 9
273 375 7 6 5
206 115 7 5 4
419 14 14 11 9
353 259 9 7 5
8 251 4 3 2
21 5 7 5 4
309 134 11 9 7
282 464 5 4 3
73 41 4 3 2
184 324 10 8 6
213 499 8 6 5
275 414 15 12 9
88 432 12 9 7
140 424 7 5 4
132 249 9 7 6
2 189 10 8 6
397 116 13 10 9
33 167 6 4 3
446 114 11 9 7
152 201 3 2 1
415 4 7 5 4
49 408 9 7 6
273 118 15 12 10
478 398 14 12 10
153 386 14 11 8
10 380 12 9 7
108 54 14 12 10
220 447 11 9 7
122 363 4 3 2
96 194 13 11 9
472 460 9 8 6
289 112 5 4 3
128 314 12 10 8
343 474 14 11 9
137 492 7 5 4
133 340 15 12 9
7 267 5 4 3
492 126 7 5 4
473 56 12 10 8
490 420 3 2 1
169 447 6 4 3
247 451 8 6 5
279 249 3 2 1
272 356 3 2 1
468 20 8 6 5
285 316 4 3 2
183 350 13 10 8
198 361 6 5 4
476 9 14 12 9
428 248 11 9 7
76 23 4 3 2
210 81 4 3 2
95 26 13 11 8
23 110 6 5 4
14 195 7 6 5
283 399 5 4 3
223 258 4 3 2
42 466 4 3 2
281 346 17 13 10
106 476 3 2 1
323 148 3 2 1
473 320 8 6 4
212 200 6 5 4
361 333 15 13 10
233 182 15 12 9
462 100 6 4 3
39 25 8 6 4
44 323 12 10 8
250 135 9 7 5
146 114 11 8 6
185 371 7 5 4
132 143 10 8 6
278 112 10 8 6
88 235 11 9 8
407 353 3 2 1
440 123 16 13 10
415 56 9 7 5
144 95 17 13 10
191 457 5 4 3
133 397 5 4 3
146 211 5 4 3
139 435 6 5 4
112 483 14 11 9
104 329 3 2 1
451 238 15 12 10
205 476 8 6 5
460 109 14 12 10
204 77 4 3 2
202 359 16 13 10
422 83 12 10 8
363 51 16 13 10
263 234 16 13 10
429 182 3 2 1
246 111 13 10 9
171 325 14 11 9
278 31 4 3 2
174 369 11 9 7
376 38 4 3 2
108 405 15 12 9
374 430 8 6 5
336 129 15 12 10
414 490 10 8 6
40 172 14 12 9
192 46 3 2 1
265 336 11 8 6
20 195 14 11 9
82 17 6 4 3
270 233 3 2 1
351 81 14 12 10
348 227 7 5 4
408 142 3 2 1
399 390 3 2 1
473 283 10 8 7
57 465 12 9 7
245 142 10 8 6
367 464 14 11 8
67 404 7 6 5
331 361 11 8 7
156 210 6 4 3
195 59 7 5 4
233 414 13 10 8
264 496 7 5 4
460 83 3 2 1
11 264 16 13 10
75 439 16 12 9
9 194 9 7 6
237 422 17 13 10
373 278 12 9 7
167 12 8 6 4
470 89 3 2 1
298 179 11 8 7
316 364 12 9 7
364 144 5 4 3
381 466 12 10 8
316 465 4 3 2
486 303 6 4 3
205 158 16 13 10
205 275 8 6 4
302 493 15 12 9
177 403 10 8 6
450 491 4 3 2
269 37 17 13 10
103 231 10 8 6
297 330 6 5 4
189 160 8 6 5
366 280 5 4 3
237 86 13 10 8
46 283 4 3 2
371 61 6 4 3
56 467 14 11 9
311 123 15 11 8
383 416 7 5 4
194 328 3 2 1
195 231 9 7 5
368 212 5 4 3
475 320 6 4 3
200 72 9 7 5
196 380 4 3 2
361 94 4 3 2
372 201 12 9 7
247 86 7 5 4
226 358 4 3 2
163 344 5 4 3
4 484 11 9 7
121 453 10 8 7
147 307 4 3 2
443 203 8 6 5
319 443 8 6 5
382 297 13 11 8
419 181 12 9 7
466 483 11 9 7
4 405 9 7 6
233 4 3 2 1
222 380 7 5 4
357 380 10 9 7
377 416 14 11 8
58 117 6 4 3
242 219 17 13 10
135 417 3 2 1
249 0 15 11 8
279 135 3 2 1
160 140 8 7 5
181 5 16 13 10
24 32 14 12 9
326 226 11 9 7
74 91 11 9 7
426 264 8 7 5
199 67 9 7 6
230 267 14 12 9
154 34 16 13 10
223 429 9 7 6
434 212 14 11 9
7
8
4
1
7
10
10
3
9
1
3
8
6
3
8
9
5
8
8
1
1
4
10
1
2
6
2
2
9
5
6
1
4
5
9
2
6
6
7
9
2
2
5
1
10
2
5
2
1
2
2
1
9
2
8
4
6
8
8
7
3
3
9
7
9
2
2
1
8
8
4
10
4
1
6
4
10
1
2
5
7
4
8
9
8
4
8
9
1
1
3
8
6
10
10
4
6
3
1
7
8
1
8
10
10
5
5
4
1
2
4
1
4
6
2
3
7
4
4
2
5
6
2
7
5
2
2
7
8
2
5
10
7
4
5
7
2
10
2
2
2
3
2
4
3
4
8
2
3
6
3
8
2
3
7
7
3
7
1
10
8
9
4
8
1
5
8
7
7
3
1
2
5
7
4
1
2
10
7
2
1
4
1
9
5
6
9
4
10
3
10
10
1
8
9
6
10
3
5
6
10
4
5
9
5
1
2
4
1
2
5
1
7
6
6
10
5
5
6
9
6
8
9
3
10
4
9
9
9
8
2
2
8
7
9
4
8
9
9
7
2
1
4
5
7
2
10
9
3
1
8
6
5
7
8
3
1
1
2
3
3
9
8
7
1
4
4
4
6
8
3
9
3
10
3
1
5
10
4
7
1
9
2
1
10
8
5
8
9
5
8
9
8
4
6
4
2
1
1
9
6
6
9
4
9
6
8
7
10
8
2
1
7
4
2
9
9
8
10
8
3
8
9
7
6
7
9
3
2
9
1
4
2
2
7
10
5
1
9
5
9
2
7
2
5
1
10
4
9
9
4
10
4
5
7
2
7
6
7
1
7
8
4
6
1
7
9
8
10
1
9
4
10
7
5
3
3
3
5
10
3
7
7
8
5
4
1
6
1
6
5
2
3
8
4
7
4
9
5
7
4
3
6
7
4
8
3
9
1
5
5
5
8
9
2
10
8
4
6
3
2
5
4
4
2
5
1
9
8
9
9
10
5
4
7
4
8
3
7
9
3
1
6
7
9
4
6
5
9
9
3
7
3
3
3
2
5
4
1
1
8
9
9
8
7
1
10
6
2
7
4
6
7
1
10
3
2
3
8
5
8
4
1
2
4
7
10
4
5
5
1
3
8
9
1
9
7
7
2
3
