500 625
40 106 15 13 10
40 468 11 9 7
40 391 9 7 6
150 391 12 10 8
116 150 13 11 9
390 40 15 12 10
40 396 10 8 6
116 453 14 12 10
116 292 5 4 3
454 106 11 9 7
390 224 17 13 10
185 391 3 2 1
398 453 13 10 8
391 425 14 11 9
280 40 7 5 4
468 159 4 3 2
349 116 4 3 2
453 354 4 3 2
203 354 15 12 10
127 391 3 2 1
398 16 10 8 6
150 298 7 5 4
350 390 10 8 6
454 445 6 5 4
186 390 3 2 1
78 298 11 9 7
150 22 4 3 2
194 116 8 6 4
498 186 4 3 2
82 78 5 4 3
425 145 16 13 10
349 64 10 8 6
408 82 12 10 8
391 469 6 5 4
245 159 7 6 5
3 82 8 6 5
398 356 8 6 5
190 350 7 5 4
408 369 11 8 6
143 224 7 5 4
187 159 7 6 5
475 349 5 4 3
468 339 10 9 7
75 391 12 10 7
270 468 12 10 8
151 498 13 10 8
314 396 4 3 2
271 151 15 12 10
75 105 12 10 8
151 199 3 2 1
100 22 3 2 1
145 477 4 3 2
473 78 8 7 5
16 275 12 10 8
269 369 10 8 6
487 354 11 8 7
344 356 8 6 5
45 468 14 11 9
73 203 15 12 9
314 124 5 4 3
103 224 12 10 8
145 340 14 11 9
186 107 15 12 10
339 343 15 12 10
344 482 11 9 7
249 22 8 7 6
234 454 4 3 2
76 271 5 4 3
427 124 11 9 7
435 427 13 11 9
398 311 14 11 9
245 59 14 11 9
40 261 14 12 10
66 354 4 3 2
87 477 8 6 4
444 473 6 4 3
469 148 4 3 2
399 435 11 9 7
487 68 12 9 7
378 186 6 5 4
287 143 11 9 7
211 349 3 2 1
364 185 15 13 10
469 417 5 4 3
428 498 9 7 5
98 378 12 10 8
408 273 12 9 7
40 437 7 6 4
66 259 17 13 10
350 450 8 6 5
339 488 3 2 1
395 59 3 2 1
428 238 11 8 7
80 369 6 5 4
107 152 11 8 6
145 122 11 9 7
265 82 7 6 5
450 1 16 13 10
498 140 7 6 5
454 248 11 8 6
488 486 4 3 2
23 450 6 4 3
95 238 11 9 7
408 315 13 11 9
78 213 13 11 9
419 116 12 10 8
415 395 3 2 1
81 82 9 7 6
399 130 4 3 2
400 59 3 2 1
344 490 15 11 8
396 144 10 9 8
121 194 10 8 6
349 200 10 8 6
47 398 7 5 4
391 32 9 7 5
87 178 14 11 8
36 417 4 3 2
124 252 4 3 2
98 388 8 6 4
322 339 3 2 1
66 483 3 2 1
311 409 6 5 4
431 487 5 4 3
78 210 13 11 9
107 223 17 13 10
388 363 12 9 7
11 356 6 4 3
394 400 17 13 10
114 140 5 4 3
331 45 11 9 7
411 409 5 4 3
488 282 9 7 6
454 355 8 6 4
467 151 4 3 2
171 395 5 4 3
435 175 5 4 3
397 185 12 10 8
196 87 7 5 4
473 240 15 12 10
122 375 4 3 2
127 434 8 6 5
45 9 8 6 5
76 120 12 9 7
451 482 7 6 4
163 144 15 12 10
196 267 5 4 3
317 148 16 13 10
280 379 10 8 7
45 0 9 7 5
68 316 4 3 2
139 369 12 10 8
98 324 5 4 3
76 471 3 2 1
287 113 15 13 10
44 391 16 12 9
163 407 10 8 6
217 210 4 3 2
124 244 11 9 7
459 3 5 4 3
114 35 6 5 4
31 64 13 10 8
464 444 11 9 7
8 400 4 3 2
144 111 14 11 8
28 468 4 3 2
389 130 8 6 4
448 314 17 13 10
139 321 4 3 2
16 39 12 9 7
381 419 9 7 5
487 212 7 6 4
462 223 7 5 4
291 315 6 4 3
303 425 13 11 9
15 356 9 7 5
169 311 7 6 5
169 12 7 5 4
476 396 3 2 1
323 187 15 11 8
486 319 15 12 10
128 47 7 5 4
355 336 3 2 1
230 238 14 12 9
111 198 5 4 3
264 487 12 10 8
329 431 4 3 2
486 491 4 3 2
343 293 11 9 7
269 172 11 9 8
420 122 9 7 5
179 273 14 11 8
68 201 15 12 10
382 82 12 9 7
48 287 9 7 6
213 296 8 6 4
437 438 3 2 1
413 32 8 6 5
422 103 13 11 9
295 159 12 9 7
492 419 3 2 1
422 385 10 9 8
92 159 3 2 1
380 81 12 10 8
262 428 3 2 1
446 98 12 10 8
24 434 11 9 7
32 215 15 12 10
86 248 15 12 9
483 330 16 12 10
412 498 14 11 8
95 440 3 2 1
222 491 9 8 6
168 431 9 7 6
355 181 3 2 1
480 130 5 4 3
296 403 7 5 4
172 227 8 6 5
397 125 6 5 4
37 66 13 11 9
272 227 12 9 7
236 408 12 9 7
9 367 4 3 2
327 199 6 4 3
119 367 7 5 4
290 321 16 13 10
157 264 9 8 6
484 336 11 9 7
187 79 6 5 4
359 403 8 7 6
6 486 12 10 8
197 450 3 2 1
180 287 3 2 1
187 19 5 4 3
462 260 12 9 7
75 89 4 3 2
450 442 8 6 4
453 72 6 5 4
4 498 4 3 2
265 374 7 5 4
20 364 13 10 8
168 202 10 7 6
102 343 13 10 8
225 469 9 7 5
240 123 10 8 6
191 80 4 3 2
84 450 6 5 4
104 437 15 12 9
171 126 6 5 4
449 194 16 12 9
286 197 7 5 4
367 281 3 2 1
248 141 12 9 7
489 245 9 7 6
194 326 11 8 6
318 354 5 4 3
35 430 12 10 8
290 70 11 9 7
107 5 13 10 8
167 87 15 12 10
413 10 7 5 4
445 463 3 2 1
189 163 3 2 1
63 389 15 12 10
410 98 13 10 8
366 281 8 6 5
416 409 10 8 6
134 354 14 12 10
77 286 11 9 7
320 190 6 5 4
350 309 4 3 2
397 118 5 4 3
476 455 10 8 6
266 9 17 13 10
88 102 4 3 2
346 359 7 5 4
423 122 4 3 2
220 423 11 9 7
400 115 15 12 10
201 386 17 13 10
131 269 12 10 8
77 67 12 10 8
490 301 13 10 8
356 231 11 8 6
203 373 9 7 5
222 365 16 12 9
42 15 10 9 7
159 138 6 5 4
103 443 4 3 2
345 152 12 9 8
434 65 7 6 5
157 26 14 12 10
432 412 10 8 6
469 494 15 12 10
289 1 9 7 5
102 241 10 8 6
399 90 11 8 6
69 483 15 13 10
416 421 7 5 4
71 269 10 8 6
206 22 3 2 1
474 492 13 11 9
316 219 4 3 2
186 53 15 13 10
339 279 11 9 7
305 3 8 6 5
374 242 7 6 4
496 225 7 6 4
101 4 11 9 7
186 370 12 10 8
429 477 11 9 7
205 301 10 8 7
101 393 3 2 1
35 162 12 10 8
431 243 9 7 5
499 113 14 11 9
482 164 16 12 10
37 277 9 7 5
184 400 8 6 5
226 295 14 11 9
124 306 15 12 9
490 91 17 13 10
60 336 16 13 10
276 12 12 10 8
178 50 13 10 8
427 426 10 8 7
362 122 4 3 2
424 107 12 10 8
117 80 12 10 8
334 163 6 5 4
97 350 12 9 7
325 203 4 3 2
4 414 10 8 6
386 147 15 12 10
253 124 8 6 4
391 257 3 2 1
195 252 14 11 9
481 163 10 8 6
49 143 5 4 3
341 236 7 5 4
498 136 16 12 10
301 439 11 8 6
82 94 8 6 5
291 33 7 5 4
458 443 7 5 4
237 454 9 7 5
207 190 10 7 6
268 59 3 2 1
338 77 15 12 10
348 116 11 8 6
250 496 15 13 10
390 154 5 4 3
265 27 12 9 7
213 110 13 10 7
460 386 4 3 2
260 297 6 4 3
450 7 3 2 1
50 304 3 2 1
218 334 14 12 10
356 18 13 10 8
52 151 4 3 2
254 59 13 10 8
316 85 15 11 9
21 120 4 3 2
388 401 10 8 6
122 41 7 5 4
332 486 4 3 2
164 13 17 13 10
418 379 5 4 3
283 366 5 4 3
271 371 3 2 1
494 156 3 2 1
75 447 5 4 3
210 357 7 6 5
158 427 8 6 4
468 308 11 8 6
62 79 3 2 1
372 148 3 2 1
407 335 10 8 7
199 383 15 12 10
165 323 4 3 2
172 235 8 6 5
19 405 15 12 9
294 119 4 3 2
226 258 14 11 9
71 228 3 2 1
176 451 13 11 9
166 154 15 13 10
151 74 9 7 6
148 274 5 4 3
442 285 11 9 8
414 174 6 5 4
160 130 14 12 10
242 109 10 8 6
342 141 6 4 3
132 462 15 11 9
216 426 10 8 6
173 396 14 12 9
387 242 5 4 3
65 352 8 6 5
427 25 7 5 4
236 361 8 6 4
300 145 12 10 8
317 310 13 11 9
31 93 12 9 7
225 146 3 2 1
66 2 7 5 4
153 373 7 5 4
6 404 9 7 6
234 493 3 2 1
137 494 11 9 7
494 347 3 2 1
58 303 3 2 1
377 195 12 9 7
60 368 3 2 1
94 263 4 3 2
177 27 14 12 9
451 30 11 8 6
170 401 13 10 8
192 442 7 5 4
82 83 3 2 1
333 301 12 10 8
69 209 5 4 3
188 483 7 6 4
56 480 6 4 3
495 348 5 4 3
149 350 11 9 7
161 101 12 9 7
58 246 16 12 9
154 402 13 11 9
394 358 7 5 4
204 237 11 9 7
141 96 14 12 9
142 492 5 4 3
112 439 13 10 8
364 133 3 2 1
179 278 7 5 4
340 247 5 4 3
78 313 8 6 5
167 129 11 9 7
258 433 14 12 9
192 353 5 4 3
12 43 3 2 1
392 298 8 6 5
256 426 3 2 1
376 33 15 12 9
221 234 13 10 8
470 368 3 2 1
271 232 7 5 4
446 99 7 5 4
390 461 7 5 4
328 353 3 2 1
193 212 10 8 7
478 167 12 9 7
194 299 11 9 8
497 325 4 3 2
29 217 6 5 4
472 224 11 9 7
288 376 8 6 5
259 479 10 8 7
155 463 8 6 5
152 337 6 4 3
457 340 3 2 1
376 51 10 9 7
79 55 8 6 4
229 75 6 5 4
322 307 3 2 1
255 437 8 6 5
302 10 3 2 1
409 284 15 12 9
203 208 15 11 9
14 354 7 6 5
184 452 11 8 6
20 441 7 5 4
456 303 11 8 7
370 406 6 4 3
34 107 12 9 7
260 312 16 12 10
17 392 8 6 5
398 214 11 8 6
153 485 11 9 8
251 373 5 4 3
57 452 7 5 4
336 182 5 4 3
61 141 12 9 7
108 492 5 4 3
217 436 6 5 4
50 465 13 11 9
1 135 3 2 1
62 38 6 5 4
309 183 3 2 1
351 377 13 10 8
399 360 8 6 4
466 255 7 5 4
355 384 12 9 7
394 46 12 10 8
62 233 14 12 9
239 367 15 12 9
260 54 13 10 8
185 225 14 11 8
15 482 5 4 3
41 16 5 4 3
192 347 3 2 1
75 269 7 5 4
96 379 12 10 8
405 195 16 13 10
80 315 13 11 9
367 338 8 6 5
20 269 5 4 3
467 496 3 2 1
345 2 11 8 6
495 53 10 8 6
12 180 12 10 8
100 164 11 9 7
452 12 10 8 6
467 314 7 5 4
262 276 15 12 10
174 172 15 12 10
354 96 13 10 8
216 77 13 11 9
94 31 10 8 6
33 446 16 13 10
388 45 4 3 2
80 209 15 12 9
19 202 3 2 1
306 342 4 3 2
52 445 4 3 2
12 477 3 2 1
396 431 14 12 9
270 261 12 10 8
360 85 13 10 8
148 183 10 8 6
229 489 7 5 4
369 290 4 3 2
330 443 15 12 9
356 408 5 4 3
2 54 14 12 9
482 195 17 13 10
339 472 14 11 9
442 138 4 3 2
449 470 7 6 5
89 115 10 9 7
104 51 12 9 7
53 62 7 5 4
51 245 5 4 3
316 380 14 11 9
10 160 6 4 3
156 186 13 11 8
79 182 15 12 9
104 166 13 11 9
75 414 7 5 4
78 248 11 8 6
356 6 4 3 2
166 304 15 12 10
96 282 14 11 9
220 237 12 9 7
119 428 11 9 7
124 15 17 13 10
346 12 6 5 4
32 44 5 4 3
378 251 7 5 4
218 141 4 3 2
16 263 4 3 2
30 207 6 4 3
401 282 13 10 8
261 282 11 9 7
73 231 12 10 8
377 100 8 6 5
127 419 12 9 7
200 37 13 11 8
143 411 6 4 3
259 389 9 7 5
176 367 8 6 4
390 324 6 4 3
350 173 12 9 7
473 172 8 6 5
147 58 15 13 10
486 107 5 4 3
336 393 11 9 7
246 250 17 13 10
426 83 8 7 6
77 304 6 4 3
358 352 7 5 4
84 226 16 12 9
73 417 4 3 2
328 108 6 4 3
461 160 7 5 4
48 392 13 11 8
43 433 4 3 2
180 470 5 4 3
370 111 9 7 6
233 161 8 6 5
80 1 14 11 9
478 297 4 3 2
52 161 13 10 8
444 208 3 2 1
84 447 15 13 10
355 444 15 12 10
314 374 13 10 8
61 8 10 7 6
215 26 5 4 3
357 440 10 8 6
8 100 14 11 9
225 326 5 4 3
363 15 9 7 6
323 40 12 10 8
205 335 9 7 6
102 92 4 3 2
389 33 4 3 2
315 182 17 13 10
1 284 12 9 7
16 303 4 3 2
355 486 6 4 3
328 211 15 12 10
43 84 15 13 10
458 243 16 13 10
260 96 5 4 3
213 484 11 9 7
396 292 3 2 1
43 477 3 2 1
379 355 12 10 8
381 356 5 4 3
145 103 15 12 9
25 215 11 9 7
237 379 12 10 8
7
8
4
1
7
10
10
3
9
1
3
8
6
3
8
9
5
8
8
1
1
4
10
1
2
6
2
2
9
5
6
1
4
5
9
2
6
6
7
9
2
2
5
1
10
2
5
2
1
2
2
1
9
2
8
4
6
8
8
7
3
3
9
7
9
2
2
1
8
8
4
10
4
1
6
4
10
1
2
5
7
4
8
9
8
4
8
9
1
1
3
8
6
10
10
4
6
3
1
7
8
1
8
10
10
5
5
4
1
2
4
1
4
6
2
3
7
4
4
2
5
6
2
7
5
2
2
7
8
2
5
10
7
4
5
7
2
10
2
2
2
3
2
4
3
4
8
2
3
6
3
8
2
3
7
7
3
7
1
10
8
9
4
8
1
5
8
7
7
3
1
2
5
7
4
1
2
10
7
2
1
4
1
9
5
6
9
4
10
3
10
10
1
8
9
6
10
3
5
6
10
4
5
9
5
1
2
4
1
2
5
1
7
6
6
10
5
5
6
9
6
8
9
3
10
4
9
9
9
8
2
2
8
7
9
4
8
9
9
7
2
1
4
5
7
2
10
9
3
1
8
6
5
7
8
3
1
1
2
3
3
9
8
7
1
4
4
4
6
8
3
9
3
10
3
1
5
10
4
7
1
9
2
1
10
8
5
8
9
5
8
9
8
4
6
4
2
1
1
9
6
6
9
4
9
6
8
7
10
8
2
1
7
4
2
9
9
8
10
8
3
8
9
7
6
7
9
3
2
9
1
4
2
2
7
10
5
1
9
5
9
2
7
2
5
1
10
4
9
9
4
10
4
5
7
2
7
6
7
1
7
8
4
6
1
7
9
8
10
1
9
4
10
7
5
3
3
3
5
10
3
7
7
8
5
4
1
6
1
6
5
2
3
8
4
7
4
9
5
7
4
3
6
7
4
8
3
9
1
5
5
5
8
9
2
10
8
4
6
3
2
5
4
4
2
5
1
9
8
9
9
10
5
4
7
4
8
3
7
9
3
1
6
7
9
4
6
5
9
9
3
7
3
3
3
2
5
4
1
1
8
9
9
8
7
1
10
6
2
7
4
6
7
1
10
3
2
3
8
5
8
4
1
2
4
7
10
4
5
5
1
3
8
9
1
9
7
7
2
3
