500 1000
253 374 10 8 6
382 253 9 7 6
246 382 12 10 8
374 486 11 9 7
469 253 8 6 5
486 155 13 10 8
374 498 11 9 7
374 370 4 3 2
155 387 13 10 9
387 77 9 7 5
442 387 17 13 10
77 343 16 12 9
230 253 10 8 6
184 387 12 10 8
442 196 12 9 7
330 155 9 7 5
196 443 7 5 4
442 191 7 5 4
120 443 14 11 9
343 265 11 9 7
246 1 13 10 8
119 343 14 11 9
246 203 11 9 7
353 374 6 5 4
28 353 4 3 2
370 101 14 11 9
370 402 10 8 6
132 353 14 11 8
134 1 5 4 3
132 143 5 4 3
77 103 16 13 10
247 1 5 4 3
105 353 3 2 1
103 48 12 10 8
381 203 6 5 4
101 312 4 3 2
390 230 8 6 5
134 175 7 5 4
238 196 7 5 4
143 207 7 5 4
70 207 3 2 1
132 73 11 9 8
498 18 5 4 3
73 232 14 12 9
390 144 16 13 10
247 446 11 8 6
18 167 4 3 2
184 349 12 9 7
19 207 11 9 7
191 396 16 13 10
340 265 5 4 3
215 48 16 12 10
28 242 3 2 1
287 105 15 12 9
346 191 5 4 3
89 155 9 7 6
132 391 15 12 10
45 191 15 12 10
144 431 14 11 8
210 287 5 4 3
469 61 12 10 8
126 191 5 4 3
181 155 8 6 5
196 40 4 3 2
28 180 11 9 7
210 163 5 4 3
490 381 8 6 5
246 447 8 6 5
469 36 14 12 9
446 329 15 12 10
246 46 11 9 7
177 498 5 4 3
216 46 14 12 10
96 391 9 7 6
88 253 14 11 8
246 403 4 3 2
143 384 14 12 9
443 58 5 4 3
101 213 8 6 5
90 403 9 7 5
53 191 7 5 4
349 282 3 2 1
29 431 14 12 9
45 263 11 9 8
264 1 6 5 4
390 366 5 4 3
391 269 13 10 8
264 407 4 3 2
132 362 13 10 8
306 120 8 6 5
51 215 5 4 3
231 390 4 3 2
430 366 9 7 6
125 134 4 3 2
430 456 10 7 5
61 168 3 2 1
431 261 7 6 5
446 84 14 11 8
362 451 12 10 8
251 282 4 3 2
213 136 3 2 1
454 498 15 11 9
196 466 3 2 1
106 447 14 12 10
90 176 5 4 3
210 326 12 10 8
203 22 15 12 9
181 111 7 5 4
269 221 12 10 8
143 408 15 12 9
344 247 11 8 6
156 344 13 11 9
499 28 10 8 6
346 78 11 9 7
67 442 7 5 4
387 497 9 7 5
363 180 17 13 10
155 369 6 4 3
132 424 3 2 1
456 79 15 12 9
221 333 5 4 3
374 284 14 11 9
166 265 14 12 10
21 96 3 2 1
299 210 13 11 9
421 340 16 12 9
70 159 11 8 6
126 360 3 2 1
269 457 4 3 2
428 106 3 2 1
345 143 14 11 9
81 403 3 2 1
268 353 13 10 8
237 431 9 7 5
53 279 6 5 4
29 245 7 5 4
58 212 4 3 2
213 86 11 9 7
442 404 4 3 2
221 386 9 7 6
388 424 9 7 6
380 353 5 4 3
2 443 4 3 2
430 488 9 7 5
406 184 14 12 9
64 386 10 8 6
245 288 6 5 4
346 271 10 8 6
268 123 9 7 6
181 461 10 8 6
490 303 12 10 8
191 323 5 4 3
89 192 10 8 6
387 27 7 6 5
159 415 10 8 6
243 53 12 9 7
69 181 3 2 1
430 7 14 11 9
54 363 8 7 5
55 238 13 10 8
213 304 4 3 2
86 350 17 13 10
374 124 12 10 8
443 414 11 9 7
5 89 9 7 5
475 126 5 4 3
133 48 9 7 5
264 286 7 5 4
83 132 13 11 9
45 280 14 11 9
328 88 4 3 2
168 217 11 9 7
118 215 7 5 4
137 396 3 2 1
244 124 13 11 9
447 354 8 6 4
158 306 6 5 4
257 181 6 4 3
159 107 3 2 1
164 119 9 7 5
46 162 8 6 5
488 478 7 5 4
382 11 11 9 7
223 36 14 12 9
105 42 12 9 8
493 381 11 9 7
54 104 16 12 9
307 176 3 2 1
255 498 5 4 3
463 221 15 12 10
130 134 12 10 8
241 353 5 4 3
39 451 14 11 9
499 410 5 4 3
249 21 5 4 3
465 499 4 3 2
289 134 16 13 10
315 238 4 3 2
180 341 10 8 6
387 4 11 8 6
266 340 3 2 1
469 9 13 11 9
5 174 11 9 7
279 157 14 12 10
183 349 10 8 6
85 67 12 10 8
476 488 10 8 6
179 244 9 7 6
108 387 4 3 2
299 383 4 3 2
70 468 3 2 1
123 248 15 12 9
485 143 13 11 9
158 218 9 7 6
340 66 13 11 8
186 90 14 11 8
416 238 9 7 5
279 14 5 4 3
92 249 16 13 10
270 498 4 3 2
440 247 8 6 5
180 80 4 3 2
107 385 4 3 2
59 402 14 11 8
346 448 12 9 7
419 181 8 6 4
393 323 5 4 3
222 108 13 11 9
470 230 14 12 10
371 70 5 4 3
221 202 11 9 7
357 73 11 9 7
419 484 10 9 7
149 39 6 5 4
289 459 3 2 1
488 398 16 12 9
22 198 11 9 7
472 493 15 13 10
397 380 3 2 1
255 399 5 4 3
89 236 13 10 8
267 488 13 10 8
334 2 8 6 5
111 356 3 2 1
260 202 5 4 3
465 87 5 4 3
127 27 5 4 3
23 90 10 8 6
365 238 9 7 6
318 207 11 8 6
362 16 4 3 2
430 420 17 13 10
7 33 4 3 2
316 111 3 2 1
278 424 4 3 2
338 365 6 5 4
184 467 3 2 1
20 490 12 10 8
13 257 8 6 5
55 394 13 11 9
254 133 3 2 1
209 16 4 3 2
390 491 4 3 2
67 453 11 9 7
150 70 3 2 1
310 48 7 5 4
240 461 11 9 7
404 367 13 11 9
274 404 4 3 2
129 408 11 9 8
167 336 12 9 7
394 171 17 13 10
405 459 3 2 1
194 282 14 11 8
188 360 11 9 7
491 60 12 9 7
469 56 8 7 5
77 75 13 11 9
216 52 13 11 9
474 318 4 3 2
260 178 12 10 8
397 411 11 9 7
375 424 14 11 9
213 47 8 6 4
258 143 12 9 7
73 12 8 6 4
379 279 7 6 5
97 288 10 8 6
265 199 7 5 4
145 188 9 7 6
210 319 7 6 5
276 133 13 11 9
59 332 12 10 7
450 97 4 3 2
325 390 3 2 1
412 106 13 11 8
218 195 14 11 9
100 61 11 9 7
159 112 13 10 8
97 364 10 8 6
164 296 9 7 5
410 314 16 13 10
391 197 16 13 10
399 300 15 13 10
230 219 3 2 1
226 269 7 5 4
382 228 5 4 3
116 267 3 2 1
477 5 15 12 10
201 53 6 5 4
333 295 11 9 7
58 449 5 4 3
273 16 16 13 10
30 431 10 8 7
272 246 10 8 6
296 317 12 9 7
432 431 12 9 8
290 428 15 12 9
88 135 7 5 4
16 0 9 7 6
154 388 9 7 5
401 30 10 8 6
139 241 3 2 1
337 237 6 5 4
259 194 13 10 8
368 88 5 4 3
275 5 3 2 1
429 194 14 12 10
206 158 6 5 4
434 88 6 5 4
396 193 6 4 3
418 1 14 12 10
336 359 4 3 2
123 239 13 10 8
391 128 16 12 9
162 409 14 12 10
311 359 9 7 5
480 192 4 3 2
459 65 6 5 4
192 62 15 12 10
394 38 8 6 5
271 389 15 11 9
216 378 4 3 2
117 403 8 6 5
496 213 7 5 4
37 97 8 6 4
392 360 4 3 2
262 14 13 11 9
410 313 9 7 6
63 184 3 2 1
175 204 9 8 6
56 172 14 11 9
180 417 7 5 4
193 49 3 2 1
181 160 5 4 3
142 144 13 10 8
208 65 9 7 6
107 113 3 2 1
138 236 3 2 1
426 239 10 8 7
253 492 5 4 3
327 156 13 10 8
391 285 6 4 3
43 369 12 10 8
143 331 4 3 2
363 169 3 2 1
177 320 16 12 9
444 367 6 4 3
200 78 7 5 4
229 61 15 12 10
276 95 8 6 5
376 84 4 3 2
109 337 14 11 9
20 82 11 9 7
250 176 3 2 1
248 72 12 9 7
83 294 4 3 2
470 189 9 7 6
94 365 4 3 2
319 348 10 8 6
296 141 14 11 9
494 316 4 3 2
146 344 15 12 9
193 17 17 13 10
416 437 6 5 4
400 350 8 6 5
298 316 3 2 1
383 335 14 12 9
74 60 15 12 10
266 110 15 12 9
220 66 8 6 5
342 236 3 2 1
69 473 12 10 8
105 225 3 2 1
377 498 16 12 10
182 176 7 5 4
490 57 3 2 1
307 44 4 3 2
423 87 4 3 2
292 117 8 6 5
358 419 13 10 8
418 445 4 3 2
435 92 15 12 10
477 190 12 10 8
112 471 13 10 8
98 279 6 4 3
37 436 15 12 10
84 487 3 2 1
489 360 9 7 6
53 24 3 2 1
394 301 16 13 10
490 352 9 7 5
296 281 15 12 9
336 483 14 11 9
391 31 3 2 1
465 372 10 8 6
152 9 7 6 4
433 389 17 13 10
185 95 15 12 10
464 493 15 12 10
245 91 8 6 5
205 457 11 9 7
383 321 6 5 4
320 361 4 3 2
494 41 12 9 7
455 405 15 12 9
452 414 7 6 5
160 308 7 5 4
472 324 11 8 6
148 312 5 4 3
124 50 9 7 6
174 495 7 5 4
255 15 9 7 5
418 140 12 10 8
250 425 12 9 7
476 71 9 7 5
93 494 12 9 7
234 380 8 6 4
373 364 9 7 6
224 352 3 2 1
115 299 14 12 9
185 395 7 5 4
8 48 3 2 1
32 418 15 12 10
283 379 3 2 1
288 252 16 13 10
76 100 8 6 5
413 493 4 3 2
256 376 4 3 2
309 264 8 6 5
322 49 3 2 1
352 6 5 4 3
191 211 15 12 10
479 197 12 9 7
57 339 11 9 8
121 397 4 3 2
202 439 8 7 6
235 127 4 3 2
158 102 15 11 9
474 277 8 7 6
36 34 15 12 10
202 233 17 13 10
214 60 14 12 10
311 305 15 13 10
438 168 9 7 5
227 403 14 12 10
68 64 14 11 9
476 147 9 7 6
3 188 9 7 5
436 302 13 10 8
72 481 15 11 9
341 355 3 2 1
338 170 12 9 7
57 441 15 11 9
99 394 7 5 4
187 406 6 4 3
191 35 13 10 8
161 413 3 2 1
426 427 14 11 9
70 293 17 13 10
284 25 5 4 3
319 351 7 6 4
26 480 15 12 10
462 53 3 2 1
128 173 17 13 10
347 168 9 8 6
165 417 3 2 1
318 458 13 11 9
453 153 6 5 4
237 114 7 6 5
397 151 9 8 6
374 10 7 5 4
209 482 10 8 6
291 381 4 3 2
131 418 4 3 2
422 311 5 4 3
270 460 8 7 5
297 273 9 7 5
57 122 3 2 1
182 234 3 2 1
4 109 12 10 8
210 405 10 8 6
443 72 16 12 9
167 147 16 12 10
263 484 9 7 5
234 416 5 4 3
136 269 6 5 4
139 474 11 9 7
477 156 9 7 5
411 300 3 2 1
216 113 12 9 7
424 291 4 3 2
77 39 11 9 7
357 157 4 3 2
116 29 10 8 6
347 434 5 4 3
122 365 10 8 6
259 401 11 9 8
406 98 12 9 7
495 35 3 2 1
495 452 10 8 6
15 357 16 13 10
74 122 6 5 4
144 345 12 10 7
409 178 9 7 5
186 65 13 11 9
445 177 8 6 5
245 33 15 12 10
318 436 3 2 1
319 74 12 10 8
39 279 14 11 9
370 91 17 13 10
406 139 4 3 2
320 197 13 10 8
52 271 10 8 6
323 403 12 10 7
68 121 5 4 3
410 320 11 8 6
34 62 14 11 9
285 360 17 13 10
215 466 12 10 9
12 92 14 12 10
379 468 6 4 3
179 80 14 11 9
373 6 4 3 2
470 68 8 6 5
498 298 17 13 10
52 496 8 7 5
451 435 10 8 6
163 164 4 3 2
422 89 7 5 4
43 61 16 12 9
418 484 12 9 7
107 379 3 2 1
62 278 4 3 2
118 166 14 11 9
406 297 3 2 1
483 346 11 8 6
82 262 5 4 3
224 13 12 9 7
402 446 3 2 1
65 94 3 2 1
115 57 3 2 1
427 119 11 8 7
490 440 4 3 2
211 414 12 10 8
338 333 3 2 1
177 67 11 9 7
340 15 4 3 2
333 434 7 6 4
391 398 3 2 1
161 350 12 10 7
354 37 10 8 6
197 189 4 3 2
437 395 16 12 9
105 254 13 10 8
253 9 10 9 7
411 476 5 4 3
365 194 3 2 1
405 225 10 8 6
194 48 6 5 4
221 215 8 6 4
275 327 14 11 9
93 1 8 6 4
279 388 4 3 2
269 483 6 4 3
169 38 4 3 2
26 317 3 2 1
150 117 3 2 1
486 331 12 9 7
150 330 14 11 9
172 409 16 12 10
76 160 4 3 2
304 334 6 4 3
455 32 14 11 9
407 66 9 7 5
446 135 4 3 2
278 295 12 9 8
494 140 4 3 2
126 77 10 7 6
26 453 9 7 6
21 424 10 8 6
135 379 9 7 5
139 170 15 12 9
460 41 12 10 8
464 116 12 10 8
321 370 8 6 5
341 182 6 5 4
173 333 12 10 7
85 303 12 9 7
280 366 13 10 8
313 139 14 12 10
255 295 4 3 2
238 56 12 10 8
165 229 15 13 10
27 203 9 7 5
116 298 12 10 8
382 55 5 4 3
125 392 13 11 9
106 330 5 4 3
291 386 5 4 3
263 431 5 4 3
55 244 9 7 5
297 224 5 4 3
131 371 3 2 1
317 474 17 13 10
50 414 7 6 5
19 467 7 5 4
478 213 5 4 3
244 253 13 11 8
214 54 7 5 4
203 79 6 5 4
197 205 16 12 9
175 425 10 8 6
232 352 4 3 2
310 112 15 12 10
76 233 3 2 1
360 37 14 11 9
95 360 4 3 2
131 260 8 6 4
267 206 10 9 7
89 457 8 6 5
203 306 8 7 5
457 408 5 4 3
496 389 16 12 9
446 167 13 11 9
109 145 12 10 8
184 450 8 7 5
189 326 3 2 1
394 216 14 12 10
489 278 6 5 4
295 492 10 8 6
1 480 11 9 7
361 90 5 4 3
452 451 9 7 5
122 361 4 3 2
433 363 3 2 1
455 487 14 12 9
194 496 13 11 9
371 433 11 8 6
41 401 8 6 5
72 312 6 5 4
324 145 3 2 1
267 96 7 6 4
495 404 15 12 10
449 305 11 9 7
419 414 16 12 9
22 284 16 13 10
476 470 6 4 3
133 174 7 6 5
497 390 15 12 10
354 191 17 13 10
214 347 10 8 6
23 487 3 2 1
269 484 4 3 2
187 386 14 12 9
302 393 4 3 2
470 221 11 9 7
190 337 11 9 7
278 183 5 4 3
72 349 5 4 3
222 175 5 4 3
306 410 9 7 6
55 461 16 13 10
178 399 7 6 5
162 95 11 9 7
18 429 14 11 9
361 96 11 9 7
62 493 7 5 4
191 497 4 3 2
323 227 13 10 8
285 171 15 12 9
496 499 13 10 8
252 340 10 7 6
389 160 14 12 10
399 52 9 7 6
134 497 5 4 3
235 346 4 3 2
37 307 10 8 6
249 342 14 11 9
69 427 12 9 7
26 264 9 7 6
188 115 13 10 8
498 384 9 7 6
399 341 11 8 7
50 394 12 9 7
436 120 13 10 8
1 365 10 8 7
69 389 4 3 2
188 81 3 2 1
277 211 12 10 9
11 74 10 8 6
295 372 9 8 6
162 483 16 12 10
368 488 8 7 5
23 367 11 9 8
311 456 3 2 1
359 427 8 6 5
446 141 5 4 3
237 141 9 7 5
240 108 8 6 4
445 299 8 6 5
209 432 3 2 1
178 225 4 3 2
171 138 5 4 3
467 63 3 2 1
303 266 16 12 10
486 147 10 9 7
425 265 5 4 3
449 338 12 10 9
464 197 4 3 2
267 200 13 10 8
481 10 9 7 5
197 54 11 9 7
248 402 11 8 6
73 444 4 3 2
359 335 3 2 1
223 108 9 7 5
472 85 17 13 10
84 58 14 11 8
322 465 4 3 2
353 222 12 9 7
278 386 16 13 10
44 17 17 13 10
34 309 9 7 5
59 69 8 7 6
443 475 12 10 8
187 17 6 5 4
79 75 8 6 4
440 175 14 12 10
7 249 11 9 7
318 49 10 8 6
233 156 3 2 1
339 498 5 4 3
243 18 13 11 9
89 342 3 2 1
299 152 14 11 8
123 345 3 2 1
62 7 4 3 2
95 349 14 11 9
222 330 4 3 2
81 150 12 9 7
133 159 7 6 5
443 290 16 12 10
38 277 12 9 7
469 380 14 11 9
228 479 8 7 6
60 18 3 2 1
390 62 6 4 3
362 297 15 12 9
123 425 12 9 7
194 415 14 12 9
135 274 5 4 3
253 41 3 2 1
76 213 4 3 2
129 240 9 7 5
398 480 4 3 2
79 374 8 6 4
484 118 9 7 5
406 235 13 10 7
349 105 12 10 8
141 333 11 9 7
293 381 11 8 7
262 437 11 8 6
17 119 4 3 2
146 106 5 4 3
393 345 9 7 5
343 131 17 13 10
393 431 14 12 9
434 226 8 6 5
320 11 5 4 3
418 167 7 6 5
246 242 12 9 7
0 260 4 3 2
402 140 11 9 7
208 434 7 6 4
150 58 3 2 1
91 357 7 6 5
386 307 9 7 5
48 216 6 4 3
284 393 13 10 8
391 178 5 4 3
270 0 3 2 1
243 484 3 2 1
93 202 3 2 1
471 63 9 7 5
268 307 10 8 6
418 66 13 10 9
325 151 10 8 6
220 376 11 9 7
386 193 10 8 6
92 88 9 7 5
68 301 5 4 3
485 423 9 7 6
245 260 4 3 2
45 12 5 4 3
421 74 17 13 10
451 462 12 10 8
52 367 9 7 6
102 307 9 7 6
452 432 3 2 1
180 97 9 7 6
96 288 4 3 2
44 68 12 9 7
191 489 3 2 1
21 406 12 10 8
167 194 9 7 5
14 273 7 5 4
440 312 9 7 6
190 184 15 12 10
265 102 3 2 1
303 25 9 7 5
45 442 16 12 10
45 278 5 4 3
45 26 11 9 7
403 357 6 5 4
240 329 6 5 4
406 58 9 7 6
307 383 12 9 8
26 491 4 3 2
244 394 11 8 6
160 465 6 5 4
497 405 3 2 1
154 406 10 8 6
268 81 3 2 1
280 221 3 2 1
131 253 10 8 6
444 126 5 4 3
147 58 9 7 5
346 104 17 13 10
97 127 3 2 1
264 13 14 12 10
115 492 11 9 7
218 46 14 12 10
176 238 14 12 10
249 357 13 10 8
271 137 12 9 7
212 492 14 12 9
122 44 15 12 9
320 326 9 7 6
10 250 5 4 3
190 488 8 7 5
173 55 15 13 10
164 345 5 4 3
437 193 10 8 6
385 47 10 8 6
20 286 12 10 9
144 226 8 6 5
268 5 15 12 9
364 343 12 10 8
418 154 6 5 4
461 233 8 6 4
168 333 7 5 4
391 91 17 13 10
481 174 14 12 10
264 416 3 2 1
310 77 5 4 3
361 410 14 11 9
337 231 10 8 6
300 307 3 2 1
14 211 5 4 3
460 193 8 6 5
306 147 13 11 9
28 252 8 6 5
195 49 4 3 2
246 7 13 10 9
298 211 8 6 4
168 311 11 9 7
292 44 7 5 4
138 159 16 12 9
403 419 7 5 4
58 250 5 4 3
199 175 5 4 3
50 175 5 4 3
107 100 11 9 7
330 110 16 13 10
168 265 17 13 10
251 137 3 2 1
402 191 13 10 8
396 328 14 12 10
10 112 12 10 8
121 46 5 4 3
379 428 5 4 3
6 55 4 3 2
257 8 5 4 3
62 151 8 6 5
200 56 4 3 2
19 259 13 11 9
158 6 16 12 9
393 358 17 13 10
238 287 5 4 3
494 497 5 4 3
281 399 14 12 10
272 344 6 5 4
478 286 8 6 4
133 196 4 3 2
104 163 16 13 10
99 110 13 10 8
467 499 10 7 6
288 343 7 5 4
482 32 11 9 7
407 458 9 7 5
155 383 17 13 10
426 249 11 9 7
400 219 5 4 3
180 450 8 6 5
276 136 13 11 9
418 40 14 11 9
432 495 8 6 4
334 156 14 11 9
222 197 5 4 3
134 442 3 2 1
306 261 9 7 6
30 474 3 2 1
393 250 13 10 9
419 394 10 8 6
138 452 13 10 8
158 71 12 10 8
285 78 7 5 4
13 97 5 4 3
146 419 4 3 2
54 43 12 9 7
148 96 10 8 6
293 350 4 3 2
386 122 6 5 4
422 483 6 5 4
326 230 4 3 2
233 81 15 12 10
78 199 13 11 9
426 145 3 2 1
82 195 12 10 8
333 441 14 12 10
96 321 10 7 6
256 366 11 9 7
189 276 9 7 6
313 70 4 3 2
244 286 3 2 1
449 55 6 4 3
281 168 7 5 4
270 444 15 12 10
163 188 13 11 9
395 141 4 3 2
95 419 3 2 1
297 13 6 4 3
333 460 13 11 8
478 98 3 2 1
51 442 15 13 10
341 22 13 11 9
201 187 4 3 2
327 463 12 10 8
135 10 13 10 8
45 293 5 4 3
472 299 10 8 7
7 139 12 10 7
381 123 5 4 3
79 60 5 4 3
428 19 5 4 3
273 106 6 4 3
70 351 11 8 6
270 278 11 9 7
54 428 7 5 4
189 150 8 6 5
185 150 11 9 8
410 263 9 7 5
12 214 4 3 2
115 73 15 13 10
90 118 11 9 7
228 366 14 11 8
125 198 13 11 9
321 113 15 12 10
233 155 4 3 2
435 167 9 7 6
123 315 9 7 6
483 478 11 8 6
146 409 5 4 3
345 438 6 4 3
283 413 12 9 7
157 369 6 5 4
11 220 6 5 4
459 174 10 8 7
3
2
8
3
9
3
4
8
8
8
8
5
4
7
7
9
6
8
10
1
9
3
6
10
2
5
5
1
3
10
3
1
10
5
2
2
5
10
7
1
7
9
4
2
3
9
4
7
9
10
4
4
6
10
10
9
4
6
4
9
5
2
8
4
1
5
1
7
5
5
2
5
8
8
8
2
10
10
6
1
5
1
6
9
5
7
1
5
10
4
4
6
1
4
7
6
1
5
7
5
8
2
3
2
5
6
9
9
1
6
1
7
10
1
6
1
6
5
5
2
3
4
2
2
7
3
10
9
2
4
7
5
8
9
3
9
2
4
2
9
9
6
2
9
10
10
6
9
4
2
4
2
7
6
4
7
5
9
10
4
2
6
10
3
3
3
5
3
10
3
4
10
10
6
7
6
8
3
10
9
7
6
10
4
9
9
7
1
1
5
8
10
4
1
2
8
3
9
9
8
7
9
5
8
7
1
8
10
5
2
2
2
3
1
8
4
8
5
10
6
3
10
9
9
3
9
10
8
3
10
7
4
5
1
7
5
3
6
9
1
5
10
1
5
5
7
5
8
7
10
1
10
7
1
5
2
6
8
8
1
5
1
4
2
8
10
3
6
5
6
3
9
4
8
10
2
2
10
9
7
8
6
8
9
10
2
5
2
6
5
7
6
7
4
6
3
8
3
5
4
6
4
3
5
2
8
5
6
8
3
4
7
7
4
9
5
6
1
8
2
2
7
8
6
3
5
2
1
10
7
2
3
10
5
8
7
6
3
10
1
9
7
1
4
10
6
9
2
6
9
4
7
10
5
5
10
1
9
3
2
1
7
5
8
7
2
4
2
8
4
1
3
4
2
4
1
5
2
6
7
7
8
8
5
8
7
3
5
9
7
3
7
4
8
3
6
3
1
1
10
8
6
5
8
1
10
1
5
10
4
9
3
10
6
1
9
6
5
5
10
7
3
2
3
1
1
7
9
1
6
1
8
6
4
2
7
2
5
8
4
1
2
4
8
6
6
9
3
5
4
5
3
10
1
7
3
2
5
1
7
3
6
10
7
3
2
8
8
6
1
4
1
5
10
10
6
7
2
1
5
7
10
4
7
2
2
2
6
2
6
7
6
7
10
3
7
9
4
9
7
