500 1000
71 287 9 7 5
71 118 3 2 1
237 118 5 4 3
237 193 4 3 2
287 339 3 2 1
316 71 8 6 5
175 71 10 8 6
193 298 9 8 6
118 211 12 9 8
175 83 3 2 1
370 71 5 4 3
228 71 17 13 10
175 439 12 9 7
365 211 11 9 7
173 316 10 8 6
223 316 17 13 10
233 237 13 10 8
302 339 13 10 8
175 187 7 5 4
339 60 5 4 3
116 175 4 3 2
256 316 10 8 6
182 370 8 7 5
315 211 7 6 5
339 294 3 2 1
382 287 13 10 8
211 76 10 8 6
46 365 16 13 10
194 365 16 13 10
173 149 9 7 5
36 228 13 11 9
383 233 10 8 6
83 78 15 13 10
228 4 12 10 8
303 36 5 4 3
249 182 5 4 3
4 295 11 8 7
175 347 14 11 9
142 83 6 4 3
370 201 12 9 7
249 213 5 4 3
39 295 11 9 8
325 339 8 7 5
36 441 5 4 3
439 217 4 3 2
64 71 7 5 4
399 116 6 5 4
62 194 8 6 5
217 166 8 6 5
194 58 11 9 7
139 399 14 12 9
279 58 16 12 10
60 45 14 12 9
39 374 3 2 1
405 83 8 6 5
78 356 8 6 5
39 1 4 3 2
421 439 8 6 5
313 142 10 8 6
142 158 15 13 10
173 319 3 2 1
139 68 7 5 4
223 196 15 12 10
66 303 12 10 8
194 145 5 4 3
69 68 5 4 3
181 149 8 6 5
342 213 8 6 5
1 176 6 5 4
308 64 10 8 7
326 194 16 13 10
421 391 10 8 7
20 76 4 3 2
298 446 14 11 9
326 417 5 4 3
68 463 8 6 5
68 323 4 3 2
24 46 8 6 5
66 271 9 7 6
217 97 9 7 5
196 335 3 2 1
217 317 4 3 2
37 69 12 10 8
339 373 8 6 5
196 380 3 2 1
149 351 5 4 3
454 4 6 4 3
441 411 15 13 10
176 210 4 3 2
206 308 8 6 5
315 346 8 6 5
315 283 9 7 6
139 420 6 4 3
243 342 15 13 10
60 275 3 2 1
174 339 10 8 6
17 206 7 6 5
71 364 11 9 7
68 393 12 10 8
87 399 6 4 3
175 419 11 9 7
279 160 13 10 8
463 401 12 10 8
160 388 8 7 6
187 443 11 9 7
342 348 6 5 4
367 158 11 9 7
370 472 5 4 3
130 68 13 11 9
119 58 3 2 1
337 294 15 11 8
62 375 14 12 10
328 364 7 5 4
469 417 9 7 5
201 389 15 12 9
364 110 14 11 9
66 397 12 9 7
208 175 14 11 8
99 206 9 7 6
319 479 9 7 5
401 436 10 8 6
80 149 15 12 10
315 353 11 9 7
303 197 15 13 10
42 441 11 9 8
55 271 6 4 3
248 335 16 12 9
10 388 15 11 8
299 210 8 6 4
211 376 11 9 7
104 196 6 5 4
420 15 14 12 10
20 481 12 9 7
174 406 3 2 1
181 89 5 4 3
73 193 5 4 3
346 493 9 7 5
177 472 10 8 6
174 253 8 6 5
425 201 9 7 6
306 173 7 5 4
233 242 9 7 6
313 157 6 4 3
223 266 17 13 10
86 116 8 7 5
314 353 3 2 1
120 472 5 4 3
233 224 11 9 7
243 85 8 6 5
391 77 13 10 8
66 309 3 2 1
19 463 10 8 6
308 147 10 8 6
460 68 12 10 8
434 110 12 10 8
138 295 3 2 1
156 80 3 2 1
193 426 14 11 9
119 96 5 4 3
131 118 17 13 10
15 433 4 3 2
392 69 17 13 10
421 27 6 5 4
239 317 9 7 5
234 196 15 12 9
435 224 7 6 5
397 200 5 4 3
269 64 11 8 6
13 287 11 9 7
283 202 8 6 5
105 317 14 11 9
256 82 4 3 2
488 45 11 8 7
99 53 9 7 5
476 46 8 7 5
12 346 13 10 7
173 458 6 5 4
311 1 8 6 5
52 10 11 9 7
193 171 17 13 10
71 144 6 5 4
27 272 4 3 2
71 81 3 2 1
292 76 10 8 6
153 80 3 2 1
475 347 16 13 10
115 405 16 12 9
37 498 9 7 5
272 168 13 11 8
334 52 8 6 5
19 429 10 8 6
406 332 8 6 4
82 180 4 3 2
419 270 8 6 4
347 450 14 11 9
454 59 5 4 3
386 45 9 7 5
247 104 4 3 2
41 342 10 8 6
249 229 15 11 8
72 168 14 12 10
85 265 5 4 3
425 357 3 2 1
489 332 7 6 5
31 269 3 2 1
356 207 15 12 9
239 93 12 10 8
247 172 6 5 4
61 272 17 13 10
56 265 12 9 8
462 326 4 3 2
429 236 16 13 10
130 440 9 8 6
489 29 8 6 5
314 331 16 13 10
349 295 16 13 10
288 4 13 10 8
5 353 6 5 4
177 170 4 3 2
484 279 6 5 4
301 68 5 4 3
429 362 8 6 4
335 74 13 11 8
418 279 13 10 7
412 314 14 11 9
284 373 11 9 7
133 479 12 10 8
298 14 4 3 2
53 369 4 3 2
373 444 3 2 1
493 289 15 12 10
233 0 9 7 5
334 140 10 9 7
303 260 14 11 9
227 271 17 13 10
80 368 17 13 10
448 266 16 13 10
455 332 11 9 7
243 263 5 4 3
497 306 7 5 4
2 315 5 4 3
393 442 6 4 3
220 349 13 10 8
238 234 4 3 2
136 166 12 10 8
51 224 6 5 4
81 222 7 6 5
7 86 16 13 10
209 275 3 2 1
178 399 17 13 10
353 307 16 12 9
492 365 6 4 3
239 18 12 9 7
456 180 16 12 10
120 212 9 7 5
64 137 11 9 7
263 132 4 3 2
353 327 11 9 7
396 376 9 7 6
469 453 15 12 10
128 247 10 8 7
23 37 9 7 5
375 340 13 10 7
57 61 15 12 10
308 111 7 5 4
335 482 15 12 10
385 292 5 4 3
113 86 6 5 4
307 387 6 5 4
22 51 13 11 9
16 323 10 8 6
139 21 4 3 2
166 474 4 3 2
476 487 9 7 5
256 44 3 2 1
237 363 16 12 9
266 100 15 13 10
221 289 6 5 4
276 301 11 9 7
212 146 7 5 4
465 4 4 3 2
342 400 3 2 1
220 297 8 6 5
279 473 13 10 7
8 275 9 7 5
305 256 17 13 10
472 403 14 12 10
30 458 10 8 6
372 196 7 5 4
54 44 7 5 4
383 70 5 4 3
436 490 13 11 9
486 83 4 3 2
196 423 4 3 2
209 394 17 13 10
379 110 8 7 5
225 340 12 9 7
275 345 3 2 1
142 252 15 11 9
172 184 10 8 6
322 450 14 11 9
478 194 16 13 10
418 408 12 9 7
318 105 5 4 3
80 84 16 13 10
198 433 3 2 1
246 332 3 2 1
253 148 4 3 2
290 460 11 9 7
159 389 10 8 6
261 181 3 2 1
256 464 3 2 1
242 47 5 4 3
356 43 6 5 4
372 452 13 11 9
457 171 4 3 2
135 342 12 9 8
223 165 7 5 4
18 226 6 4 3
282 212 9 7 6
499 5 4 3 2
224 273 4 3 2
236 155 10 8 6
441 25 10 8 6
98 168 7 5 4
87 94 5 4 3
242 438 10 8 6
153 277 4 3 2
243 88 12 10 8
75 210 10 8 7
161 276 6 4 3
151 302 5 4 3
75 33 10 8 6
266 34 4 3 2
13 154 9 7 5
285 176 14 12 10
444 112 10 8 6
360 308 13 10 8
145 281 12 10 8
116 485 4 3 2
349 430 4 3 2
235 24 3 2 1
293 472 12 9 7
45 125 7 5 4
225 324 11 9 8
209 67 4 3 2
274 120 8 6 5
133 91 6 5 4
481 244 15 12 10
146 218 6 4 3
370 79 4 3 2
417 192 3 2 1
299 255 3 2 1
127 455 8 6 4
412 459 7 5 4
151 377 7 5 4
456 92 14 11 9
345 267 17 13 10
28 486 6 5 4
4 250 3 2 1
415 168 14 11 8
497 291 13 10 8
214 210 6 4 3
34 300 7 6 5
215 116 13 11 9
171 26 11 9 7
45 189 4 3 2
310 322 16 12 9
313 483 3 2 1
492 278 12 10 8
127 134 9 7 6
446 9 13 10 8
213 6 8 6 5
219 132 10 8 6
251 237 5 4 3
77 381 9 7 5
379 404 4 3 2
65 158 3 2 1
48 293 11 9 8
227 106 8 6 5
218 232 16 13 10
11 116 8 6 5
216 386 16 13 10
366 229 3 2 1
496 383 9 7 5
394 129 5 4 3
169 334 9 7 6
283 150 14 12 9
427 351 8 6 5
402 168 16 13 10
133 205 15 12 10
106 470 13 11 9
312 227 7 6 5
8 461 9 7 5
475 398 12 9 7
453 63 11 8 6
121 274 7 5 4
437 215 15 13 10
397 123 3 2 1
141 379 7 5 4
216 185 12 9 7
366 114 9 7 5
63 343 14 11 9
359 461 7 6 5
420 241 6 4 3
468 425 17 13 10
298 338 12 9 8
158 103 7 5 4
117 242 9 7 6
264 66 14 11 9
39 491 15 12 9
355 8 4 3 2
33 296 11 9 7
49 281 12 9 7
153 480 7 6 5
354 205 7 5 4
117 101 14 12 9
436 191 8 6 4
407 379 8 6 5
126 302 14 11 9
231 34 15 12 10
336 478 12 10 8
89 280 11 9 7
99 122 7 6 4
95 484 4 3 2
437 431 10 8 6
3 339 3 2 1
495 497 12 9 7
89 390 3 2 1
445 149 12 10 8
44 422 3 2 1
146 195 3 2 1
321 17 3 2 1
482 230 12 10 8
259 425 7 5 4
174 257 11 9 7
286 116 12 9 7
406 109 10 8 6
266 143 7 5 4
155 352 10 8 6
344 326 10 8 6
178 304 15 12 9
288 204 11 9 7
410 193 4 3 2
167 469 4 3 2
240 71 10 8 6
329 113 8 6 5
467 146 15 12 10
314 333 12 9 7
497 320 3 2 1
48 330 11 8 7
90 454 13 10 8
371 30 13 10 9
384 399 5 4 3
310 432 9 7 6
392 183 3 2 1
115 350 10 8 7
428 464 8 6 4
211 199 8 6 5
188 388 8 7 6
189 186 3 2 1
413 443 15 11 8
462 378 3 2 1
190 467 6 5 4
175 451 9 7 5
404 494 9 7 6
299 424 8 6 5
466 413 4 3 2
449 370 3 2 1
73 358 4 3 2
361 165 12 9 7
198 38 5 4 3
341 100 16 12 9
71 50 6 4 3
395 467 4 3 2
245 307 11 8 6
271 179 10 8 6
254 328 3 2 1
295 268 6 4 3
290 477 13 10 8
302 258 13 11 9
409 90 14 12 9
24 203 15 12 10
152 226 6 5 4
376 164 7 5 4
35 475 14 12 9
192 447 8 7 5
447 102 5 4 3
107 70 12 10 8
163 243 11 9 7
495 414 3 2 1
272 416 13 10 8
108 325 9 7 5
124 451 12 9 7
144 471 17 13 10
262 424 13 11 9
358 32 14 12 9
136 162 9 7 5
292 40 9 7 5
384 337 15 12 9
137 76 16 13 10
426 215 6 5 4
202 80 3 2 1
487 178 10 7 6
399 430 14 12 9
120 365 15 12 9
218 26 4 3 2
187 172 14 11 9
97 359 15 12 9
400 405 4 3 2
176 102 10 7 5
101 291 5 4 3
143 464 15 13 10
320 42 3 2 1
204 280 4 3 2
197 207 5 4 3
240 245 8 6 5
97 209 10 8 7
469 344 6 4 3
352 38 5 4 3
255 463 14 11 8
360 363 4 3 2
389 64 3 2 1
125 219 8 6 4
87 119 16 13 10
145 389 4 3 2
55 267 11 8 7
68 272 14 11 9
70 307 10 8 6
230 376 9 8 6
203 447 11 8 7
483 375 8 6 4
477 32 9 7 6
12 319 12 9 7
4 80 14 11 8
175 314 9 8 6
4 39 4 3 2
126 297 9 7 5
395 129 3 2 1
372 308 12 9 7
115 354 14 12 10
454 453 10 9 7
295 72 6 4 3
283 471 12 9 7
490 289 15 12 10
214 192 9 7 6
270 386 3 2 1
79 228 10 8 6
370 246 17 13 10
85 253 9 8 7
153 459 14 11 9
141 165 17 13 10
183 83 15 12 10
164 362 9 7 6
343 116 9 7 6
145 52 10 8 6
342 209 15 12 9
175 234 3 2 1
285 135 6 5 4
499 6 5 4 3
29 255 6 4 3
69 437 16 12 9
407 341 9 7 5
166 416 8 6 5
317 32 10 7 5
149 344 7 6 5
46 90 8 6 5
288 130 12 10 8
81 314 10 7 5
273 422 11 9 7
188 254 12 9 7
301 448 12 10 7
5 53 3 2 1
474 293 4 3 2
37 64 13 10 8
196 452 10 8 6
91 102 4 3 2
223 162 7 5 4
382 227 9 7 5
58 347 13 10 8
310 465 5 4 3
134 359 8 6 4
331 323 8 6 5
163 414 11 8 6
265 457 12 9 8
127 98 6 4 3
383 398 7 5 4
39 214 15 13 10
158 79 3 2 1
473 206 15 12 9
350 198 9 7 6
162 310 3 2 1
35 289 15 12 10
415 145 11 8 6
299 3 5 4 3
378 168 14 12 9
494 449 13 11 8
361 167 9 7 6
89 105 16 13 10
371 353 8 6 5
188 371 3 2 1
212 456 5 4 3
97 166 17 13 10
425 295 5 4 3
374 363 6 5 4
173 482 11 9 7
207 163 5 4 3
35 487 13 11 9
351 8 5 4 3
251 44 12 9 7
132 372 16 12 9
395 253 12 10 8
249 105 15 11 8
213 329 12 10 8
256 422 8 7 5
277 180 10 8 6
108 485 6 5 4
159 8 5 4 3
409 225 5 4 3
288 290 15 13 10
493 403 5 4 3
469 39 14 12 9
408 406 14 11 8
219 4 13 11 9
72 42 14 11 9
283 310 3 2 1
236 156 10 9 7
76 131 7 5 4
88 75 5 4 3
190 239 10 9 7
155 82 13 10 8
208 497 16 13 10
187 2 6 4 3
408 447 10 8 6
17 488 8 7 5
153 129 9 7 6
270 245 15 13 10
14 203 5 4 3
386 236 13 11 9
438 83 9 7 5
420 343 5 4 3
132 379 8 6 5
480 339 14 12 9
407 264 9 7 5
436 439 11 8 6
240 495 3 2 1
223 492 12 10 8
439 214 13 11 8
450 343 7 6 5
308 341 5 4 3
145 348 4 3 2
424 202 14 12 9
63 356 10 8 6
275 193 4 3 2
278 487 5 4 3
316 449 6 5 4
130 233 15 12 9
145 317 4 3 2
428 251 9 8 7
291 142 17 13 10
190 418 11 8 6
442 10 14 12 10
405 57 4 3 2
238 307 7 6 4
225 443 14 11 9
214 491 11 9 7
143 480 17 13 10
25 117 9 7 5
104 142 11 8 6
481 232 6 5 4
19 72 12 9 7
318 265 6 4 3
156 443 8 6 4
343 169 6 5 4
163 78 15 12 10
408 158 3 2 1
427 119 6 4 3
220 154 9 7 5
319 314 11 9 7
141 463 6 5 4
402 328 3 2 1
330 272 7 5 4
188 36 5 4 3
454 359 16 13 10
357 426 5 4 3
417 459 15 12 10
352 331 8 6 5
86 353 4 3 2
297 371 12 9 8
139 476 15 13 10
115 117 11 8 6
119 136 10 8 6
369 232 3 2 1
12 6 16 12 10
144 295 5 4 3
197 419 9 7 6
222 174 12 10 8
336 167 12 10 8
418 386 14 12 9
499 470 8 6 5
148 420 14 11 9
81 171 5 4 3
39 45 7 5 4
100 4 8 6 5
343 310 3 2 1
444 411 17 13 10
440 455 10 8 6
354 102 12 10 9
337 426 5 4 3
398 334 11 9 7
364 351 12 10 9
261 71 13 10 8
463 49 9 8 6
23 383 15 11 9
292 311 4 3 2
413 490 11 9 8
362 324 9 7 6
292 341 3 2 1
109 391 5 4 3
398 460 5 4 3
275 162 8 6 4
160 463 3 2 1
85 227 16 13 10
348 161 10 8 6
5 257 8 6 5
311 216 8 6 4
5 31 12 9 7
153 356 5 4 3
349 456 5 4 3
172 390 14 12 10
55 461 6 5 4
5 184 10 8 6
286 408 13 10 8
375 343 14 11 9
70 397 9 7 5
118 374 12 9 7
409 187 10 8 6
324 485 13 11 8
290 206 9 7 5
464 430 10 8 6
243 394 13 11 9
456 291 7 5 4
300 5 9 7 5
391 84 9 7 5
485 407 4 3 2
303 225 6 5 4
131 282 6 5 4
75 325 3 2 1
39 440 16 12 9
312 235 13 11 9
191 369 4 3 2
447 494 7 5 4
23 296 3 2 1
54 327 7 6 5
445 443 11 9 8
312 110 4 3 2
186 230 15 12 9
459 260 10 8 7
1 218 13 11 9
361 480 7 5 4
311 72 9 7 6
484 342 9 7 6
397 212 10 9 7
13 297 4 3 2
416 359 13 10 8
224 492 12 9 8
301 265 5 4 3
117 2 13 10 7
199 191 7 5 4
8 256 16 13 10
94 204 16 12 9
374 471 4 3 2
177 20 4 3 2
497 14 14 12 10
214 281 8 6 5
149 2 3 2 1
483 214 10 8 6
441 30 16 13 10
31 24 8 6 4
436 352 15 12 9
126 197 4 3 2
115 257 14 12 9
3 152 7 5 4
82 376 4 3 2
87 456 10 8 6
359 193 4 3 2
133 31 5 4 3
205 116 17 13 10
58 464 4 3 2
155 235 11 8 7
141 85 10 8 7
142 109 8 7 6
178 350 6 4 3
169 98 13 11 9
373 484 3 2 1
67 403 15 13 10
207 279 15 13 10
413 328 5 4 3
400 121 10 8 6
194 241 9 7 5
237 278 15 11 9
394 304 4 3 2
444 438 10 8 6
165 118 4 3 2
91 57 8 7 5
275 124 10 8 6
66 249 7 5 4
473 197 15 12 10
248 93 10 8 6
425 137 9 8 6
261 90 9 7 5
55 169 5 4 3
150 302 10 8 6
318 298 7 6 5
436 53 16 12 10
182 194 15 12 10
174 10 5 4 3
369 490 10 8 6
187 260 5 4 3
118 146 10 8 7
308 27 7 6 5
59 430 12 9 7
450 42 8 6 5
374 432 14 11 9
136 105 7 5 4
493 119 12 10 8
329 153 10 8 6
420 49 5 4 3
292 340 8 6 5
474 261 5 4 3
456 112 14 11 9
270 83 17 13 10
382 266 4 3 2
277 308 9 7 5
463 147 8 7 5
57 178 5 4 3
61 176 6 5 4
180 434 11 9 8
479 417 6 4 3
12 213 16 12 9
463 126 17 13 10
94 149 11 9 7
231 458 16 13 10
331 65 13 11 8
485 355 12 9 7
453 491 13 11 9
78 348 3 2 1
249 204 11 9 7
352 231 4 3 2
129 365 8 6 4
101 219 13 10 8
78 386 5 4 3
89 458 13 11 9
155 59 10 8 6
416 281 14 12 10
378 480 17 13 10
205 3 14 11 8
336 142 12 10 8
282 291 16 13 10
403 234 4 3 2
110 284 4 3 2
85 24 6 5 4
488 295 4 3 2
327 408 5 4 3
367 408 3 2 1
410 227 7 6 4
268 394 11 9 8
176 321 8 6 5
355 96 13 11 8
245 268 5 4 3
115 144 8 7 6
296 104 12 9 7
374 188 4 3 2
78 216 4 3 2
482 68 5 4 3
216 205 7 6 5
459 276 3 2 1
117 37 7 5 4
262 449 9 7 5
63 75 5 4 3
178 466 14 12 10
322 375 4 3 2
149 384 14 12 10
284 482 4 3 2
482 69 6 5 4
132 410 4 3 2
41 267 17 13 10
124 79 11 9 7
116 122 13 10 8
85 106 7 5 4
400 332 13 10 8
241 31 5 4 3
28 134 11 9 7
228 456 13 11 8
299 1 14 11 9
232 457 5 4 3
251 408 8 6 4
456 260 13 10 7
412 387 7 5 4
13 367 13 11 9
38 293 12 10 8
143 189 16 13 10
152 452 5 4 3
224 244 7 5 4
132 481 7 6 5
379 356 4 3 2
404 375 16 12 9
383 416 5 4 3
257 59 11 8 6
391 194 7 5 4
485 215 9 7 5
409 343 4 3 2
227 246 3 2 1
30 475 11 9 8
191 452 17 13 10
40 133 12 10 8
495 303 3 2 1
261 405 6 4 3
496 105 3 2 1
255 269 9 7 6
357 205 4 3 2
142 117 10 8 6
201 247 13 10 7
317 290 4 3 2
263 233 4 3 2
106 445 10 8 7
187 331 7 6 5
121 34 5 4 3
284 376 16 12 9
313 109 7 5 4
306 67 9 7 5
76 430 15 12 10
117 271 9 7 6
200 146 16 12 9
366 204 12 9 8
378 115 8 7 5
287 264 9 7 6
74 311 5 4 3
177 399 4 3 2
334 72 5 4 3
101 346 5 4 3
2 432 3 2 1
163 380 14 11 8
372 108 8 7 5
41 349 3 2 1
383 296 13 11 9
456 428 5 4 3
379 39 10 8 6
101 170 5 4 3
289 79 11 8 6
376 297 5 4 3
434 212 14 12 10
384 114 13 10 8
79 454 9 7 5
492 231 6 4 3
374 455 10 8 6
84 105 11 9 8
316 43 6 4 3
10 285 11 8 7
359 435 15 12 10
189 240 7 6 5
335 22 15 12 9
106 448 11 9 8
238 411 17 13 10
224 408 10 8 6
419 27 10 7 6
305 180 8 7 5
156 74 4 3 2
462 272 3 2 1
159 450 15 12 10
442 289 7 5 4
453 87 8 6 5
225 321 9 7 6
260 249 5 4 3
242 137 3 2 1
211 445 6 5 4
495 299 14 12 10
91 207 7 5 4
295 469 16 12 10
386 190 3 2 1
318 253 10 8 7
336 466 12 9 8
54 371 3 2 1
13 70 11 9 7
487 474 6 4 3
417 109 9 7 5
21 388 4 3 2
172 479 5 4 3
307 129 8 7 6
282 237 6 5 4
94 29 5 4 3
64 97 6 4 3
358 93 13 10 8
425 124 11 8 6
90 217 11 9 7
284 350 9 7 6
340 369 9 7 5
0 135 4 3 2
79 25 9 7 5
219 95 10 8 7
3
2
8
3
9
3
4
8
8
8
8
5
4
7
7
9
6
8
10
1
9
3
6
10
2
5
5
1
3
10
3
1
10
5
2
2
5
10
7
1
7
9
4
2
3
9
4
7
9
10
4
4
6
10
10
9
4
6
4
9
5
2
8
4
1
5
1
7
5
5
2
5
8
8
8
2
10
10
6
1
5
1
6
9
5
7
1
5
10
4
4
6
1
4
7
6
1
5
7
5
8
2
3
2
5
6
9
9
1
6
1
7
10
1
6
1
6
5
5
2
3
4
2
2
7
3
10
9
2
4
7
5
8
9
3
9
2
4
2
9
9
6
2
9
10
10
6
9
4
2
4
2
7
6
4
7
5
9
10
4
2
6
10
3
3
3
5
3
10
3
4
10
10
6
7
6
8
3
10
9
7
6
10
4
9
9
7
1
1
5
8
10
4
1
2
8
3
9
9
8
7
9
5
8
7
1
8
10
5
2
2
2
3
1
8
4
8
5
10
6
3
10
9
9
3
9
10
8
3
10
7
4
5
1
7
5
3
6
9
1
5
10
1
5
5
7
5
8
7
10
1
10
7
1
5
2
6
8
8
1
5
1
4
2
8
10
3
6
5
6
3
9
4
8
10
2
2
10
9
7
8
6
8
9
10
2
5
2
6
5
7
6
7
4
6
3
8
3
5
4
6
4
3
5
2
8
5
6
8
3
4
7
7
4
9
5
6
1
8
2
2
7
8
6
3
5
2
1
10
7
2
3
10
5
8
7
6
3
10
1
9
7
1
4
10
6
9
2
6
9
4
7
10
5
5
10
1
9
3
2
1
7
5
8
7
2
4
2
8
4
1
3
4
2
4
1
5
2
6
7
7
8
8
5
8
7
3
5
9
7
3
7
4
8
3
6
3
1
1
10
8
6
5
8
1
10
1
5
10
4
9
3
10
6
1
9
6
5
5
10
7
3
2
3
1
1
7
9
1
6
1
8
6
4
2
7
2
5
8
4
1
2
4
8
6
6
9
3
5
4
5
3
10
1
7
3
2
5
1
7
3
6
10
7
3
2
8
8
6
1
4
1
5
10
10
6
7
2
1
5
7
10
4
7
2
2
2
6
2
6
7
6
7
10
3
7
9
4
9
7
