500 1000
122 190 9 7 5
122 378 9 7 6
190 424 4 3 2
190 20 8 7 6
20 265 11 9 8
255 20 4 3 2
288 190 5 4 3
233 20 12 10 8
265 183 3 2 1
233 358 9 7 5
255 179 12 9 7
358 41 16 12 9
378 485 7 5 4
62 190 4 3 2
275 358 13 10 8
380 275 9 7 5
253 265 14 11 9
378 379 6 4 3
270 122 7 5 4
448 275 16 13 10
122 313 14 11 9
237 288 7 5 4
41 278 4 3 2
245 20 14 12 10
62 234 4 3 2
107 233 9 7 5
453 190 11 9 7
485 486 8 6 4
170 278 16 13 10
265 37 3 2 1
380 134 3 2 1
486 447 4 3 2
363 237 9 8 6
255 435 12 10 8
222 313 5 4 3
448 61 10 8 6
408 486 4 3 2
368 288 16 12 10
255 300 3 2 1
424 102 15 12 10
369 300 7 6 5
17 234 12 10 9
434 62 13 11 8
435 299 3 2 1
162 17 10 8 6
237 240 13 10 8
446 363 15 13 10
358 354 13 10 8
122 120 3 2 1
336 299 11 9 7
234 415 9 8 6
368 57 6 4 3
245 208 8 7 5
134 67 15 12 9
48 234 4 3 2
65 336 11 8 7
250 234 15 12 10
275 151 5 4 3
482 380 8 6 4
233 99 3 2 1
453 29 4 3 2
485 63 9 7 6
31 233 15 12 10
61 193 4 3 2
371 250 7 6 5
482 492 5 4 3
424 341 14 11 9
359 363 8 6 5
275 373 10 8 6
371 109 8 6 5
403 67 14 11 9
180 300 7 5 4
386 485 3 2 1
424 442 9 7 6
446 411 3 2 1
237 414 7 5 4
77 485 11 9 7
487 482 5 4 3
468 41 15 11 9
65 10 13 11 9
460 10 15 12 9
365 300 7 6 5
369 399 15 13 10
244 373 8 6 5
278 5 10 8 6
368 38 8 6 5
250 39 16 12 10
481 20 10 9 7
372 208 13 10 8
341 232 3 2 1
138 403 5 4 3
162 188 12 10 9
113 65 6 4 3
446 356 11 9 7
372 410 17 13 10
275 301 4 3 2
399 112 12 10 8
65 155 8 6 4
446 126 3 2 1
290 486 11 8 6
243 299 11 9 7
305 379 16 12 10
38 93 6 5 4
138 454 14 12 10
209 179 13 11 9
454 127 10 8 6
127 476 8 6 4
241 162 8 6 5
404 232 14 12 10
358 267 3 2 1
275 405 12 9 7
482 483 8 7 6
385 245 13 10 8
469 222 4 3 2
243 169 15 12 9
351 41 3 2 1
483 428 11 8 6
482 202 9 7 5
311 122 6 5 4
373 268 3 2 1
105 237 10 8 6
267 55 14 11 9
253 83 6 5 4
359 402 4 3 2
411 499 5 4 3
266 232 6 4 3
483 58 3 2 1
253 51 9 7 5
213 385 8 6 4
340 126 3 2 1
386 309 14 11 9
57 464 14 12 10
300 200 4 3 2
455 38 4 3 2
305 196 12 10 8
57 259 7 5 4
454 168 4 3 2
372 256 6 5 4
89 259 5 4 3
327 183 3 2 1
486 252 15 12 10
313 264 4 3 2
333 188 6 4 3
368 148 10 8 6
65 413 8 7 5
481 417 10 8 6
476 110 12 10 8
263 386 11 9 7
164 222 4 3 2
207 380 5 4 3
14 255 7 6 5
138 475 6 5 4
418 127 5 4 3
83 261 12 10 8
429 442 3 2 1
343 67 8 6 4
454 272 10 8 6
7 263 13 10 8
239 148 6 5 4
452 341 4 3 2
38 324 6 5 4
237 473 17 13 10
471 414 14 11 9
271 268 9 7 5
186 245 9 7 5
453 226 7 6 5
77 125 5 4 3
167 492 3 2 1
278 95 13 11 9
152 48 15 12 10
432 429 11 9 7
152 13 13 11 8
31 439 15 11 9
337 169 13 10 8
63 277 3 2 1
252 258 17 13 10
373 33 11 9 8
411 334 6 4 3
10 459 16 13 10
112 87 9 7 5
257 272 10 8 7
145 446 11 8 7
487 472 6 5 4
63 158 4 3 2
444 459 12 9 8
58 106 3 2 1
345 239 8 6 4
62 457 6 4 3
454 141 13 11 8
376 167 9 7 6
117 275 10 8 6
22 271 8 6 4
201 468 4 3 2
21 234 4 3 2
65 361 5 4 3
388 376 5 4 3
272 396 4 3 2
394 372 7 5 4
192 164 7 6 5
416 439 12 9 7
446 211 4 3 2
182 442 8 7 6
414 139 5 4 3
222 1 3 2 1
109 347 12 10 8
209 35 16 13 10
57 497 10 8 6
428 491 3 2 1
100 120 3 2 1
226 430 11 8 7
324 54 16 13 10
258 173 12 9 7
31 352 6 5 4
431 182 14 11 9
70 472 10 8 6
259 395 3 2 1
4 469 9 7 5
285 241 6 5 4
111 448 5 4 3
403 66 8 7 6
186 366 14 11 9
26 245 9 7 5
264 175 13 11 8
35 282 6 4 3
299 441 10 8 6
201 0 9 7 5
401 51 10 9 7
298 410 6 5 4
485 90 13 11 9
396 370 3 2 1
358 68 11 9 7
292 125 16 13 10
385 436 3 2 1
102 238 5 4 3
368 230 3 2 1
185 448 9 7 5
284 202 11 9 7
438 256 6 5 4
386 91 3 2 1
183 470 3 2 1
364 270 5 4 3
449 35 6 4 3
1 357 9 7 6
106 210 3 2 1
251 299 4 3 2
386 53 4 3 2
358 44 10 8 6
179 362 10 8 6
82 58 12 10 8
51 96 4 3 2
150 259 13 10 8
279 127 4 3 2
35 154 7 5 4
349 55 13 10 8
490 311 9 7 5
322 438 12 10 8
321 14 14 12 10
134 135 8 6 5
390 89 8 6 5
406 282 15 12 10
18 253 10 8 7
471 88 12 10 7
440 188 9 7 5
97 88 9 7 6
445 264 14 11 9
444 143 10 8 7
258 60 8 6 4
194 448 3 2 1
456 67 15 13 10
274 88 11 9 8
159 44 12 9 7
23 365 15 12 9
103 120 3 2 1
356 3 10 8 6
155 350 10 8 6
381 345 16 12 9
490 42 12 10 8
185 32 6 5 4
391 309 3 2 1
249 430 7 5 4
131 35 8 7 5
231 173 11 9 7
113 437 4 3 2
377 77 6 4 3
265 254 9 7 5
434 306 3 2 1
39 64 6 5 4
104 386 14 12 9
8 245 4 3 2
476 177 16 12 10
172 402 5 4 3
388 43 5 4 3
125 235 3 2 1
142 306 14 11 9
278 412 3 2 1
401 289 15 13 10
163 492 14 11 9
130 168 15 13 10
122 74 7 5 4
126 280 14 11 8
491 137 6 5 4
275 276 11 9 7
269 20 16 13 10
484 349 3 2 1
224 324 11 9 7
169 81 8 6 5
195 58 14 12 9
127 46 8 7 5
422 200 14 11 9
60 260 12 10 8
344 70 5 4 3
443 482 7 5 4
96 189 15 12 9
498 340 7 6 5
315 284 6 5 4
108 333 15 12 10
69 436 7 5 4
389 327 16 13 10
214 244 6 4 3
494 239 8 6 5
229 77 13 10 7
461 200 10 8 6
45 213 6 5 4
18 426 3 2 1
264 157 8 6 5
99 307 11 9 8
115 45 4 3 2
294 39 10 8 6
270 384 12 10 8
195 34 10 8 7
31 140 8 6 4
149 239 7 6 5
147 214 7 6 5
423 396 3 2 1
343 342 6 4 3
135 15 5 4 3
269 367 3 2 1
431 52 10 8 6
160 131 14 12 10
444 225 13 10 9
335 211 4 3 2
99 346 17 13 10
255 247 15 11 9
86 365 16 12 10
466 415 3 2 1
242 126 14 11 8
172 219 15 11 9
186 433 7 6 5
493 26 5 4 3
290 409 17 13 10
478 213 15 13 10
51 273 14 11 9
118 333 3 2 1
109 25 14 11 8
378 325 12 9 7
6 38 4 3 2
305 184 6 5 4
76 48 16 12 9
378 382 6 5 4
264 419 8 6 5
467 403 9 7 5
475 191 12 9 7
73 270 3 2 1
200 156 8 7 6
124 460 13 11 9
1 407 9 7 5
225 303 3 2 1
296 66 9 7 5
26 287 4 3 2
330 315 12 10 8
227 448 8 6 5
490 328 11 9 7
479 87 13 10 8
193 9 3 2 1
47 7 14 11 8
94 243 16 12 9
339 464 12 9 7
44 19 4 3 2
329 354 15 12 10
147 474 8 6 5
116 130 11 9 7
37 495 9 7 6
351 228 5 4 3
125 331 12 9 7
191 425 9 7 5
317 124 8 6 5
483 212 11 9 8
393 163 13 11 8
318 150 3 2 1
345 216 4 3 2
353 384 5 4 3
163 98 6 5 4
421 483 4 3 2
321 397 4 3 2
47 161 7 5 4
85 342 16 12 10
56 402 4 3 2
80 452 3 2 1
176 324 4 3 2
152 297 6 4 3
374 335 8 6 5
221 484 14 11 8
28 213 5 4 3
436 171 11 9 7
104 320 16 12 10
24 90 16 12 9
326 167 9 7 6
248 428 8 6 5
398 60 14 11 9
133 221 13 10 8
451 469 3 2 1
404 166 10 8 6
84 452 3 2 1
198 353 3 2 1
475 92 9 7 6
319 234 9 7 5
192 332 9 8 6
294 375 4 3 2
383 148 8 6 5
381 128 14 11 9
82 304 12 9 7
425 36 12 10 8
410 144 12 10 8
283 180 3 2 1
470 129 6 4 3
435 12 9 7 5
175 286 4 3 2
314 152 15 11 9
463 238 12 9 7
27 267 12 10 8
109 101 8 6 5
318 262 10 8 6
236 286 4 3 2
378 392 3 2 1
236 291 9 7 5
280 199 14 11 9
48 204 14 11 9
71 456 16 13 10
427 82 8 6 5
261 59 10 8 6
316 148 5 4 3
266 489 15 12 9
153 251 8 6 4
6 462 7 5 4
312 332 5 4 3
121 464 10 8 6
252 218 12 9 7
217 385 4 3 2
12 205 4 3 2
247 477 11 9 8
178 179 3 2 1
2 336 13 10 8
93 246 10 8 7
236 49 3 2 1
60 72 11 9 8
263 203 9 7 6
302 1 10 8 7
188 78 8 6 4
450 363 3 2 1
191 310 14 12 10
323 438 12 10 8
223 224 17 13 10
146 337 6 5 4
5 30 5 4 3
416 187 16 13 10
382 387 9 7 6
101 308 3 2 1
291 119 10 8 7
40 332 3 2 1
174 414 5 4 3
125 181 4 3 2
10 496 7 6 5
355 376 17 13 10
465 145 4 3 2
360 126 8 6 5
352 293 6 4 3
281 258 12 9 7
75 465 13 10 8
165 305 13 10 8
348 467 7 5 4
50 406 3 2 1
16 116 11 9 7
123 391 4 3 2
400 497 9 7 5
11 119 14 11 9
349 295 4 3 2
145 338 8 7 5
197 47 7 6 5
411 206 10 8 6
83 458 14 12 10
114 78 11 9 7
79 487 4 3 2
136 77 4 3 2
132 328 9 7 6
420 28 12 9 7
480 200 11 9 7
220 386 13 11 8
125 488 5 4 3
448 215 14 11 9
316 415 5 4 3
235 349 11 9 7
384 420 12 10 8
19 386 16 12 9
167 130 16 12 10
472 167 9 7 5
212 326 4 3 2
174 162 8 7 6
96 9 3 2 1
109 407 4 3 2
310 123 13 10 8
19 96 12 9 7
118 198 11 9 7
251 473 14 12 9
294 290 11 9 7
263 378 11 9 7
27 25 8 6 5
67 205 13 10 8
232 384 10 8 7
7 458 9 7 6
67 455 3 2 1
4 19 9 7 5
299 34 10 8 6
145 493 4 3 2
194 322 8 6 4
395 473 8 6 4
58 1 8 7 6
382 491 9 7 6
379 113 14 11 9
407 4 6 5 4
300 51 9 8 6
202 31 6 4 3
165 288 5 4 3
340 395 11 8 7
24 81 3 2 1
7 289 8 6 4
302 205 5 4 3
28 51 10 8 6
110 482 4 3 2
337 142 5 4 3
240 274 11 8 6
482 388 11 9 8
490 113 10 9 7
235 267 17 13 10
384 285 4 3 2
460 6 15 12 10
457 404 13 10 8
82 407 4 3 2
286 309 11 9 7
146 488 10 8 6
107 267 7 6 5
403 241 9 7 6
313 256 3 2 1
262 20 7 5 4
131 430 9 7 6
375 222 14 11 9
350 327 15 12 10
27 371 3 2 1
344 152 7 5 4
70 193 14 11 9
191 83 13 10 8
280 10 4 3 2
287 468 17 13 10
252 368 11 9 7
147 219 7 5 4
412 169 7 5 4
135 187 14 12 10
304 245 15 12 10
12 90 8 6 5
293 420 8 6 4
407 110 14 12 9
136 65 14 11 8
127 408 10 8 6
473 290 5 4 3
297 54 7 5 4
125 35 13 10 8
432 360 5 4 3
145 113 10 9 7
332 33 5 4 3
107 21 16 13 10
349 342 13 10 8
461 209 14 12 10
271 254 11 8 6
360 486 9 7 6
267 340 12 9 7
73 205 12 9 8
220 47 14 11 9
89 315 16 13 10
104 308 14 12 9
295 394 3 2 1
242 224 8 6 4
108 271 8 6 5
145 174 6 4 3
249 171 7 5 4
305 2 6 4 3
249 282 13 10 8
424 285 15 13 10
71 390 11 9 7
225 153 15 12 10
272 173 4 3 2
194 30 8 6 5
218 166 5 4 3
420 98 16 13 10
56 16 3 2 1
423 292 15 12 9
392 327 6 5 4
349 192 14 12 10
95 224 8 6 5
445 389 5 4 3
441 370 14 11 8
189 444 4 3 2
309 1 17 13 10
85 245 12 10 8
122 78 3 2 1
434 286 8 6 5
396 20 7 6 4
151 479 4 3 2
45 479 16 13 10
59 289 5 4 3
469 363 5 4 3
76 400 14 12 9
20 427 3 2 1
492 327 4 3 2
384 493 11 9 7
199 432 14 12 10
90 362 5 4 3
195 49 17 13 10
356 180 7 6 5
359 429 4 3 2
383 339 7 6 4
330 461 4 3 2
237 252 13 10 8
330 224 12 10 8
379 341 13 10 8
146 287 14 11 9
117 408 5 4 3
437 1 9 7 6
209 263 14 12 9
102 418 3 2 1
402 421 7 6 5
484 156 15 12 9
403 284 10 9 7
370 73 5 4 3
136 242 7 6 4
384 405 16 13 10
65 169 11 8 6
356 4 8 7 6
364 438 6 5 4
271 301 3 2 1
252 134 7 6 5
191 459 11 9 8
250 400 6 5 4
354 250 14 12 9
382 85 5 4 3
488 339 4 3 2
81 196 3 2 1
379 54 14 12 10
31 252 4 3 2
346 274 9 8 6
78 356 10 9 8
234 109 12 9 7
451 123 4 3 2
254 211 4 3 2
106 305 5 4 3
318 321 7 6 4
179 271 3 2 1
463 225 16 13 10
42 135 12 9 7
498 5 4 3 2
156 202 8 6 4
189 474 14 12 10
379 164 5 4 3
117 77 12 9 7
254 335 8 6 4
320 114 5 4 3
387 165 5 4 3
116 87 8 7 5
497 149 11 8 6
191 270 5 4 3
233 440 5 4 3
337 414 12 10 9
251 201 12 10 8
379 255 14 11 9
197 145 7 6 5
483 282 15 12 9
163 136 12 10 8
210 348 5 4 3
468 363 15 12 10
411 368 12 10 8
332 490 15 12 10
204 161 4 3 2
70 277 11 8 6
241 480 5 4 3
246 174 10 8 6
91 300 7 5 4
44 42 13 11 9
349 33 10 8 7
361 107 8 6 5
413 441 12 10 8
482 391 5 4 3
209 474 15 12 10
304 275 15 12 10
268 69 7 6 5
400 266 15 12 9
372 181 14 11 9
335 186 3 2 1
156 239 16 12 9
6 268 3 2 1
257 76 6 5 4
190 38 5 4 3
293 7 15 13 10
15 150 14 12 10
97 439 10 8 6
265 163 12 10 8
68 277 11 8 7
313 403 4 3 2
444 272 10 8 7
490 262 15 11 9
129 139 8 6 5
127 465 10 8 6
444 128 15 13 10
493 455 10 7 5
373 396 12 9 8
360 221 4 3 2
322 470 3 2 1
193 47 13 10 8
145 75 11 9 7
211 146 7 5 4
1 219 9 8 6
25 108 12 10 8
89 88 4 3 2
489 170 9 8 6
369 420 16 13 10
274 341 11 8 6
302 495 10 8 6
265 72 13 10 8
218 80 13 10 8
488 322 10 8 6
144 13 13 11 8
261 43 3 2 1
229 233 17 13 10
269 371 13 11 9
147 30 10 8 6
229 496 11 9 7
32 132 12 9 7
82 253 14 11 8
101 196 7 6 5
314 372 12 10 8
151 71 5 4 3
103 7 11 8 6
439 497 3 2 1
446 213 3 2 1
258 394 12 9 7
25 136 10 8 6
180 223 12 10 9
235 314 6 5 4
331 39 7 5 4
453 223 3 2 1
466 447 3 2 1
486 477 11 9 7
445 460 14 11 9
370 440 13 10 8
283 102 3 2 1
30 88 10 9 7
206 90 4 3 2
248 44 7 5 4
419 262 8 6 5
362 16 9 8 7
261 438 4 3 2
351 1 4 3 2
342 178 10 8 6
124 164 3 2 1
198 352 5 4 3
41 137 12 10 8
102 146 4 3 2
178 17 16 12 10
441 78 14 11 9
399 372 10 8 6
440 478 15 12 9
21 231 14 11 8
362 153 14 11 8
435 4 9 8 7
148 271 10 8 6
110 462 8 6 5
357 398 9 7 5
379 5 9 7 5
412 208 3 2 1
216 201 8 6 4
462 280 12 9 7
2 177 10 8 6
451 62 8 6 5
269 283 6 5 4
319 487 14 12 10
215 285 4 3 2
378 244 11 9 7
302 465 8 6 4
114 495 8 7 5
224 216 4 3 2
74 158 13 11 9
422 495 12 10 7
391 331 11 8 6
85 440 10 7 6
35 400 10 8 6
306 484 6 5 4
282 184 9 7 5
334 380 5 4 3
16 429 7 5 4
380 151 15 12 10
202 16 9 7 6
147 391 3 2 1
440 40 13 11 8
218 362 9 7 5
176 166 10 8 6
177 377 11 9 7
419 93 9 7 6
402 263 12 9 7
480 456 13 10 8
341 211 5 4 3
456 147 10 8 6
433 58 7 5 4
394 156 7 5 4
175 270 4 3 2
43 469 13 10 8
392 189 8 6 5
400 435 4 3 2
270 50 14 11 9
112 361 9 7 6
384 67 12 9 7
0 130 4 3 2
347 313 16 12 10
150 178 8 6 5
360 371 14 11 9
197 146 6 4 3
348 119 4 3 2
309 495 4 3 2
305 167 15 13 10
476 433 9 7 6
137 323 8 6 5
85 159 9 7 6
488 479 8 6 5
83 475 4 3 2
137 56 8 6 4
0 295 7 6 5
271 490 4 3 2
496 134 15 13 10
434 178 11 8 6
318 343 3 2 1
374 171 5 4 3
496 333 9 7 5
375 309 10 8 6
416 487 15 11 8
381 134 4 3 2
162 249 7 6 5
234 425 7 6 5
231 138 4 3 2
354 109 4 3 2
315 81 11 8 6
72 474 8 6 4
429 119 10 9 7
279 81 11 9 7
286 39 7 5 4
199 314 5 4 3
88 357 14 12 9
210 4 7 6 4
26 206 10 8 7
153 446 4 3 2
399 175 14 12 9
301 228 4 3 2
132 9 5 4 3
45 41 11 9 7
222 194 10 8 6
253 446 11 9 8
330 446 8 6 4
392 224 6 4 3
150 310 13 10 8
440 300 12 10 8
372 52 14 12 10
301 19 6 5 4
452 27 14 11 9
473 465 5 4 3
476 446 14 12 10
155 249 8 7 6
433 298 4 3 2
309 138 4 3 2
81 392 8 6 5
278 342 12 10 8
329 283 11 8 7
473 295 6 4 3
331 233 9 7 5
156 222 8 6 5
179 159 6 4 3
48 67 14 11 9
129 294 5 4 3
303 242 3 2 1
436 16 7 6 4
141 281 9 7 6
345 162 5 4 3
417 270 13 10 7
50 34 3 2 1
398 306 13 10 8
322 406 7 6 5
431 299 3 2 1
457 275 9 7 5
457 188 4 3 2
314 364 4 3 2
94 114 5 4 3
375 45 15 12 10
214 188 6 4 3
328 302 4 3 2
147 121 13 10 7
254 422 16 12 9
362 127 3 2 1
300 377 12 9 7
144 190 11 9 7
123 320 15 12 10
178 450 3 2 1
243 100 13 11 9
193 489 3 2 1
23 262 11 8 6
88 37 10 7 6
87 325 14 11 9
104 152 7 6 5
149 179 10 8 6
429 340 4 3 2
446 64 4 3 2
15 442 5 4 3
192 431 9 7 6
318 98 13 11 9
158 495 7 5 4
137 336 17 13 10
12 150 11 9 7
73 306 5 4 3
324 161 3 2 1
497 426 15 12 10
346 70 9 7 5
397 188 11 8 7
112 402 15 13 10
167 274 8 6 5
200 252 3 2 1
48 380 4 3 2
436 53 5 4 3
343 465 11 9 7
225 74 10 8 6
245 14 5 4 3
74 256 9 8 6
475 249 15 13 10
330 346 12 10 8
82 35 14 12 10
154 286 12 10 8
389 265 5 4 3
244 203 6 4 3
281 356 14 12 10
486 240 3 2 1
455 298 4 3 2
26 397 5 4 3
488 85 13 10 8
498 262 9 7 5
165 393 9 7 6
485 250 11 8 6
385 220 3 2 1
326 335 4 3 2
15 432 11 9 7
465 73 8 6 4
416 82 15 12 10
18 421 4 3 2
260 79 3 2 1
27 83 13 10 8
430 233 8 7 5
276 313 5 4 3
496 334 16 13 10
3 338 14 11 9
228 391 7 5 4
177 113 5 4 3
274 49 14 11 9
311 453 16 13 10
147 299 13 10 8
67 113 11 9 7
335 158 7 6 5
314 420 12 9 7
420 453 4 3 2
256 404 6 5 4
228 445 13 10 8
360 367 4 3 2
248 492 7 6 5
26 415 5 4 3
5 387 4 3 2
91 30 4 3 2
104 264 5 4 3
325 67 14 11 8
304 496 4 3 2
295 481 10 8 6
206 93 16 13 10
188 190 4 3 2
381 167 3 2 1
31 92 11 8 6
417 69 6 5 4
464 371 8 6 5
63 348 12 9 7
278 472 5 4 3
396 285 3 2 1
240 275 4 3 2
3
2
8
3
9
3
4
8
8
8
8
5
4
7
7
9
6
8
10
1
9
3
6
10
2
5
5
1
3
10
3
1
10
5
2
2
5
10
7
1
7
9
4
2
3
9
4
7
9
10
4
4
6
10
10
9
4
6
4
9
5
2
8
4
1
5
1
7
5
5
2
5
8
8
8
2
10
10
6
1
5
1
6
9
5
7
1
5
10
4
4
6
1
4
7
6
1
5
7
5
8
2
3
2
5
6
9
9
1
6
1
7
10
1
6
1
6
5
5
2
3
4
2
2
7
3
10
9
2
4
7
5
8
9
3
9
2
4
2
9
9
6
2
9
10
10
6
9
4
2
4
2
7
6
4
7
5
9
10
4
2
6
10
3
3
3
5
3
10
3
4
10
10
6
7
6
8
3
10
9
7
6
10
4
9
9
7
1
1
5
8
10
4
1
2
8
3
9
9
8
7
9
5
8
7
1
8
10
5
2
2
2
3
1
8
4
8
5
10
6
3
10
9
9
3
9
10
8
3
10
7
4
5
1
7
5
3
6
9
1
5
10
1
5
5
7
5
8
7
10
1
10
7
1
5
2
6
8
8
1
5
1
4
2
8
10
3
6
5
6
3
9
4
8
10
2
2
10
9
7
8
6
8
9
10
2
5
2
6
5
7
6
7
4
6
3
8
3
5
4
6
4
3
5
2
8
5
6
8
3
4
7
7
4
9
5
6
1
8
2
2
7
8
6
3
5
2
1
10
7
2
3
10
5
8
7
6
3
10
1
9
7
1
4
10
6
9
2
6
9
4
7
10
5
5
10
1
9
3
2
1
7
5
8
7
2
4
2
8
4
1
3
4
2
4
1
5
2
6
7
7
8
8
5
8
7
3
5
9
7
3
7
4
8
3
6
3
1
1
10
8
6
5
8
1
10
1
5
10
4
9
3
10
6
1
9
6
5
5
10
7
3
2
3
1
1
7
9
1
6
1
8
6
4
2
7
2
5
8
4
1
2
4
8
6
6
9
3
5
4
5
3
10
1
7
3
2
5
1
7
3
6
10
7
3
2
8
8
6
1
4
1
5
10
10
6
7
2
1
5
7
10
4
7
2
2
2
6
2
6
7
6
7
10
3
7
9
4
9
7
