500 1000
483 435 6 5 4
453 435 11 9 7
260 483 4 3 2
92 260 13 11 9
483 465 11 9 8
343 483 15 12 10
251 453 10 8 6
92 330 12 10 8
251 66 15 12 10
92 202 15 12 9
66 359 10 8 6
343 128 14 11 8
453 101 5 4 3
128 214 6 5 4
172 101 3 2 1
101 150 5 4 3
483 457 7 5 4
465 27 10 7 5
36 465 7 5 4
435 19 7 6 4
66 302 3 2 1
68 66 9 7 5
260 209 13 11 8
298 172 13 11 9
125 92 4 3 2
228 435 4 3 2
180 457 12 10 8
180 380 3 2 1
103 453 9 7 5
457 120 17 13 10
244 483 11 9 7
251 455 10 8 6
447 228 3 2 1
302 497 9 8 7
66 257 3 2 1
494 214 15 12 10
457 365 3 2 1
378 214 14 11 9
55 302 8 6 5
86 378 4 3 2
105 209 8 7 6
400 228 4 3 2
103 80 7 6 4
475 120 3 2 1
189 455 14 12 9
80 146 11 8 6
55 25 15 13 10
350 298 4 3 2
120 317 5 4 3
256 378 12 10 8
359 476 5 4 3
453 351 12 9 7
174 257 8 7 5
447 423 5 4 3
65 101 11 9 7
372 317 3 2 1
451 146 8 6 5
357 359 12 10 8
226 244 4 3 2
198 465 9 8 6
81 86 5 4 3
56 380 15 12 10
79 251 15 12 10
313 357 11 9 7
125 439 6 5 4
164 105 6 5 4
109 400 12 9 7
437 251 12 10 8
293 128 14 12 9
74 476 4 3 2
184 164 16 13 10
313 403 14 11 9
53 298 9 8 6
499 27 9 7 6
148 455 17 13 10
126 330 4 3 2
407 27 12 10 8
380 111 9 7 6
441 447 16 12 10
369 317 4 3 2
198 481 9 7 5
94 302 10 8 6
386 202 8 7 5
241 343 11 9 8
7 298 6 5 4
55 240 5 4 3
274 481 15 11 9
19 213 9 8 6
490 497 10 8 6
481 341 9 7 6
53 318 11 9 8
372 442 3 2 1
356 228 6 4 3
285 435 15 13 10
442 323 10 7 5
435 127 6 5 4
146 220 3 2 1
430 365 14 11 8
355 228 10 8 6
113 457 17 13 10
323 265 4 3 2
290 56 11 8 6
3 437 10 8 6
321 7 13 11 9
409 36 11 9 7
234 25 6 5 4
160 265 13 11 8
286 357 13 10 8
119 442 9 7 6
240 156 9 7 5
111 388 15 11 8
435 33 10 9 8
453 413 4 3 2
209 88 15 12 9
422 174 10 8 6
407 397 9 7 5
294 27 11 8 6
27 31 8 6 4
120 291 12 10 9
326 455 11 9 7
103 335 14 11 8
27 287 9 7 6
170 127 7 6 5
216 228 14 12 9
383 103 5 4 3
293 71 9 7 5
19 320 3 2 1
182 226 4 3 2
170 175 13 10 7
284 286 11 9 7
14 465 3 2 1
257 459 12 10 8
481 360 9 7 6
204 409 8 6 4
80 339 12 10 8
198 412 14 11 9
465 157 8 6 4
451 4 11 9 7
334 256 7 5 4
17 265 12 10 9
111 374 4 3 2
386 108 8 6 5
33 134 4 3 2
411 423 10 8 6
216 292 9 8 6
170 10 8 6 5
160 450 3 2 1
313 406 4 3 2
68 167 11 9 8
260 137 3 2 1
432 326 4 3 2
154 365 10 8 6
112 293 14 11 9
430 142 5 4 3
53 195 4 3 2
395 126 12 9 7
244 275 11 9 7
81 231 8 6 5
248 413 8 7 5
114 455 13 10 8
411 384 14 12 9
231 22 11 8 6
447 196 5 4 3
125 282 14 12 9
81 51 16 13 10
115 154 7 6 5
385 302 9 7 5
408 423 16 12 9
194 365 7 6 5
482 274 4 3 2
118 198 12 10 8
164 179 7 6 4
159 118 15 11 9
280 411 12 9 7
164 299 8 7 5
288 350 15 12 9
383 444 3 2 1
272 220 7 5 4
166 423 10 8 6
288 263 12 9 7
321 162 12 10 8
349 7 3 2 1
431 112 7 6 5
24 248 11 9 7
298 140 5 4 3
98 395 10 8 6
149 189 16 12 9
315 4 15 11 8
351 46 15 13 10
154 373 10 8 7
137 249 4 3 2
286 402 3 2 1
495 323 14 11 9
320 72 8 6 4
413 133 8 6 5
188 166 14 11 8
263 398 5 4 3
346 22 7 5 4
80 352 6 5 4
3 227 15 11 8
118 107 10 8 7
287 443 13 11 9
486 437 4 3 2
101 123 13 11 9
301 231 10 8 6
123 418 11 9 7
286 39 14 12 10
233 214 3 2 1
300 483 8 6 4
381 24 4 3 2
79 155 8 6 4
141 288 9 7 5
157 429 3 2 1
149 312 14 11 9
206 355 10 8 6
182 456 14 11 8
431 219 12 9 7
382 346 15 12 10
451 345 4 3 2
53 316 12 10 8
422 420 3 2 1
48 72 6 4 3
112 193 4 3 2
341 238 16 12 9
25 392 5 4 3
20 286 5 4 3
75 125 3 2 1
375 476 4 3 2
227 211 11 9 7
16 71 14 12 10
56 95 10 8 6
487 459 8 6 4
332 334 12 10 8
151 312 15 12 10
42 382 12 9 7
143 403 3 2 1
13 408 11 9 7
62 407 9 7 5
11 476 13 11 9
9 292 3 2 1
269 195 10 8 6
312 199 15 11 9
260 390 4 3 2
26 349 13 10 8
113 144 11 9 7
381 32 11 9 8
205 194 14 12 10
211 67 9 7 5
224 66 6 5 4
302 473 3 2 1
451 389 4 3 2
160 337 17 13 10
193 303 8 6 5
397 405 12 9 7
105 367 11 8 6
367 498 3 2 1
452 248 9 7 6
268 318 4 3 2
185 284 12 9 7
495 96 5 4 3
160 102 3 2 1
6 435 4 3 2
119 106 9 7 5
494 440 3 2 1
290 41 14 11 9
25 462 5 4 3
254 125 9 7 5
221 112 3 2 1
277 350 8 7 5
165 219 13 11 9
152 149 12 9 7
349 84 10 8 6
100 451 9 7 5
483 425 5 4 3
479 384 5 4 3
331 219 13 10 8
415 437 8 7 5
275 281 5 4 3
308 17 15 12 10
366 432 10 8 6
198 12 5 4 3
355 338 6 5 4
306 107 15 12 10
7 171 9 7 5
356 322 17 13 10
85 337 9 7 5
271 17 13 11 9
409 253 6 5 4
201 284 7 5 4
82 313 3 2 1
212 248 6 5 4
470 437 5 4 3
282 163 16 13 10
374 90 4 3 2
353 152 9 7 5
232 290 4 3 2
310 206 16 12 10
369 59 11 9 7
478 51 15 11 9
474 285 4 3 2
493 75 14 11 9
494 44 9 7 5
426 17 14 11 8
100 83 15 13 10
88 261 5 4 3
472 95 7 5 4
404 85 13 11 8
155 391 8 7 5
349 379 15 12 10
22 15 12 10 8
445 323 8 6 4
490 139 5 4 3
467 56 16 13 10
294 449 13 11 9
341 97 10 8 6
16 327 12 9 7
414 59 6 4 3
196 50 16 13 10
58 241 6 4 3
6 305 12 9 7
1 16 8 6 4
338 2 3 2 1
373 266 9 7 5
290 77 11 9 7
66 243 13 10 8
21 56 6 5 4
18 330 5 4 3
40 79 4 3 2
190 449 6 5 4
436 452 5 4 3
210 3 16 12 9
399 150 9 7 6
216 477 3 2 1
167 110 5 4 3
285 34 6 4 3
91 109 7 6 5
187 302 16 13 10
83 297 5 4 3
77 73 3 2 1
452 131 7 5 4
35 465 4 3 2
181 432 3 2 1
497 76 16 12 10
487 0 12 9 7
430 237 10 8 7
358 142 13 10 7
145 251 11 8 7
124 31 3 2 1
306 463 5 4 3
311 373 11 8 6
482 153 4 3 2
262 341 10 8 7
401 206 8 6 5
216 61 11 8 6
207 292 9 7 6
410 159 4 3 2
499 434 11 9 7
305 135 6 4 3
364 90 14 12 10
295 36 10 8 7
334 468 3 2 1
202 116 10 8 6
317 183 9 7 6
250 452 12 10 8
439 5 6 5 4
494 70 4 3 2
204 203 9 7 5
158 13 12 9 7
93 262 15 12 9
385 461 12 10 8
383 273 9 7 6
54 148 10 8 6
178 19 3 2 1
361 398 6 5 4
496 346 4 3 2
421 410 11 8 6
427 369 12 9 7
271 63 5 4 3
104 163 3 2 1
86 168 4 3 2
295 23 16 13 10
129 163 4 3 2
9 136 11 9 7
90 242 12 9 7
30 68 5 4 3
13 387 3 2 1
485 25 9 7 6
27 197 14 12 9
428 180 3 2 1
147 128 4 3 2
314 346 5 4 3
446 75 11 9 8
18 304 14 12 10
75 484 16 13 10
200 429 15 11 9
347 72 13 10 8
49 58 14 11 9
371 48 8 7 5
492 118 3 2 1
319 418 3 2 1
35 488 4 3 2
247 271 4 3 2
65 229 11 9 7
255 58 5 4 3
489 317 3 2 1
140 259 12 9 7
246 76 8 6 5
53 419 9 7 6
214 296 11 8 7
0 29 17 13 10
133 393 4 3 2
256 454 4 3 2
9 138 10 8 6
455 64 14 11 9
169 404 7 6 5
141 239 15 12 9
258 437 15 13 10
118 368 12 9 7
484 99 15 12 10
118 377 7 5 4
448 65 15 12 10
446 215 8 7 5
144 424 15 12 10
482 344 5 4 3
334 52 4 3 2
186 185 7 5 4
122 216 10 8 6
469 485 15 11 9
491 187 17 13 10
416 115 10 9 7
156 176 7 5 4
40 38 10 8 6
235 27 16 13 10
307 378 4 3 2
252 55 13 10 8
404 370 7 5 4
363 253 4 3 2
246 471 15 12 9
60 390 4 3 2
264 128 4 3 2
248 376 14 12 9
236 160 13 10 8
174 117 14 11 8
147 480 14 11 9
222 252 12 9 7
57 160 8 6 4
417 200 15 11 9
356 177 4 3 2
333 135 9 7 5
354 129 10 8 7
184 223 9 7 6
270 238 7 5 4
217 284 15 12 10
278 81 3 2 1
433 398 11 9 8
257 396 4 3 2
192 461 3 2 1
19 267 14 11 8
263 218 8 6 5
493 43 10 8 7
69 110 3 2 1
242 121 11 8 6
197 130 4 3 2
219 173 13 11 9
336 296 3 2 1
348 186 9 7 6
276 244 5 4 3
444 132 8 6 5
191 59 14 11 8
275 78 3 2 1
261 458 3 2 1
28 448 3 2 1
325 496 12 9 7
466 356 7 5 4
227 47 7 5 4
456 45 4 3 2
47 87 16 13 10
226 230 8 6 5
135 289 8 6 5
339 283 17 13 10
368 245 6 5 4
280 8 3 2 1
208 190 4 3 2
324 19 10 8 6
365 329 9 7 5
306 37 4 3 2
89 374 15 13 10
360 464 11 9 7
297 309 12 10 8
161 451 10 8 6
279 265 3 2 1
319 328 12 9 7
340 319 17 13 10
23 342 3 2 1
314 394 3 2 1
450 225 4 3 2
434 460 8 7 5
160 438 3 2 1
492 362 9 7 5
192 187 17 13 10
370 196 5 4 3
21 281 16 13 10
119 302 12 9 7
299 293 15 11 9
16 51 4 3 2
97 225 10 8 6
467 342 3 2 1
256 143 5 4 3
223 277 4 3 2
132 43 3 2 1
188 326 12 9 7
245 266 16 13 10
214 274 3 2 1
18 37 10 8 6
290 257 14 12 9
436 362 8 6 5
72 322 7 5 4
439 239 14 11 9
131 251 16 12 10
112 470 12 10 8
152 57 16 13 10
483 2 12 10 8
130 34 6 5 4
454 442 12 10 7
486 89 9 7 5
324 101 7 6 5
338 136 4 3 2
397 485 13 10 8
359 403 8 7 5
113 175 4 3 2
450 313 3 2 1
16 355 3 2 1
379 103 12 9 8
203 56 7 5 4
359 117 5 4 3
178 44 8 7 5
160 50 8 7 5
135 86 3 2 1
197 414 14 11 9
401 117 9 7 5
446 242 3 2 1
40 181 10 9 7
300 164 9 7 5
89 469 14 11 9
447 205 15 12 10
387 250 8 6 5
193 195 12 9 7
345 188 10 8 6
267 301 17 13 10
24 34 13 11 9
497 168 16 12 10
445 73 12 9 7
171 395 15 12 10
246 139 9 7 6
123 397 4 3 2
157 326 10 8 6
430 221 6 5 4
401 69 16 12 9
355 291 11 9 8
377 302 17 13 10
46 131 13 10 8
172 296 15 11 8
284 178 12 10 8
375 188 7 5 4
265 343 11 8 6
57 46 14 12 10
316 87 8 6 5
93 472 8 6 5
447 287 10 7 5
439 490 3 2 1
439 258 16 12 9
444 203 10 8 6
76 492 14 11 8
289 72 16 12 9
168 114 11 8 6
276 110 12 9 7
115 445 5 4 3
174 108 10 8 6
228 79 15 12 9
195 481 15 12 9
362 300 13 11 9
310 236 16 12 9
437 305 14 11 9
187 412 6 4 3
484 122 7 5 4
35 347 6 4 3
396 31 7 5 4
54 283 7 6 4
6 379 9 7 5
426 190 15 12 9
182 487 15 12 10
181 16 3 2 1
148 35 7 5 4
4 472 6 4 3
485 344 10 8 7
102 341 4 3 2
359 448 10 8 6
141 4 9 7 6
100 344 14 11 9
12 81 8 6 5
388 76 4 3 2
390 312 5 4 3
412 449 9 7 5
280 228 9 7 5
440 43 11 9 7
380 336 7 6 5
331 169 13 10 8
58 366 4 3 2
380 249 12 10 7
311 294 17 13 10
445 415 7 5 4
309 346 3 2 1
90 67 15 11 8
479 87 12 10 8
52 278 5 4 3
362 408 14 12 9
188 473 10 8 6
189 307 16 13 10
474 389 4 3 2
241 194 5 4 3
311 121 4 3 2
104 33 10 8 6
20 100 14 11 8
291 227 4 3 2
7 341 9 7 6
115 499 13 10 8
205 405 13 11 9
417 8 6 4 3
279 264 15 13 10
408 188 5 4 3
95 498 3 2 1
30 217 9 7 5
290 301 7 5 4
279 422 13 10 8
215 89 5 4 3
399 29 6 5 4
215 328 5 4 3
358 73 13 10 8
288 372 12 10 8
337 294 11 9 7
320 272 12 10 8
263 307 4 3 2
165 482 13 11 8
166 192 3 2 1
304 211 7 5 4
468 140 13 11 9
303 237 5 4 3
171 342 3 2 1
47 486 5 4 3
49 438 7 6 5
11 131 5 4 3
395 310 14 12 9
477 175 5 4 3
51 137 17 13 10
305 114 3 2 1
211 126 6 5 4
201 93 12 9 7
148 79 15 13 10
231 483 5 4 3
276 245 11 8 6
239 27 13 10 8
245 95 7 6 5
496 99 9 7 5
211 337 13 11 8
342 189 6 5 4
339 122 5 4 3
81 474 11 8 6
224 483 5 4 3
121 392 17 13 10
201 5 6 5 4
404 95 3 2 1
462 28 13 10 8
31 130 10 8 6
431 151 11 9 7
325 19 14 11 9
400 241 13 11 8
269 251 3 2 1
341 0 4 3 2
449 465 11 9 7
402 186 6 5 4
75 181 12 10 8
73 482 14 11 9
406 233 5 4 3
285 196 10 8 6
316 69 10 8 6
263 343 15 12 10
370 21 7 5 4
382 193 3 2 1
23 125 3 2 1
434 259 12 10 8
41 51 13 10 8
296 392 6 5 4
143 302 4 3 2
238 439 11 8 7
283 193 8 7 6
359 103 4 3 2
404 320 8 6 5
205 199 15 12 10
342 391 7 6 4
35 417 9 7 6
99 247 13 10 8
395 301 12 10 8
75 205 13 10 8
159 72 5 4 3
292 132 15 11 9
39 436 14 11 8
404 22 8 6 5
351 290 10 8 7
12 399 10 8 6
361 379 14 12 9
180 137 5 4 3
341 68 13 10 8
254 170 6 5 4
268 26 3 2 1
34 372 8 7 5
129 173 3 2 1
433 271 9 7 6
437 467 4 3 2
347 361 4 3 2
166 44 15 13 10
443 330 15 11 8
63 200 3 2 1
287 154 14 11 8
424 1 7 6 4
434 478 7 5 4
170 21 9 7 5
440 12 12 9 7
223 146 5 4 3
172 251 12 10 8
42 156 14 12 10
287 401 3 2 1
412 408 16 13 10
0 297 6 4 3
127 166 15 12 10
61 399 11 8 6
329 221 4 3 2
183 22 11 9 7
263 326 13 11 8
490 260 16 12 9
488 432 4 3 2
99 377 12 10 8
82 399 13 10 8
274 46 13 11 8
29 411 16 12 9
489 169 16 13 10
21 426 4 3 2
420 224 4 3 2
273 404 14 12 9
313 318 3 2 1
378 56 5 4 3
124 427 8 6 4
173 423 12 9 7
166 337 10 8 6
434 312 9 8 7
259 386 6 5 4
325 145 7 5 4
109 426 10 8 6
299 480 3 2 1
262 377 12 10 8
410 228 3 2 1
288 387 13 10 8
377 201 16 12 10
150 245 3 2 1
369 153 3 2 1
254 104 15 12 10
419 19 14 11 9
0 149 4 3 2
204 352 17 13 10
308 135 13 10 8
44 143 8 6 4
44 99 11 8 6
36 279 14 12 9
177 79 4 3 2
108 457 3 2 1
380 131 11 8 7
458 214 7 5 4
125 397 8 6 4
118 288 9 7 5
46 175 9 7 5
237 118 14 11 8
152 427 7 6 5
149 305 4 3 2
471 357 9 7 6
246 25 3 2 1
304 132 8 6 4
343 448 4 3 2
280 247 14 11 8
118 244 13 10 8
98 211 7 6 4
228 489 9 7 6
16 120 3 2 1
226 143 3 2 1
11 44 12 9 7
147 238 4 3 2
83 234 14 11 8
278 280 7 6 4
477 466 12 10 8
492 415 3 2 1
264 208 14 12 9
373 484 16 12 9
53 241 10 7 6
405 156 10 8 6
479 8 5 4 3
375 349 3 2 1
328 217 9 8 6
265 105 13 10 8
389 127 4 3 2
351 98 4 3 2
107 267 3 2 1
388 381 11 9 7
347 0 3 2 1
151 388 17 13 10
276 262 6 5 4
99 207 11 9 7
232 488 16 12 10
60 332 7 5 4
245 154 15 12 9
29 252 7 6 5
429 54 5 4 3
407 36 8 6 5
45 50 3 2 1
358 492 3 2 1
276 198 14 11 9
150 154 16 12 10
116 16 10 8 6
208 453 12 10 8
423 464 4 3 2
56 337 12 9 7
438 120 14 11 9
207 181 8 6 5
241 54 3 2 1
198 138 15 11 8
315 148 10 7 6
470 232 15 12 9
277 134 8 7 5
449 371 6 5 4
26 328 8 6 5
80 406 9 7 6
476 405 15 11 9
79 385 14 11 8
363 87 17 13 10
304 156 13 11 9
498 361 6 5 4
439 69 7 6 4
398 326 6 4 3
465 439 7 6 5
432 149 13 10 8
98 236 4 3 2
0 154 10 8 6
414 360 12 9 7
301 427 5 4 3
311 468 3 2 1
194 139 12 10 8
158 424 14 12 10
412 13 6 5 4
440 473 9 7 5
12 158 12 9 7
270 13 8 7 5
244 352 14 11 8
107 433 5 4 3
373 76 7 5 4
73 289 8 7 5
22 288 14 12 9
112 476 12 10 8
222 64 14 11 8
175 333 11 9 7
143 446 5 4 3
174 4 4 3 2
199 182 9 7 5
96 264 3 2 1
294 8 14 12 10
206 225 17 13 10
419 262 11 8 7
24 364 7 5 4
482 125 14 12 10
271 399 4 3 2
241 488 14 12 10
32 466 4 3 2
302 407 4 3 2
19 449 8 7 6
28 312 10 8 7
34 446 14 11 9
309 348 3 2 1
9 491 11 8 6
368 377 6 5 4
258 407 8 6 5
249 419 11 8 6
370 272 3 2 1
93 469 9 7 6
295 354 13 10 8
200 485 7 5 4
26 51 3 2 1
154 89 13 11 8
327 452 3 2 1
7 474 11 9 7
293 234 9 7 5
311 216 15 11 8
178 369 9 7 5
206 451 10 8 6
365 468 6 5 4
388 67 3 2 1
493 234 3 2 1
342 387 7 6 5
172 250 10 8 7
231 18 5 4 3
379 271 8 6 5
450 4 4 3 2
266 269 3 2 1
0 150 13 10 7
382 373 6 4 3
213 252 5 4 3
397 208 15 12 10
35 105 12 10 8
177 126 8 6 5
25 281 3 2 1
293 277 9 8 6
64 464 10 8 6
362 422 12 9 7
390 426 8 6 5
110 241 3 2 1
317 186 11 9 7
328 77 7 5 4
155 300 4 3 2
57 18 7 6 5
303 264 7 5 4
80 442 4 3 2
426 420 3 2 1
229 444 17 13 10
198 225 16 12 9
459 395 16 13 10
247 480 3 2 1
163 91 5 4 3
11 451 5 4 3
42 307 11 8 6
495 321 3 2 1
106 277 6 5 4
254 115 14 11 9
308 486 14 12 9
381 16 4 3 2
456 151 16 13 10
166 36 10 8 6
195 431 9 7 5
31 228 11 9 7
355 263 3 2 1
254 443 12 10 8
203 208 6 5 4
59 372 6 5 4
124 348 5 4 3
133 386 7 6 5
481 457 3 2 1
200 101 14 12 10
219 182 13 11 9
5 388 4 3 2
280 448 10 8 6
103 74 9 7 6
308 146 12 9 7
366 286 15 12 10
36 145 3 2 1
267 410 16 12 10
162 443 4 3 2
218 247 12 10 8
123 172 5 4 3
479 43 11 9 8
475 269 3 2 1
226 37 10 8 6
366 171 16 12 10
192 46 5 4 3
272 48 7 6 5
229 84 4 3 2
235 378 4 3 2
10 262 8 6 5
5 194 7 5 4
192 121 9 7 6
133 379 4 3 2
380 14 4 3 2
68 158 13 11 9
194 57 9 7 6
66 299 8 6 5
474 213 16 12 10
199 113 10 8 6
77 279 9 7 6
484 131 3 2 1
455 161 10 8 7
295 140 5 4 3
372 100 4 3 2
152 494 14 12 9
378 242 5 4 3
229 36 11 9 7
133 292 8 7 6
286 329 8 6 5
130 382 14 11 9
413 170 13 10 9
36 357 4 3 2
387 63 15 11 9
355 259 10 8 6
417 339 13 10 9
396 191 5 4 3
35 446 8 6 5
297 70 16 13 10
150 3 4 3 2
3
2
8
3
9
3
4
8
8
8
8
5
4
7
7
9
6
8
10
1
9
3
6
10
2
5
5
1
3
10
3
1
10
5
2
2
5
10
7
1
7
9
4
2
3
9
4
7
9
10
4
4
6
10
10
9
4
6
4
9
5
2
8
4
1
5
1
7
5
5
2
5
8
8
8
2
10
10
6
1
5
1
6
9
5
7
1
5
10
4
4
6
1
4
7
6
1
5
7
5
8
2
3
2
5
6
9
9
1
6
1
7
10
1
6
1
6
5
5
2
3
4
2
2
7
3
10
9
2
4
7
5
8
9
3
9
2
4
2
9
9
6
2
9
10
10
6
9
4
2
4
2
7
6
4
7
5
9
10
4
2
6
10
3
3
3
5
3
10
3
4
10
10
6
7
6
8
3
10
9
7
6
10
4
9
9
7
1
1
5
8
10
4
1
2
8
3
9
9
8
7
9
5
8
7
1
8
10
5
2
2
2
3
1
8
4
8
5
10
6
3
10
9
9
3
9
10
8
3
10
7
4
5
1
7
5
3
6
9
1
5
10
1
5
5
7
5
8
7
10
1
10
7
1
5
2
6
8
8
1
5
1
4
2
8
10
3
6
5
6
3
9
4
8
10
2
2
10
9
7
8
6
8
9
10
2
5
2
6
5
7
6
7
4
6
3
8
3
5
4
6
4
3
5
2
8
5
6
8
3
4
7
7
4
9
5
6
1
8
2
2
7
8
6
3
5
2
1
10
7
2
3
10
5
8
7
6
3
10
1
9
7
1
4
10
6
9
2
6
9
4
7
10
5
5
10
1
9
3
2
1
7
5
8
7
2
4
2
8
4
1
3
4
2
4
1
5
2
6
7
7
8
8
5
8
7
3
5
9
7
3
7
4
8
3
6
3
1
1
10
8
6
5
8
1
10
1
5
10
4
9
3
10
6
1
9
6
5
5
10
7
3
2
3
1
1
7
9
1
6
1
8
6
4
2
7
2
5
8
4
1
2
4
8
6
6
9
3
5
4
5
3
10
1
7
3
2
5
1
7
3
6
10
7
3
2
8
8
6
1
4
1
5
10
10
6
7
2
1
5
7
10
4
7
2
2
2
6
2
6
7
6
7
10
3
7
9
4
9
7
