500 1000
401 191 15 13 10
191 439 12 10 8
401 203 9 7 6
271 203 5 4 3
58 203 8 6 5
401 110 7 5 4
341 191 3 2 1
280 58 7 6 5
191 354 7 5 4
187 110 3 2 1
110 56 15 12 9
439 474 16 12 9
354 300 7 5 4
57 203 6 5 4
401 121 4 3 2
35 187 9 7 5
225 57 10 8 6
424 401 16 12 9
271 353 8 6 5
289 353 14 12 9
391 203 7 5 4
191 238 9 7 5
439 497 8 7 5
353 406 3 2 1
486 497 5 4 3
439 396 9 7 5
439 106 12 10 8
62 225 16 13 10
271 428 13 11 9
62 394 14 11 8
264 121 10 8 6
51 396 14 12 9
280 107 6 5 4
439 432 9 8 7
300 93 3 2 1
385 271 6 5 4
56 272 7 5 4
437 191 3 2 1
174 110 8 6 5
300 74 10 8 6
429 439 9 8 7
474 204 11 9 8
280 288 8 7 5
238 488 10 8 6
89 486 3 2 1
273 89 14 11 9
121 201 4 3 2
406 151 4 3 2
170 225 14 11 9
273 26 5 4 3
466 474 13 11 8
386 201 13 10 8
429 79 9 8 6
467 424 10 8 6
35 373 11 9 7
163 272 3 2 1
156 51 4 3 2
448 437 4 3 2
245 488 5 4 3
95 466 3 2 1
136 373 14 12 9
151 72 12 9 7
486 283 9 7 6
79 39 14 11 9
300 216 13 11 9
58 411 3 2 1
70 448 7 5 4
340 170 6 5 4
432 12 6 5 4
426 204 3 2 1
389 106 3 2 1
308 204 14 11 9
459 12 7 6 5
57 85 16 12 10
366 497 17 13 10
236 424 12 9 8
363 95 8 7 5
482 51 13 11 9
62 357 13 10 8
18 448 16 13 10
110 473 13 10 8
488 126 5 4 3
366 379 5 4 3
150 85 8 6 5
490 366 4 3 2
294 163 8 6 5
162 58 12 9 7
216 226 14 12 9
233 95 5 4 3
417 486 8 6 5
64 411 15 12 10
246 391 10 8 7
406 352 7 5 4
389 248 12 10 8
39 368 6 4 3
106 370 11 9 7
222 426 13 11 9
324 57 11 9 7
329 191 12 10 8
99 39 7 5 4
303 51 7 6 5
368 92 16 12 10
300 399 11 9 7
136 60 10 8 7
163 369 10 8 6
308 180 9 7 5
31 72 16 13 10
374 107 14 11 9
45 272 4 3 2
156 433 11 9 7
294 441 11 8 6
170 476 14 12 10
107 43 15 12 10
324 327 9 7 5
190 488 7 5 4
319 341 9 7 5
317 369 8 6 4
147 289 17 13 10
219 246 5 4 3
356 216 15 12 9
476 77 9 7 5
99 122 15 12 10
26 382 11 9 7
5 246 4 3 2
308 52 6 5 4
163 49 3 2 1
354 224 3 2 1
224 359 17 13 10
461 467 10 7 5
488 73 15 12 9
223 92 3 2 1
175 58 12 10 8
354 16 15 12 10
268 288 9 7 5
368 247 12 10 8
170 87 8 6 5
461 112 9 7 5
331 246 3 2 1
18 32 14 11 9
312 366 8 6 5
151 213 10 8 7
489 317 7 5 4
177 385 9 7 6
431 424 5 4 3
191 155 14 12 9
266 426 8 6 5
266 115 10 8 6
150 176 3 2 1
224 149 14 11 9
97 58 5 4 3
190 315 3 2 1
42 226 8 7 5
331 455 14 11 9
73 349 11 9 7
300 444 11 9 7
406 420 9 7 5
481 303 12 10 8
219 193 13 10 8
12 397 8 7 5
66 411 4 3 2
147 47 12 10 8
429 260 12 9 7
269 386 4 3 2
335 437 3 2 1
28 315 9 7 5
207 49 4 3 2
90 373 9 7 5
204 145 12 9 7
484 420 7 6 5
424 365 10 8 6
62 76 12 10 8
103 481 13 11 8
278 155 11 8 7
204 393 13 10 8
187 83 5 4 3
222 158 17 13 10
329 404 12 10 9
250 359 3 2 1
456 151 5 4 3
303 485 16 12 9
28 251 5 4 3
498 58 9 7 6
117 187 12 10 8
379 221 4 3 2
373 410 14 11 9
250 194 9 7 5
77 328 4 3 2
353 388 15 11 8
300 168 3 2 1
124 489 11 9 8
275 251 10 8 6
370 118 3 2 1
494 236 12 9 8
246 333 3 2 1
180 281 4 3 2
101 187 3 2 1
51 290 6 5 4
190 276 3 2 1
459 254 12 10 8
307 411 8 6 4
51 80 13 11 9
114 175 6 5 4
254 285 9 7 5
378 42 6 5 4
352 419 9 7 5
165 324 16 13 10
273 71 13 11 9
432 53 5 4 3
264 243 8 6 4
236 409 13 10 9
236 258 5 4 3
340 477 16 13 10
429 164 14 12 10
274 278 14 11 9
486 318 12 10 7
305 385 5 4 3
416 285 13 10 8
233 228 9 7 6
164 119 13 11 9
191 44 12 10 8
294 148 13 10 8
66 54 3 2 1
157 95 13 11 8
264 84 6 4 3
258 298 17 13 10
325 424 11 9 7
328 257 3 2 1
361 300 10 8 6
77 178 5 4 3
103 142 4 3 2
495 272 8 6 5
16 440 11 9 7
480 497 4 3 2
333 387 12 10 8
267 207 12 9 7
387 338 11 8 6
45 336 9 7 5
433 154 10 8 6
102 151 3 2 1
266 291 7 5 4
157 342 4 3 2
420 398 6 4 3
256 340 12 9 7
53 61 4 3 2
180 383 13 11 9
73 205 10 8 7
299 307 14 12 10
62 195 5 4 3
84 270 4 3 2
337 269 3 2 1
411 323 6 4 3
135 378 11 8 6
9 490 13 10 8
400 18 7 5 4
296 441 3 2 1
18 277 13 11 9
8 473 7 6 5
454 488 11 9 7
51 98 14 11 9
331 284 13 11 9
153 135 7 5 4
217 226 12 10 7
252 271 4 3 2
465 92 8 6 5
16 287 16 12 10
119 198 8 6 5
154 160 14 11 8
159 373 4 3 2
220 416 3 2 1
466 412 10 8 7
345 271 10 8 6
386 286 12 9 7
395 396 9 7 5
285 380 17 13 10
182 223 3 2 1
291 19 4 3 2
400 212 15 13 10
109 388 4 3 2
31 464 9 7 6
72 463 9 7 5
309 160 3 2 1
31 423 15 12 9
154 240 3 2 1
258 422 9 7 5
364 294 11 8 6
328 197 3 2 1
428 15 12 10 8
353 313 12 10 8
231 490 4 3 2
302 52 4 3 2
242 154 14 12 10
379 48 7 6 5
467 234 4 3 2
487 177 10 8 7
28 446 15 12 9
138 441 13 11 8
5 232 7 5 4
354 186 15 13 10
67 366 15 11 9
69 454 14 11 8
358 268 11 9 7
471 102 5 4 3
260 499 10 8 6
230 387 9 7 5
330 289 16 13 10
81 217 6 4 3
282 433 9 7 5
114 100 4 3 2
128 331 9 7 6
136 152 14 12 10
452 238 15 12 9
333 295 10 8 7
474 405 9 7 5
371 89 13 11 9
492 97 4 3 2
8 350 4 3 2
175 181 11 8 7
427 324 7 5 4
216 104 4 3 2
182 478 14 11 9
57 253 14 11 8
201 171 12 9 7
236 263 10 8 6
219 185 3 2 1
226 414 9 7 6
84 343 3 2 1
279 439 16 13 10
108 349 7 6 5
256 41 3 2 1
5 392 4 3 2
282 321 8 6 4
6 72 14 12 10
348 109 13 11 9
0 60 11 9 7
307 188 9 7 5
61 292 13 11 9
117 21 6 5 4
337 472 15 12 9
439 86 6 5 4
91 177 3 2 1
10 371 16 12 10
328 475 17 13 10
349 94 8 6 5
395 1 7 5 4
312 367 15 12 10
4 171 4 3 2
470 201 15 11 9
260 443 13 11 9
12 38 14 11 9
319 17 16 12 9
275 206 12 10 8
468 43 5 4 3
496 181 14 11 9
387 458 4 3 2
313 237 12 9 7
7 107 16 12 10
130 73 15 12 10
306 76 12 9 7
215 345 9 7 6
140 441 5 4 3
173 359 10 8 6
435 140 5 4 3
296 332 3 2 1
20 181 5 4 3
418 359 15 13 10
361 310 4 3 2
105 349 3 2 1
377 173 12 9 7
8 63 4 3 2
427 316 12 10 8
169 452 9 7 6
429 339 16 13 10
132 328 3 2 1
309 11 12 10 8
146 232 9 7 5
290 355 9 7 5
468 127 11 8 6
46 174 5 4 3
360 277 9 7 6
438 478 12 10 8
457 190 10 8 6
314 290 13 10 9
409 55 12 10 8
285 381 14 11 8
311 300 10 8 6
297 31 13 11 9
451 454 4 3 2
336 123 9 8 6
40 268 9 7 6
33 319 5 4 3
77 210 3 2 1
452 14 11 9 8
469 383 14 12 10
22 49 14 11 8
116 399 7 5 4
245 137 7 5 4
91 408 7 5 4
29 340 10 8 6
432 407 11 9 7
107 227 6 4 3
319 161 6 4 3
218 342 14 11 8
261 406 11 9 7
307 131 3 2 1
436 21 12 9 7
320 47 12 9 7
79 249 5 4 3
374 351 8 6 5
490 301 3 2 1
174 167 3 2 1
52 196 15 12 9
483 236 16 13 10
332 141 12 10 8
46 184 12 9 7
40 200 12 10 8
211 440 9 7 5
302 27 15 13 10
229 443 8 6 4
194 403 3 2 1
113 388 4 3 2
201 421 5 4 3
163 202 15 13 10
348 447 3 2 1
229 172 5 4 3
449 135 11 8 6
148 450 13 10 8
465 88 7 6 5
30 175 16 12 10
353 144 8 6 4
235 377 12 10 8
23 477 6 4 3
15 208 8 6 5
217 493 14 12 9
14 453 13 11 9
50 272 12 9 7
244 324 3 2 1
425 217 3 2 1
442 58 3 2 1
274 199 6 4 3
479 331 14 11 8
220 322 4 3 2
259 158 12 9 7
241 132 10 8 6
362 400 15 12 10
134 490 15 12 9
431 139 3 2 1
210 402 6 4 3
181 192 5 4 3
293 474 10 8 6
186 120 13 10 9
262 403 6 4 3
288 434 13 10 8
456 413 8 6 5
304 290 12 9 7
209 81 5 4 3
224 82 6 5 4
179 218 4 3 2
111 297 8 6 4
78 120 13 10 8
334 408 11 9 8
133 471 8 6 5
445 350 6 4 3
344 268 14 12 10
166 318 5 4 3
392 390 8 6 4
239 386 13 11 9
240 372 4 3 2
430 319 5 4 3
3 73 3 2 1
129 172 10 8 6
347 363 12 9 7
246 143 4 3 2
125 69 16 12 9
357 24 3 2 1
25 180 8 6 5
375 274 12 9 7
126 37 4 3 2
147 36 12 9 7
261 2 9 7 6
214 7 7 5 4
496 75 13 11 9
17 189 3 2 1
44 326 13 10 8
376 317 3 2 1
384 470 7 5 4
68 74 9 8 6
96 288 9 8 6
72 183 12 10 8
415 49 3 2 1
195 460 14 12 10
65 483 11 9 7
408 34 17 13 10
462 12 17 13 10
265 316 15 11 9
491 113 8 6 4
13 6 16 13 10
91 255 13 11 8
452 346 10 8 6
59 225 4 3 2
125 2 15 12 9
128 388 13 11 9
231 342 4 3 2
176 0 4 3 2
282 180 3 2 1
125 387 11 9 7
227 12 16 13 10
152 178 9 8 7
37 145 8 6 5
158 169 3 2 1
122 174 13 10 8
236 151 10 7 5
282 474 9 7 5
371 345 8 7 5
26 412 15 12 9
366 485 15 13 10
225 74 13 10 8
22 139 13 10 8
434 235 15 12 10
93 56 8 6 5
55 137 13 11 9
470 324 14 11 8
128 435 10 8 6
392 477 4 3 2
164 370 12 10 7
392 393 9 7 5
239 175 7 6 5
63 223 13 10 9
356 168 14 11 9
463 299 11 9 7
499 18 8 7 5
282 344 4 3 2
360 262 3 2 1
341 467 8 6 5
163 147 3 2 1
117 73 9 7 5
323 220 3 2 1
37 69 10 8 6
161 232 16 12 9
196 452 6 5 4
349 126 6 4 3
143 122 10 8 7
494 214 4 3 2
412 331 4 3 2
135 354 16 12 10
221 10 4 3 2
391 334 4 3 2
311 29 12 9 7
102 105 5 4 3
48 197 4 3 2
200 473 3 2 1
483 447 8 6 5
105 77 16 12 9
128 111 12 9 7
54 408 13 10 8
39 479 13 10 8
370 248 5 4 3
238 85 15 12 9
147 59 9 7 5
146 473 4 3 2
51 141 7 5 4
445 361 12 9 7
479 333 11 8 6
292 37 4 3 2
26 220 11 8 7
30 114 17 13 10
97 409 11 9 7
10 150 6 5 4
462 487 15 12 10
234 491 16 12 9
3 494 16 13 10
94 119 11 8 6
341 317 5 4 3
289 259 17 13 10
245 456 4 3 2
331 41 7 5 4
499 181 14 11 9
77 321 4 3 2
365 11 5 4 3
3 275 13 10 8
328 267 15 12 9
45 467 8 7 6
462 211 12 9 7
425 485 5 4 3
248 237 6 4 3
120 8 12 9 8
451 58 11 8 6
36 434 7 5 4
248 120 4 3 2
315 115 14 11 8
189 114 4 3 2
321 336 12 10 8
238 289 3 2 1
138 377 8 6 5
100 339 7 5 4
67 306 8 6 5
214 402 9 7 5
261 129 3 2 1
3 487 12 9 8
413 39 11 9 7
249 267 12 9 8
389 183 15 12 10
137 202 4 3 2
9 222 17 13 10
424 153 16 13 10
497 148 3 2 1
250 429 13 11 9
15 417 10 8 7
177 439 10 9 7
240 152 4 3 2
80 487 7 5 4
20 465 13 10 8
9 463 14 12 10
77 253 8 6 4
342 72 4 3 2
379 217 14 12 9
326 436 13 11 8
317 458 11 9 7
94 256 10 8 6
400 221 10 8 6
182 188 8 7 5
499 251 9 7 6
329 283 15 13 10
13 441 5 4 3
396 286 3 2 1
221 417 8 6 5
169 278 11 8 6
446 156 14 12 10
0 163 7 5 4
437 279 9 7 5
167 64 5 4 3
446 295 12 9 7
150 316 10 8 6
320 88 3 2 1
229 342 5 4 3
48 319 14 12 9
342 402 13 11 9
312 72 5 4 3
253 214 14 11 9
451 151 8 7 6
254 321 11 9 7
0 247 9 8 6
423 293 13 11 9
45 108 5 4 3
457 41 5 4 3
318 157 7 5 4
239 95 14 12 10
195 396 13 11 9
148 380 14 12 9
339 231 13 11 9
186 24 3 2 1
20 304 14 12 10
375 88 5 4 3
63 431 9 7 5
385 300 3 2 1
270 193 4 3 2
434 318 4 3 2
208 30 3 2 1
362 109 5 4 3
27 384 6 5 4
325 425 13 10 8
91 113 12 9 7
309 403 3 2 1
143 304 10 8 6
240 479 9 8 6
475 189 12 10 8
118 227 16 13 10
91 199 8 6 4
388 438 14 12 9
230 407 3 2 1
350 64 5 4 3
162 405 9 7 6
286 178 6 4 3
162 61 13 11 8
183 79 12 10 8
207 424 14 11 9
65 169 14 12 9
453 333 17 13 10
472 275 16 13 10
481 31 6 5 4
489 481 5 4 3
205 286 13 11 9
72 125 8 6 5
58 216 10 8 7
181 424 11 9 7
215 199 4 3 2
154 223 8 6 5
473 264 5 4 3
304 338 11 9 7
268 451 3 2 1
332 121 10 8 6
195 423 13 10 8
104 426 16 13 10
127 398 7 5 4
2 431 10 7 6
71 48 5 4 3
457 482 12 10 8
489 112 6 5 4
195 16 12 10 8
104 101 10 8 6
189 213 13 10 8
97 498 5 4 3
197 298 5 4 3
116 99 12 9 7
388 404 4 3 2
426 363 16 12 10
99 47 12 9 7
70 397 8 6 5
493 14 10 8 7
349 211 15 12 9
138 217 4 3 2
345 444 10 8 7
262 47 13 10 8
497 375 5 4 3
126 238 11 8 7
128 415 3 2 1
359 330 14 12 10
330 67 3 2 1
49 47 3 2 1
170 223 9 7 5
199 366 10 8 6
290 472 10 7 5
89 280 8 6 5
497 54 16 13 10
23 11 5 4 3
108 365 5 4 3
71 206 3 2 1
295 491 7 5 4
290 279 14 12 10
336 205 8 6 5
328 290 11 9 8
398 437 10 9 7
110 390 3 2 1
332 78 4 3 2
202 226 11 9 7
114 180 12 9 7
499 450 4 3 2
172 150 3 2 1
15 118 14 12 9
131 14 6 4 3
451 167 4 3 2
120 198 12 10 8
11 138 15 12 9
115 124 8 6 4
51 392 11 8 6
43 39 10 8 6
363 6 13 11 9
10 132 5 4 3
131 376 9 8 6
234 395 12 9 7
415 189 8 7 6
174 495 9 7 5
365 220 5 4 3
320 346 3 2 1
14 356 5 4 3
79 260 9 7 6
192 400 8 6 5
118 62 12 9 7
494 56 9 7 6
139 63 13 11 9
370 309 5 4 3
206 205 3 2 1
0 463 13 10 8
109 417 4 3 2
28 458 15 11 9
136 481 7 5 4
145 135 8 6 5
195 176 12 10 8
62 65 17 13 10
366 58 4 3 2
184 229 5 4 3
32 21 11 8 6
43 440 12 10 8
205 259 16 13 10
497 363 6 5 4
203 216 11 8 7
113 25 4 3 2
244 292 5 4 3
307 88 3 2 1
152 396 14 11 8
382 38 17 13 10
418 483 14 12 10
414 91 6 5 4
417 431 16 12 10
462 81 9 7 5
12 286 12 9 7
407 165 13 10 8
255 463 3 2 1
195 221 4 3 2
235 77 3 2 1
200 58 9 7 6
297 1 8 6 5
417 287 8 7 6
370 274 6 4 3
234 27 14 12 10
71 252 9 7 5
266 278 5 4 3
344 246 3 2 1
136 144 7 6 5
487 489 3 2 1
27 373 17 13 10
198 225 3 2 1
27 305 6 5 4
426 339 3 2 1
106 398 5 4 3
378 99 14 12 9
376 288 9 7 5
476 381 13 10 8
196 408 4 3 2
467 19 10 8 6
29 415 3 2 1
377 14 10 8 6
128 35 17 13 10
370 30 5 4 3
392 187 6 5 4
392 373 11 8 6
409 335 7 5 4
249 151 10 8 6
465 175 4 3 2
158 66 13 10 9
377 194 8 6 5
1 283 4 3 2
163 219 7 5 4
499 213 3 2 1
218 32 16 12 10
142 388 8 6 5
341 167 13 11 9
307 444 10 8 6
462 167 15 12 10
13 233 3 2 1
115 420 4 3 2
22 482 15 12 10
208 485 12 9 7
35 381 4 3 2
404 391 11 9 7
33 214 13 11 9
313 268 4 3 2
0 395 12 10 8
415 243 8 6 5
116 19 7 5 4
45 180 6 4 3
225 49 6 4 3
371 443 6 5 4
60 250 5 4 3
171 136 4 3 2
177 404 13 10 8
178 391 7 6 5
53 326 5 4 3
411 420 10 8 6
116 248 12 10 8
114 276 11 8 6
442 383 12 9 7
327 301 11 9 7
224 300 6 5 4
382 24 3 2 1
461 285 8 7 6
120 381 9 7 5
457 204 9 7 5
407 395 3 2 1
211 366 16 13 10
48 378 7 5 4
324 330 13 10 8
340 300 4 3 2
343 276 4 3 2
73 462 4 3 2
414 481 16 13 10
38 286 3 2 1
75 439 10 8 7
344 498 4 3 2
105 171 16 13 10
436 392 3 2 1
5 369 12 10 9
292 227 8 6 4
134 361 11 8 7
112 351 9 7 5
356 19 14 12 10
280 362 10 8 6
360 498 11 9 7
54 358 7 5 4
36 175 14 11 9
264 72 9 8 7
396 423 3 2 1
237 105 13 10 8
376 97 4 3 2
386 197 7 5 4
145 143 11 9 7
63 93 9 7 6
489 147 8 6 4
68 159 16 13 10
463 346 16 12 10
395 59 16 12 9
326 391 9 7 6
482 122 8 6 5
484 88 15 12 9
64 75 7 6 4
324 321 4 3 2
211 288 16 13 10
449 290 13 10 7
147 270 13 10 7
98 478 10 8 6
220 382 14 12 10
59 366 14 11 9
430 309 16 13 10
61 385 11 9 7
228 383 7 5 4
363 241 5 4 3
48 253 4 3 2
97 43 14 11 8
454 360 5 4 3
44 453 9 7 5
312 315 3 2 1
315 456 12 10 8
78 322 12 9 7
394 254 3 2 1
21 6 15 12 10
260 68 4 3 2
446 473 6 5 4
214 281 5 4 3
98 282 4 3 2
325 179 8 6 5
194 119 6 4 3
220 333 8 7 6
138 402 3 2 1
412 101 10 8 6
429 81 5 4 3
247 101 13 10 8
37 428 4 3 2
56 244 14 12 10
248 31 13 10 8
105 289 10 7 5
133 409 11 9 7
279 96 17 13 10
267 28 9 7 6
413 258 13 10 8
483 246 17 13 10
24 59 9 7 6
114 213 4 3 2
228 326 3 2 1
227 437 3 2 1
339 381 7 5 4
266 145 16 13 10
321 383 15 12 10
427 307 5 4 3
130 45 8 6 4
198 88 8 7 5
297 44 4 3 2
438 387 9 7 5
149 397 14 12 10
170 316 8 6 5
469 113 14 12 10
1 432 4 3 2
458 355 5 4 3
368 302 3 2 1
252 119 4 3 2
242 95 9 7 5
487 498 9 7 6
442 5 8 6 4
76 237 11 9 8
299 150 9 7 5
0 384 13 10 9
448 206 5 4 3
129 408 6 5 4
429 492 3 2 1
369 96 4 3 2
362 494 12 9 7
28 292 3 2 1
211 62 13 10 8
279 343 12 10 8
292 398 11 9 7
47 488 13 11 8
350 488 10 8 6
347 220 8 6 5
166 452 15 12 10
142 75 15 12 10
247 426 14 11 8
434 340 9 7 5
333 111 11 9 7
192 230 3 2 1
349 377 8 6 5
363 153 16 12 10
487 481 12 10 8
446 258 10 8 7
351 113 4 3 2
27 435 6 5 4
192 418 3 2 1
144 414 12 9 7
153 400 5 4 3
354 248 4 3 2
181 269 10 8 6
125 365 9 8 7
43 425 12 10 8
490 476 12 9 7
383 80 8 6 5
473 99 3 2 1
241 443 8 6 5
332 228 3 2 1
296 106 4 3 2
443 250 4 3 2
414 193 9 7 6
480 109 3 2 1
31 239 9 7 6
3
2
8
3
9
3
4
8
8
8
8
5
4
7
7
9
6
8
10
1
9
3
6
10
2
5
5
1
3
10
3
1
10
5
2
2
5
10
7
1
7
9
4
2
3
9
4
7
9
10
4
4
6
10
10
9
4
6
4
9
5
2
8
4
1
5
1
7
5
5
2
5
8
8
8
2
10
10
6
1
5
1
6
9
5
7
1
5
10
4
4
6
1
4
7
6
1
5
7
5
8
2
3
2
5
6
9
9
1
6
1
7
10
1
6
1
6
5
5
2
3
4
2
2
7
3
10
9
2
4
7
5
8
9
3
9
2
4
2
9
9
6
2
9
10
10
6
9
4
2
4
2
7
6
4
7
5
9
10
4
2
6
10
3
3
3
5
3
10
3
4
10
10
6
7
6
8
3
10
9
7
6
10
4
9
9
7
1
1
5
8
10
4
1
2
8
3
9
9
8
7
9
5
8
7
1
8
10
5
2
2
2
3
1
8
4
8
5
10
6
3
10
9
9
3
9
10
8
3
10
7
4
5
1
7
5
3
6
9
1
5
10
1
5
5
7
5
8
7
10
1
10
7
1
5
2
6
8
8
1
5
1
4
2
8
10
3
6
5
6
3
9
4
8
10
2
2
10
9
7
8
6
8
9
10
2
5
2
6
5
7
6
7
4
6
3
8
3
5
4
6
4
3
5
2
8
5
6
8
3
4
7
7
4
9
5
6
1
8
2
2
7
8
6
3
5
2
1
10
7
2
3
10
5
8
7
6
3
10
1
9
7
1
4
10
6
9
2
6
9
4
7
10
5
5
10
1
9
3
2
1
7
5
8
7
2
4
2
8
4
1
3
4
2
4
1
5
2
6
7
7
8
8
5
8
7
3
5
9
7
3
7
4
8
3
6
3
1
1
10
8
6
5
8
1
10
1
5
10
4
9
3
10
6
1
9
6
5
5
10
7
3
2
3
1
1
7
9
1
6
1
8
6
4
2
7
2
5
8
4
1
2
4
8
6
6
9
3
5
4
5
3
10
1
7
3
2
5
1
7
3
6
10
7
3
2
8
8
6
1
4
1
5
10
10
6
7
2
1
5
7
10
4
7
2
2
2
6
2
6
7
6
7
10
3
7
9
4
9
7
