500 2500
193 174 6 5 4
174 274 8 6 5
193 49 12 10 8
289 174 6 5 4
274 220 3 2 1
289 81 13 10 8
49 40 3 2 1
274 82 11 9 7
81 329 9 7 6
2 82 3 2 1
489 2 17 13 10
358 329 14 11 8
489 465 4 3 2
289 235 14 11 9
342 82 10 8 6
235 188 13 10 8
257 220 15 12 10
358 346 3 2 1
152 465 5 4 3
174 25 16 13 10
338 235 8 6 5
162 40 9 7 5
289 290 13 11 8
444 174 4 3 2
40 325 3 2 1
104 25 16 13 10
104 480 7 6 5
325 112 10 8 6
197 444 10 8 6
215 40 9 7 5
358 158 5 4 3
49 172 5 4 3
274 466 9 8 6
489 54 7 6 5
2 70 11 9 7
215 164 6 5 4
172 431 4 3 2
152 430 9 7 6
346 392 3 2 1
146 40 8 6 5
215 141 9 8 7
193 359 14 12 10
430 397 13 11 8
498 158 3 2 1
112 94 11 9 7
94 183 3 2 1
274 249 10 8 6
257 31 7 5 4
466 109 3 2 1
328 197 12 10 8
164 340 10 9 7
356 109 16 12 10
370 81 14 12 9
340 153 12 10 8
392 194 5 4 3
454 338 11 8 7
81 253 4 3 2
160 444 12 10 8
151 40 10 8 6
392 371 11 9 7
181 392 10 8 6
153 39 7 5 4
404 54 3 2 1
392 212 5 4 3
310 253 14 12 10
152 76 10 8 7
174 262 12 9 7
302 371 15 12 10
49 178 9 7 5
188 203 8 6 5
235 458 11 9 7
371 252 15 12 10
302 449 14 12 10
153 58 16 12 10
104 80 5 4 3
357 76 10 7 6
454 131 3 2 1
43 2 15 12 10
337 338 15 11 9
126 338 12 10 8
465 376 11 9 7
325 320 14 12 10
359 292 4 3 2
294 112 10 8 7
196 212 12 10 8
307 94 10 8 7
431 129 12 9 7
96 76 10 9 7
203 72 14 11 9
404 474 15 12 10
16 346 15 12 10
444 452 12 10 9
292 241 4 3 2
128 109 5 4 3
347 25 17 13 10
257 278 11 9 7
449 312 5 4 3
431 448 10 8 6
270 320 10 8 6
282 183 4 3 2
357 351 13 11 9
212 199 6 4 3
196 388 11 9 7
232 282 13 11 9
495 160 13 11 9
94 51 11 9 7
428 16 4 3 2
298 292 9 7 6
138 162 3 2 1
119 162 13 10 8
342 386 15 11 8
423 181 10 9 8
391 312 7 5 4
280 388 11 9 7
177 359 5 4 3
290 24 3 2 1
448 373 4 3 2
177 425 3 2 1
298 91 4 3 2
196 150 10 8 6
176 310 9 7 5
400 82 5 4 3
253 213 6 5 4
472 351 10 9 7
80 374 11 9 8
428 192 3 2 1
284 257 7 5 4
36 495 6 4 3
231 49 13 10 7
136 126 9 7 5
388 55 12 10 8
320 121 5 4 3
448 44 9 7 6
123 138 16 13 10
487 231 12 10 8
366 39 8 6 5
197 4 9 7 5
332 128 10 8 6
220 491 9 7 6
28 126 8 6 5
199 18 7 5 4
5 43 10 8 7
376 48 15 11 9
470 249 12 9 7
371 416 5 4 3
312 63 15 12 10
436 307 6 5 4
489 492 7 5 4
82 399 10 8 7
199 339 16 13 10
4 53 6 5 4
461 181 5 4 3
383 212 9 7 5
243 121 3 2 1
337 32 6 5 4
89 425 9 7 5
377 328 6 5 4
194 297 4 3 2
178 189 6 5 4
402 193 13 10 8
388 409 6 5 4
253 108 3 2 1
486 24 12 10 8
237 94 9 7 5
282 405 10 8 6
75 498 4 3 2
158 433 9 7 5
228 162 13 10 8
400 457 11 9 7
358 20 7 5 4
270 29 14 11 9
328 283 11 9 7
201 29 12 9 8
33 487 3 2 1
359 118 8 7 5
137 297 9 7 5
264 119 10 8 7
457 412 8 6 5
282 59 16 13 10
337 87 11 8 6
2 122 4 3 2
454 427 7 5 4
51 438 3 2 1
352 332 3 2 1
100 146 5 4 3
326 129 15 12 9
176 84 6 4 3
490 339 6 4 3
319 339 14 12 9
181 106 5 4 3
307 385 12 10 8
192 493 5 4 3
166 357 12 9 8
325 441 5 4 3
430 260 7 5 4
337 9 15 12 9
266 9 3 2 1
192 446 4 3 2
177 381 10 8 6
231 208 4 3 2
418 282 14 12 10
216 412 4 3 2
17 122 16 13 10
27 25 13 11 9
415 431 12 10 8
280 420 3 2 1
222 412 7 6 5
454 463 4 3 2
79 415 4 3 2
166 484 11 8 7
317 232 8 6 4
469 431 14 11 8
373 184 4 3 2
432 192 9 7 6
261 297 3 2 1
244 40 13 10 7
262 95 6 4 3
236 495 5 4 3
484 464 10 8 6
303 270 4 3 2
430 71 3 2 1
292 57 12 9 7
124 484 7 6 4
399 456 3 2 1
301 153 12 9 7
284 64 16 13 10
100 475 6 5 4
340 211 9 7 5
288 373 14 12 10
123 73 9 8 7
22 328 5 4 3
284 419 16 13 10
50 490 6 5 4
211 296 12 10 8
160 202 11 8 6
213 173 11 8 6
417 347 8 6 4
24 159 6 5 4
146 361 13 11 9
455 164 10 8 6
46 417 4 3 2
454 269 4 3 2
219 356 3 2 1
390 28 14 11 9
303 246 4 3 2
276 246 10 8 7
432 333 6 5 4
387 228 10 8 6
178 275 6 5 4
327 275 16 12 9
106 47 3 2 1
276 380 10 7 5
394 386 6 4 3
50 285 9 7 6
230 184 11 8 6
97 176 14 12 10
53 11 7 6 5
115 392 11 9 7
260 414 9 7 6
440 274 8 6 5
462 475 15 12 10
349 237 16 13 10
411 5 8 6 4
78 495 15 12 10
298 207 6 4 3
21 457 14 11 9
150 334 8 6 4
157 388 12 10 8
99 440 11 9 7
197 144 11 9 8
106 496 7 5 4
258 17 17 13 10
65 201 12 9 7
273 292 17 13 10
355 370 11 9 7
306 269 9 7 5
42 39 5 4 3
469 471 13 11 9
43 263 6 5 4
393 178 9 7 5
218 390 12 10 8
224 136 12 10 8
255 199 5 4 3
13 415 17 13 10
387 365 6 4 3
69 458 11 8 6
118 167 5 4 3
143 449 3 2 1
195 192 3 2 1
83 358 11 8 7
405 26 12 10 8
76 250 14 12 10
405 368 8 6 4
233 431 4 3 2
485 72 13 10 8
174 426 7 6 4
116 121 11 8 6
56 184 9 8 6
17 245 3 2 1
377 324 3 2 1
159 315 11 9 7
397 134 4 3 2
142 78 14 11 8
20 205 14 12 9
262 251 9 7 5
424 246 16 12 10
277 213 13 11 8
135 303 7 6 4
16 35 8 6 5
362 329 4 3 2
426 38 15 12 9
65 60 3 2 1
2 74 15 12 9
210 245 3 2 1
17 221 10 8 6
279 399 10 8 6
120 136 15 11 9
484 90 4 3 2
217 104 3 2 1
351 363 4 3 2
106 133 3 2 1
278 165 10 8 6
104 476 16 13 10
130 53 9 7 5
132 203 14 11 9
40 187 6 5 4
475 156 3 2 1
119 88 6 5 4
179 325 15 13 10
349 254 10 8 7
498 422 12 9 7
61 368 13 11 9
318 90 12 10 8
350 493 5 4 3
274 259 8 6 4
154 340 4 3 2
376 15 11 9 7
413 75 13 10 8
300 244 5 4 3
444 145 7 5 4
224 114 9 7 6
305 347 6 4 3
494 438 4 3 2
424 265 4 3 2
185 422 8 6 5
172 238 16 13 10
89 67 3 2 1
447 24 6 5 4
74 460 13 10 8
445 337 15 11 8
83 451 9 8 6
290 389 11 9 8
345 399 8 6 5
29 481 17 13 10
206 219 8 6 5
239 174 15 11 9
372 167 3 2 1
186 193 17 13 10
486 482 13 11 9
388 30 9 7 6
492 378 15 12 9
412 330 3 2 1
164 406 7 5 4
437 20 6 5 4
52 492 15 13 10
468 377 3 2 1
243 226 12 9 7
168 283 11 8 6
402 225 11 9 7
166 229 6 5 4
3 51 10 8 7
37 461 4 3 2
256 468 7 5 4
484 421 11 9 7
268 193 16 13 10
358 379 7 5 4
459 379 6 4 3
6 106 9 7 6
439 115 8 6 5
469 147 12 10 8
140 89 13 10 8
410 402 8 6 5
113 202 11 9 7
341 232 8 6 4
107 276 3 2 1
479 356 10 8 6
209 392 3 2 1
254 10 5 4 3
199 272 10 8 7
153 313 4 3 2
443 363 5 4 3
394 311 6 5 4
442 121 14 12 10
175 342 10 8 6
200 261 7 5 4
106 367 12 9 7
397 12 11 9 7
477 367 15 13 10
78 360 3 2 1
400 148 3 2 1
446 169 12 9 7
484 19 14 11 8
352 198 12 10 8
438 429 7 6 5
265 8 12 9 7
377 23 13 10 8
7 311 12 9 8
98 143 8 6 5
343 148 4 3 2
7 434 10 8 6
369 251 3 2 1
93 119 13 11 8
416 117 10 8 6
206 171 9 7 5
170 8 14 12 10
166 287 7 5 4
161 349 11 9 7
336 115 3 2 1
132 344 9 7 6
86 484 10 8 6
368 408 8 6 5
60 85 3 2 1
277 309 12 10 8
79 240 14 12 9
314 38 4 3 2
299 297 4 3 2
483 362 11 9 7
125 454 8 6 5
360 435 15 11 8
478 389 3 2 1
226 34 16 12 10
421 234 14 11 9
326 384 16 13 10
354 87 3 2 1
77 174 15 12 9
263 375 14 11 9
96 335 3 2 1
66 93 14 11 8
295 188 9 7 6
159 191 3 2 1
155 187 8 7 5
149 249 12 9 7
316 60 10 8 6
499 261 7 5 4
303 398 9 7 5
298 127 16 13 10
433 323 16 12 10
453 424 10 8 7
232 1 13 10 8
315 247 9 7 6
103 127 3 2 1
61 105 14 11 9
303 407 11 9 8
281 328 13 10 8
369 322 3 2 1
139 191 12 10 8
133 92 4 3 2
430 271 11 9 7
217 488 7 5 4
190 371 3 2 1
119 286 4 3 2
437 467 16 12 9
300 111 8 7 6
353 97 4 3 2
208 163 10 8 6
144 214 11 9 7
248 220 12 9 7
109 348 13 10 9
58 321 9 7 5
92 101 4 3 2
497 22 6 4 3
15 267 9 8 6
121 382 16 12 9
223 370 15 11 9
392 204 4 3 2
473 169 6 4 3
337 291 9 7 5
245 395 15 11 9
206 403 3 2 1
361 227 13 10 8
396 137 6 5 4
364 472 10 8 6
450 448 14 11 9
308 353 10 8 6
110 349 14 11 9
343 68 15 13 10
430 180 9 8 6
62 319 12 10 8
316 41 10 8 6
102 113 12 10 8
215 401 13 11 8
0 324 3 2 1
243 182 10 8 6
114 14 13 10 8
93 45 14 11 8
26 304 12 10 8
193 331 9 8 6
293 375 5 4 3
242 395 4 3 2
241 15 10 8 6
136 321 6 5 4
332 420 6 5 4
256 28 8 6 4
234 396 11 8 7
336 204 6 5 4
477 170 4 3 2
439 10 13 11 9
42 103 4 3 2
240 410 3 2 1
438 463 6 4 3
86 174 11 8 6
411 122 4 3 2
149 152 8 7 5
386 182 4 3 2
72 277 10 8 6
363 480 3 2 1
419 31 13 10 8
68 338 15 12 10
185 38 6 4 3
78 451 12 10 8
138 219 8 6 4
312 21 5 4 3
251 409 6 5 4
213 371 5 4 3
183 317 14 11 8
391 198 5 4 3
292 191 12 9 8
104 366 5 4 3
56 233 15 13 10
54 96 12 10 8
309 368 14 11 9
158 43 10 8 6
70 468 4 3 2
372 70 13 10 8
225 262 14 11 8
175 397 9 8 6
236 62 5 4 3
128 138 16 12 9
410 405 4 3 2
159 327 4 3 2
154 473 6 5 4
283 2 7 6 5
157 215 17 13 10
410 224 7 5 4
362 106 5 4 3
385 190 10 8 7
294 404 12 9 7
496 316 3 2 1
353 201 17 13 10
306 142 7 6 5
131 203 7 5 4
143 308 15 11 8
115 278 3 2 1
321 413 8 6 5
318 374 3 2 1
241 354 12 9 7
87 149 5 4 3
279 51 6 4 3
95 342 15 12 10
195 16 17 13 10
83 462 4 3 2
448 362 3 2 1
173 313 16 13 10
445 334 3 2 1
410 60 3 2 1
406 147 11 9 7
266 498 3 2 1
348 422 12 10 8
258 133 15 11 8
152 486 5 4 3
372 339 4 3 2
450 170 15 12 9
375 490 3 2 1
488 432 9 7 5
0 321 13 10 8
41 146 5 4 3
182 139 4 3 2
44 360 12 9 7
304 200 9 7 5
13 393 12 9 7
262 205 13 11 9
76 63 17 13 10
84 67 14 11 9
15 303 3 2 1
477 227 10 7 6
130 400 9 7 5
169 330 4 3 2
120 288 13 11 8
12 66 9 7 5
126 178 17 13 10
317 423 8 6 5
235 168 10 7 6
440 80 3 2 1
81 318 15 11 9
168 100 7 5 4
151 131 9 7 5
377 19 4 3 2
477 268 5 4 3
291 19 14 11 9
75 130 3 2 1
358 204 3 2 1
428 341 4 3 2
469 360 13 10 8
219 146 15 12 9
390 399 5 4 3
307 387 5 4 3
207 494 13 10 8
81 430 9 8 6
480 191 4 3 2
92 167 7 5 4
364 113 17 13 10
134 475 4 3 2
291 251 17 13 10
67 424 6 5 4
218 417 3 2 1
313 478 13 11 8
7 378 12 10 8
353 469 16 13 10
350 371 15 12 10
162 434 12 10 7
76 315 14 11 9
382 196 13 11 8
234 477 9 7 5
160 101 3 2 1
89 19 14 11 9
321 430 3 2 1
242 498 6 5 4
127 68 12 9 7
439 319 4 3 2
283 95 4 3 2
271 380 16 12 10
113 496 9 7 5
442 291 12 9 7
260 340 12 9 7
166 233 12 10 8
491 304 9 7 6
281 364 4 3 2
282 87 3 2 1
196 101 3 2 1
166 43 8 6 4
89 188 10 9 7
23 126 10 8 6
221 450 11 9 7
78 228 13 10 8
498 249 3 2 1
465 93 8 7 6
402 181 13 11 9
327 215 7 6 4
52 207 13 11 9
7 4 8 7 6
461 76 3 2 1
47 36 15 13 10
374 174 12 10 8
460 431 7 5 4
282 132 12 9 7
448 1 13 11 9
384 392 8 6 4
263 295 3 2 1
359 95 7 6 5
13 318 12 9 7
368 382 12 9 7
106 356 14 12 10
216 114 4 3 2
227 420 14 12 9
21 445 4 3 2
203 355 9 7 5
134 353 9 7 5
390 332 12 10 8
242 246 11 8 6
422 52 4 3 2
90 232 13 10 8
215 409 11 8 6
435 98 10 8 6
132 402 9 7 5
333 281 9 7 6
453 288 15 13 10
179 307 4 3 2
270 248 15 12 9
471 89 10 8 6
54 272 6 5 4
268 93 12 10 8
123 416 15 12 10
259 112 9 7 6
298 121 9 7 5
303 211 6 5 4
423 81 8 6 5
325 464 8 6 5
344 43 6 5 4
496 285 4 3 2
104 346 3 2 1
468 393 15 11 9
251 329 16 13 10
498 423 7 5 4
267 51 8 6 5
163 276 6 5 4
108 137 4 3 2
341 169 10 8 7
68 315 12 10 8
1 460 11 9 7
219 373 13 10 8
281 155 15 12 10
345 491 3 2 1
374 361 15 12 9
127 481 15 12 10
178 413 12 9 8
352 162 3 2 1
272 415 12 9 7
469 351 4 3 2
127 46 10 8 6
49 328 3 2 1
184 30 14 12 10
141 463 12 9 7
435 379 7 6 5
11 240 3 2 1
120 98 10 8 6
402 233 3 2 1
109 270 9 7 6
393 102 7 5 4
123 317 8 6 4
282 462 15 13 10
167 42 3 2 1
39 196 6 4 3
402 81 15 12 9
2 246 3 2 1
497 476 7 5 4
32 194 3 2 1
218 436 8 6 5
21 5 9 8 6
364 221 9 7 6
385 112 7 6 5
216 282 6 5 4
333 216 5 4 3
35 258 15 11 9
424 38 10 8 6
180 17 7 5 4
358 167 7 5 4
324 104 9 7 5
20 369 9 7 5
336 425 17 13 10
213 117 8 6 4
24 181 12 10 8
393 196 12 9 7
329 415 4 3 2
41 182 14 11 8
474 174 5 4 3
196 338 13 11 9
279 305 4 3 2
1 382 6 5 4
57 321 17 13 10
229 105 4 3 2
171 88 4 3 2
175 488 10 8 6
392 329 3 2 1
412 127 6 5 4
50 68 11 9 8
325 134 6 4 3
263 212 14 11 8
414 63 11 9 8
129 350 4 3 2
264 379 13 10 8
454 245 16 12 10
155 482 7 5 4
62 40 4 3 2
493 408 6 4 3
270 168 5 4 3
90 73 4 3 2
259 178 14 12 10
421 303 4 3 2
43 346 13 10 8
465 172 10 8 6
481 49 8 6 4
353 167 9 7 5
230 4 11 9 7
457 17 5 4 3
446 157 12 9 8
288 458 7 5 4
45 120 3 2 1
33 210 5 4 3
333 132 17 13 10
433 457 14 11 8
238 382 6 5 4
434 341 11 9 7
73 142 8 6 5
46 295 11 8 6
487 457 9 7 5
195 86 14 11 9
71 21 9 7 5
297 382 3 2 1
222 171 3 2 1
125 400 11 8 7
419 268 6 5 4
299 281 6 5 4
105 190 12 9 7
423 368 3 2 1
32 414 4 3 2
266 284 8 7 5
488 58 8 7 5
396 445 11 9 7
185 46 5 4 3
85 376 14 11 8
363 93 12 9 7
210 446 3 2 1
178 145 14 12 9
393 445 16 13 10
9 443 3 2 1
191 323 17 13 10
411 455 3 2 1
320 31 13 10 9
14 192 4 3 2
119 30 15 13 10
384 100 9 7 5
398 462 3 2 1
229 77 3 2 1
129 415 7 6 5
325 178 13 10 8
41 230 8 6 5
154 465 13 10 8
176 25 14 12 10
142 480 5 4 3
148 12 7 5 4
230 383 13 11 9
355 82 15 12 10
178 443 12 9 7
15 116 13 10 8
399 239 11 9 7
287 383 14 12 10
495 336 4 3 2
199 168 5 4 3
392 410 14 11 9
155 423 6 5 4
474 255 6 5 4
460 28 15 11 8
335 410 16 12 10
382 189 3 2 1
303 215 15 13 10
435 154 14 11 9
360 494 12 10 8
407 48 8 6 5
188 272 16 12 10
442 458 17 13 10
146 495 3 2 1
149 287 10 8 6
480 184 4 3 2
378 426 7 6 4
104 325 4 3 2
105 226 7 6 5
17 36 9 7 5
333 349 15 12 9
3 453 14 11 9
330 91 9 7 5
248 42 7 5 4
401 402 6 5 4
84 375 8 7 6
367 277 14 12 10
21 328 4 3 2
137 429 7 5 4
186 237 14 11 8
351 372 5 4 3
153 93 8 6 4
237 232 15 12 10
188 392 3 2 1
147 372 9 8 6
112 23 7 6 4
457 349 12 10 8
180 68 5 4 3
308 260 16 13 10
80 0 7 6 5
446 58 13 10 8
447 42 11 9 7
159 47 11 9 7
247 10 7 6 5
412 264 6 4 3
23 84 15 11 9
224 19 12 9 7
334 449 5 4 3
313 466 10 8 6
293 157 8 7 6
437 132 6 4 3
439 450 14 11 9
393 221 8 7 6
65 182 7 6 5
393 181 4 3 2
10 116 11 9 8
24 434 7 5 4
120 51 14 11 9
413 71 6 4 3
213 472 17 13 10
247 195 5 4 3
489 136 3 2 1
133 76 17 13 10
284 256 16 12 10
409 16 3 2 1
257 373 8 6 4
399 162 7 6 4
499 258 14 11 9
137 466 9 7 5
408 391 4 3 2
311 484 4 3 2
43 144 13 10 8
39 211 11 9 7
130 63 9 7 6
441 88 11 9 7
140 376 7 6 5
165 131 10 8 7
192 283 10 8 6
100 160 7 5 4
343 21 6 4 3
37 18 12 10 8
302 174 6 4 3
173 341 3 2 1
115 246 15 12 9
162 42 13 10 8
276 426 11 9 7
130 329 4 3 2
56 247 17 13 10
79 40 12 10 8
425 467 12 10 8
473 77 16 12 9
451 116 12 9 7
460 153 16 12 10
144 446 13 11 9
409 400 13 10 8
276 430 10 8 6
263 126 13 11 9
166 67 11 9 7
30 292 7 5 4
313 101 6 5 4
439 409 4 3 2
415 363 4 3 2
197 93 7 5 4
59 426 12 9 7
255 88 8 6 5
99 213 10 8 7
217 316 17 13 10
246 448 11 8 7
175 120 4 3 2
38 9 4 3 2
379 474 8 7 5
390 361 11 9 7
473 238 11 9 7
271 133 15 12 10
94 32 17 13 10
238 489 16 13 10
91 19 15 13 10
436 83 6 5 4
296 463 3 2 1
423 15 9 7 6
395 171 10 8 6
150 476 6 5 4
311 8 8 6 4
321 475 6 5 4
211 177 5 4 3
157 187 10 7 6
4 281 8 6 4
450 322 8 6 5
67 79 3 2 1
31 313 11 9 8
174 254 6 4 3
274 420 7 5 4
294 283 14 11 9
60 498 8 7 6
444 31 8 6 4
369 73 8 6 5
359 139 4 3 2
110 287 13 11 8
253 204 4 3 2
179 433 3 2 1
436 442 13 11 9
383 111 4 3 2
154 109 15 12 10
433 378 15 12 10
83 57 15 12 10
395 167 9 7 6
41 200 14 11 8
28 69 7 5 4
72 61 7 6 5
145 44 7 6 5
296 0 8 6 5
2 491 15 11 9
231 186 3 2 1
411 266 15 12 10
351 247 14 11 9
406 222 7 6 5
196 186 10 8 6
293 358 3 2 1
34 154 11 9 7
169 133 3 2 1
264 321 4 3 2
239 486 6 5 4
462 112 4 3 2
340 248 7 5 4
117 212 16 12 10
213 456 12 9 7
80 99 6 4 3
185 125 14 11 9
138 248 8 6 5
321 79 5 4 3
291 471 3 2 1
359 124 3 2 1
92 260 13 11 9
310 216 7 6 5
93 231 10 8 6
390 349 13 11 8
76 407 4 3 2
192 137 15 12 9
313 228 3 2 1
499 238 8 6 5
251 240 13 10 8
220 322 11 8 6
33 302 14 12 9
30 284 10 8 6
464 141 7 5 4
314 276 10 8 7
377 372 9 8 6
67 164 9 7 6
427 95 7 6 5
391 409 11 9 7
84 30 6 5 4
245 261 7 5 4
182 414 9 8 6
16 38 3 2 1
90 312 4 3 2
301 160 15 11 9
190 81 15 12 10
282 432 16 12 9
259 465 6 5 4
317 392 12 9 7
211 117 12 9 7
229 110 5 4 3
22 481 16 12 10
249 45 7 6 5
185 34 6 5 4
221 75 12 10 9
467 280 12 9 8
307 163 8 6 5
378 108 15 12 10
123 119 13 10 8
140 184 5 4 3
144 90 8 6 4
218 59 6 5 4
85 434 6 5 4
465 476 3 2 1
105 140 15 12 10
270 0 9 7 6
57 498 5 4 3
50 172 14 11 9
388 116 11 9 8
436 303 10 8 6
403 219 4 3 2
344 161 15 12 9
120 338 14 12 9
8 373 13 11 9
347 181 8 6 5
439 225 6 4 3
298 108 5 4 3
419 68 7 5 4
218 288 3 2 1
32 13 6 5 4
341 459 14 11 9
347 55 12 10 8
215 244 5 4 3
395 119 4 3 2
250 303 12 10 8
49 404 3 2 1
108 429 5 4 3
132 314 16 13 10
317 390 16 12 9
354 422 4 3 2
61 18 8 6 5
218 349 13 10 8
31 484 4 3 2
90 498 11 8 7
136 46 16 12 9
339 31 14 11 9
253 119 11 9 7
324 265 5 4 3
266 248 5 4 3
471 279 15 12 10
158 96 8 6 5
54 165 4 3 2
363 172 10 8 7
460 353 4 3 2
180 359 7 6 5
189 166 10 8 6
401 103 9 7 5
188 160 16 12 10
462 271 16 13 10
451 279 11 9 7
51 146 11 9 7
283 24 11 8 6
183 242 7 5 4
192 46 9 7 5
141 124 11 8 6
124 348 11 9 7
112 364 4 3 2
370 210 16 12 9
461 441 12 10 8
162 275 9 7 6
265 454 6 4 3
325 328 12 9 7
468 195 12 9 7
419 483 16 12 10
352 156 4 3 2
371 402 6 4 3
384 499 3 2 1
343 483 14 12 10
6 160 8 7 6
273 118 9 7 5
421 423 10 8 6
453 284 4 3 2
330 352 13 10 8
233 154 6 4 3
172 490 13 10 8
436 496 3 2 1
457 469 13 10 8
347 328 4 3 2
70 419 6 5 4
361 359 11 9 7
268 380 4 3 2
71 126 3 2 1
367 10 16 12 10
342 263 4 3 2
58 27 10 8 6
387 381 8 6 5
2 227 17 13 10
89 33 6 4 3
466 295 3 2 1
221 11 5 4 3
469 238 13 10 8
381 110 5 4 3
95 106 10 9 7
495 115 14 12 10
227 32 8 6 4
345 144 9 7 6
358 478 10 8 6
332 223 8 6 5
221 279 7 5 4
314 134 4 3 2
322 175 3 2 1
121 64 4 3 2
278 166 11 9 7
93 367 3 2 1
308 18 13 11 8
286 162 13 11 9
259 22 4 3 2
128 71 10 8 6
300 121 4 3 2
23 210 6 5 4
349 11 4 3 2
118 385 6 5 4
107 357 11 9 7
429 445 4 3 2
141 193 7 5 4
365 386 13 10 8
207 9 11 9 7
255 445 3 2 1
162 129 4 3 2
68 334 10 8 6
333 57 8 7 5
416 101 5 4 3
358 302 10 8 7
243 110 16 13 10
445 93 5 4 3
470 46 8 7 6
458 170 4 3 2
427 315 14 12 10
115 367 3 2 1
471 107 4 3 2
202 192 9 7 5
300 485 15 13 10
200 120 10 8 6
50 251 4 3 2
487 445 9 7 5
369 24 4 3 2
153 165 17 13 10
314 416 12 9 7
69 490 5 4 3
409 369 7 5 4
283 427 4 3 2
375 176 3 2 1
190 413 9 7 6
86 34 5 4 3
401 311 12 10 8
109 137 4 3 2
202 443 15 12 9
132 499 12 10 9
72 289 4 3 2
359 256 6 5 4
365 278 4 3 2
343 128 13 10 8
189 456 10 8 6
392 385 9 7 5
179 310 4 3 2
88 252 14 11 9
143 38 10 8 6
321 151 3 2 1
73 392 7 5 4
252 224 9 7 6
282 438 8 7 6
129 8 4 3 2
25 297 13 10 8
290 297 15 12 10
301 88 15 11 9
203 133 8 6 5
246 231 3 2 1
56 392 14 12 9
378 27 10 8 6
333 340 3 2 1
223 333 4 3 2
224 208 11 8 6
124 163 9 7 5
195 352 9 7 6
49 315 3 2 1
83 245 6 4 3
346 15 8 6 5
426 453 6 4 3
141 430 4 3 2
336 479 8 6 5
377 271 3 2 1
430 84 3 2 1
398 176 8 7 6
434 70 4 3 2
186 366 13 10 8
485 468 14 12 9
367 309 6 5 4
62 181 11 9 7
177 256 7 6 4
38 60 11 9 7
219 173 12 10 8
481 467 12 9 8
81 31 3 2 1
376 394 13 10 7
338 32 4 3 2
27 20 17 13 10
152 144 12 10 8
111 305 11 9 7
37 318 3 2 1
280 475 14 11 8
230 370 12 10 8
338 217 3 2 1
257 444 13 10 8
152 444 9 7 6
12 385 6 5 4
382 64 7 5 4
283 134 15 12 10
119 192 5 4 3
179 114 12 9 7
110 482 5 4 3
278 443 16 13 10
26 113 3 2 1
402 117 12 9 7
281 304 14 12 10
325 487 11 9 7
110 233 4 3 2
280 301 4 3 2
342 459 4 3 2
199 235 8 6 5
107 62 11 9 8
231 106 6 5 4
439 86 15 12 10
163 374 14 11 8
443 16 5 4 3
74 216 13 10 7
198 181 15 12 10
5 107 14 11 9
102 169 4 3 2
256 128 8 6 5
177 129 3 2 1
479 186 5 4 3
246 339 4 3 2
455 479 12 9 7
336 83 6 4 3
2 12 16 13 10
185 184 6 5 4
102 243 3 2 1
46 315 13 10 9
271 90 17 13 10
340 476 15 12 9
229 163 17 13 10
250 290 4 3 2
473 231 5 4 3
114 471 5 4 3
173 138 7 5 4
101 38 5 4 3
197 392 8 7 5
110 113 7 6 5
378 64 13 10 8
328 188 11 8 6
354 313 3 2 1
268 415 3 2 1
392 19 14 11 8
222 347 16 13 10
406 458 10 8 6
182 345 5 4 3
238 106 10 8 6
447 337 14 12 10
222 36 3 2 1
126 438 5 4 3
112 391 9 7 5
32 143 5 4 3
150 112 11 8 6
182 166 11 9 7
96 213 4 3 2
394 20 12 10 8
71 230 16 13 10
311 483 14 12 10
172 493 6 4 3
249 302 3 2 1
264 297 5 4 3
419 417 10 7 6
259 479 11 9 8
497 237 10 8 6
293 472 16 12 10
452 498 13 10 8
70 133 5 4 3
136 86 12 10 8
241 216 17 13 10
42 473 4 3 2
42 462 10 8 6
454 340 4 3 2
74 345 6 4 3
318 423 4 3 2
7 234 3 2 1
141 428 5 4 3
18 195 13 11 9
442 141 14 12 10
329 2 13 11 9
45 151 7 5 4
482 295 6 5 4
465 27 7 6 5
156 486 12 9 7
286 264 12 9 7
387 44 3 2 1
450 338 5 4 3
337 182 13 10 8
213 448 16 12 9
209 435 3 2 1
192 445 6 5 4
220 380 15 12 10
476 464 13 11 8
234 388 17 13 10
104 99 12 9 7
158 21 13 11 9
304 35 12 10 8
447 482 11 9 7
306 345 6 5 4
20 249 8 6 4
411 22 10 8 6
454 493 4 3 2
422 219 4 3 2
66 302 3 2 1
84 427 12 10 8
407 209 9 7 5
224 9 11 9 7
78 198 8 6 5
392 267 5 4 3
135 32 3 2 1
345 48 15 13 10
160 199 11 9 8
117 104 4 3 2
206 151 5 4 3
296 399 8 6 4
277 68 4 3 2
233 140 14 11 9
260 209 12 10 8
185 296 3 2 1
382 298 7 5 4
440 15 6 4 3
236 275 4 3 2
131 413 6 5 4
99 187 10 8 7
434 356 14 12 9
125 92 4 3 2
368 207 8 6 5
435 95 4 3 2
409 180 15 12 10
382 369 4 3 2
337 80 13 11 8
349 438 4 3 2
134 118 12 9 7
112 44 3 2 1
182 372 15 12 10
122 37 8 6 4
226 157 11 9 7
129 382 6 4 3
320 108 7 6 5
450 245 4 3 2
121 29 3 2 1
15 180 12 9 8
4 346 13 10 8
249 50 13 11 8
420 137 10 8 6
103 453 8 6 5
118 242 16 12 10
120 452 13 11 8
121 244 15 12 10
325 243 12 10 8
492 154 3 2 1
217 274 6 4 3
190 16 4 3 2
470 131 10 8 6
370 339 10 8 6
455 264 4 3 2
427 383 4 3 2
199 240 6 5 4
59 4 9 7 5
441 301 8 6 4
190 447 8 6 5
44 69 10 9 8
378 43 12 9 7
497 345 4 3 2
257 10 7 5 4
346 25 3 2 1
54 452 16 13 10
379 494 7 6 5
467 485 5 4 3
448 191 9 8 6
28 412 7 5 4
376 331 8 6 5
456 426 3 2 1
457 365 3 2 1
372 422 10 8 6
404 170 4 3 2
364 321 12 10 8
214 424 4 3 2
181 107 3 2 1
444 173 13 11 9
486 333 5 4 3
13 433 11 9 7
164 389 3 2 1
440 148 16 12 10
226 290 7 5 4
55 302 8 6 5
86 378 4 3 2
445 57 15 12 10
19 35 13 11 9
344 140 5 4 3
209 270 5 4 3
360 480 13 11 8
460 361 6 4 3
259 482 16 13 10
350 429 15 13 10
218 410 11 9 7
400 228 4 3 2
138 255 5 4 3
80 173 14 11 8
481 21 6 5 4
191 123 16 12 10
120 41 12 9 8
42 6 5 4 3
189 455 14 11 9
222 206 11 9 7
247 357 7 6 5
285 446 3 2 1
143 434 15 13 10
47 432 4 3 2
146 287 12 10 8
115 55 3 2 1
478 188 7 6 5
350 298 4 3 2
120 317 5 4 3
220 238 11 9 7
372 220 16 13 10
456 325 14 12 10
395 268 13 10 8
32 132 9 7 5
334 188 11 9 7
342 255 8 6 5
442 236 4 3 2
470 186 10 8 7
394 383 5 4 3
234 48 11 8 6
218 159 4 3 2
174 396 14 12 10
306 256 15 11 8
399 437 3 2 1
165 41 15 11 9
274 245 13 11 8
359 476 5 4 3
232 166 15 12 9
442 261 14 11 9
451 13 3 2 1
74 1 3 2 1
245 134 6 4 3
12 289 6 5 4
266 199 17 13 10
94 453 13 10 8
327 45 4 3 2
82 10 12 10 8
366 7 17 13 10
173 220 3 2 1
138 174 9 7 6
241 143 8 7 5
58 415 6 5 4
382 447 12 10 9
146 248 15 11 8
22 29 8 7 6
222 263 13 11 9
498 165 4 3 2
95 24 13 10 8
489 446 12 9 7
110 65 5 4 3
336 458 15 12 9
63 355 14 11 8
317 49 16 13 10
146 208 4 3 2
399 143 7 5 4
358 64 12 9 8
359 355 8 7 5
418 168 6 5 4
286 227 8 6 5
244 79 7 5 4
115 149 15 13 10
198 465 9 7 6
356 119 12 10 8
83 44 4 3 2
81 86 6 4 3
329 255 4 3 2
469 281 6 4 3
200 474 5 4 3
417 56 12 10 8
454 138 4 3 2
269 99 3 2 1
109 273 4 3 2
364 9 3 2 1
320 79 9 7 6
465 313 14 11 8
328 125 12 10 9
191 310 6 5 4
269 210 4 3 2
18 190 4 3 2
164 105 7 5 4
480 106 3 2 1
266 35 4 3 2
498 433 5 4 3
400 343 15 12 9
251 397 10 8 6
128 431 4 3 2
476 74 6 5 4
90 221 8 6 5
370 277 15 12 9
333 411 10 8 6
184 164 14 12 10
190 482 3 2 1
152 426 5 4 3
9 479 3 2 1
429 471 11 8 7
375 235 11 9 7
494 141 11 8 6
313 403 14 11 9
53 298 8 7 6
238 466 15 12 10
27 283 9 8 7
418 364 10 8 6
43 484 5 4 3
126 282 13 11 9
54 449 12 9 7
335 431 9 7 6
138 9 15 12 9
126 60 12 9 7
312 158 5 4 3
455 470 8 7 6
62 398 4 3 2
392 134 6 4 3
330 60 3 2 1
149 16 11 9 7
289 299 13 11 9
27 376 13 10 8
111 290 15 11 9
139 376 9 7 5
441 447 15 13 10
169 390 12 10 8
317 64 6 5 4
481 236 4 3 2
286 44 15 12 10
94 302 9 7 6
490 143 13 10 8
202 224 7 6 5
343 364 5 4 3
367 112 7 5 4
464 259 6 5 4
87 7 9 7 6
189 138 3 2 1
225 24 13 10 8
72 55 9 7 5
110 274 15 12 10
424 19 9 7 5
296 9 17 13 10
490 497 9 7 6
72 186 16 13 10
341 264 12 9 7
245 160 6 4 3
53 318 12 9 8
372 442 3 2 1
93 17 12 10 8
228 126 14 12 9
156 41 11 8 6
311 248 9 7 5
448 219 15 12 9
158 116 10 8 6
413 90 10 8 6
186 467 9 8 6
435 473 5 4 3
9 442 11 9 7
230 462 10 8 6
371 192 13 10 8
459 182 10 8 6
137 261 11 8 7
235 435 5 4 3
198 15 15 13 10
289 34 14 11 9
489 146 7 6 5
39 492 10 8 7
277 62 4 3 2
181 430 11 9 8
384 234 4 3 2
367 459 12 10 8
228 296 15 12 9
276 113 16 12 10
464 412 9 7 5
249 23 11 9 7
265 72 8 6 5
431 290 4 3 2
286 3 14 11 9
281 321 3 2 1
420 196 15 12 10
163 404 10 8 6
124 385 5 4 3
34 484 7 5 4
212 47 12 10 7
409 36 12 9 7
234 25 7 5 4
123 338 5 4 3
44 160 9 7 6
378 404 9 7 5
478 452 9 7 6
357 398 10 8 6
366 119 14 11 9
299 156 5 4 3
240 156 8 6 5
111 388 13 10 8
51 487 4 3 2
210 435 3 2 1
352 100 4 3 2
459 140 4 3 2
377 259 13 10 8
231 153 16 12 10
413 62 8 7 5
18 209 4 3 2
440 422 7 6 4
264 429 9 7 6
215 137 5 4 3
333 170 14 11 8
124 83 13 10 8
212 407 12 10 8
247 294 3 2 1
258 278 14 12 9
27 31 6 5 4
110 124 5 4 3
291 404 12 9 7
455 312 8 6 4
399 103 12 9 7
351 487 8 6 5
215 432 14 11 9
295 27 8 7 6
260 170 5 4 3
212 225 8 6 4
216 228 13 10 9
349 40 14 11 8
103 118 8 6 4
328 293 4 3 2
200 217 6 4 3
19 320 3 2 1
395 60 7 5 4
226 79 15 12 10
340 311 15 12 9
170 175 11 8 7
284 286 12 9 7
377 374 14 11 9
444 478 9 7 5
41 319 14 12 10
41 482 17 13 10
14 465 3 2 1
168 12 10 8 6
459 383 9 7 6
104 32 5 4 3
325 414 17 13 10
360 293 9 7 5
409 187 4 3 2
339 393 13 10 8
361 195 6 5 4
434 64 6 5 4
412 442 3 2 1
75 465 8 6 4
170 451 3 2 1
327 334 11 8 6
189 365 8 7 5
383 400 3 2 1
265 423 11 9 7
299 122 15 13 10
111 374 4 3 2
336 211 11 9 7
44 161 8 7 6
386 108 9 7 5
33 134 4 3 2
394 449 15 11 9
423 267 7 6 5
292 277 7 6 4
10 209 7 6 4
82 160 16 13 10
42 266 5 4 3
151 429 10 9 7
406 86 14 12 10
77 348 8 6 5
68 167 12 10 8
260 137 3 2 1
154 429 14 11 9
326 60 10 8 6
307 459 10 8 6
154 365 10 8 6
466 196 15 11 9
149 259 8 6 5
159 253 5 4 3
293 434 14 11 9
102 430 5 4 3
148 53 6 5 4
84 166 11 9 7
395 126 10 8 7
244 275 9 8 7
81 231 7 6 5
101 430 9 7 5
413 237 14 11 8
340 225 4 3 2
268 312 5 4 3
455 367 15 12 9
384 426 7 5 4
252 231 3 2 1
254 447 6 5 4
147 363 14 11 9
125 282 14 11 9
81 51 15 12 10
381 269 8 7 6
419 261 10 8 6
115 154 8 7 5
385 302 8 6 5
408 423 12 10 9
434 100 7 5 4
365 224 14 12 10
274 57 17 13 10
2 52 11 9 8
135 117 3 2 1
99 426 13 10 8
118 198 12 10 8
78 161 6 5 4
179 184 3 2 1
321 159 5 4 3
418 280 14 11 9
302 242 12 9 7
164 299 9 7 5
332 498 11 8 6
350 432 6 5 4
489 383 13 11 9
26 272 8 6 5
168 166 15 12 9
291 288 10 8 6
323 321 6 5 4
389 161 9 7 5
386 360 10 8 7
7 42 5 4 3
307 431 5 4 3
214 24 7 6 5
330 298 5 4 3
103 26 16 13 10
362 261 4 3 2
395 275 5 4 3
189 417 12 9 7
4 368 15 12 10
95 121 13 10 8
306 316 13 10 8
46 489 3 2 1
261 154 12 10 8
307 137 8 6 5
66 286 14 11 9
8 68 6 5 4
26 69 15 12 10
323 429 11 8 7
72 189 12 10 8
249 137 9 7 6
413 10 8 7 6
258 308 11 9 7
399 76 15 11 9
133 249 12 9 7
227 188 6 5 4
379 245 6 5 4
263 398 5 4 3
36 275 7 5 4
262 170 4 3 2
364 297 10 8 6
111 378 13 10 8
346 22 7 5 4
421 208 12 9 7
174 104 8 6 5
21 361 4 3 2
352 187 12 9 7
245 41 11 9 7
10 282 16 12 10
8 3 7 6 5
372 161 16 12 9
92 272 5 4 3
107 309 11 8 6
443 407 14 12 10
437 77 5 4 3
116 192 10 8 7
231 266 14 12 9
120 193 11 9 7
321 172 3 2 1
128 467 6 5 4
123 418 11 8 7
286 39 16 12 10
459 240 16 12 10
266 233 10 7 5
41 300 15 12 10
165 381 3 2 1
63 400 14 11 8
79 155 7 5 4
141 288 8 6 5
157 429 3 2 1
149 312 13 11 9
206 355 8 7 6
34 215 8 6 4
456 397 13 11 9
219 313 13 10 8
346 487 15 13 10
345 90 4 3 2
316 359 6 5 4
106 422 16 12 9
20 48 4 3 2
125 452 8 7 6
112 193 4 3 2
184 435 14 12 10
364 341 8 6 5
405 210 10 8 6
469 264 3 2 1
392 131 3 2 1
286 147 5 4 3
455 224 16 12 10
481 381 8 6 4
470 75 6 4 3
26 375 17 13 10
57 90 11 9 7
227 211 10 8 7
16 71 16 13 10
56 95 10 8 6
455 48 3 2 1
491 258 15 12 9
76 277 15 13 10
459 158 13 10 8
39 332 11 9 7
380 404 10 8 7
270 208 7 5 4
312 473 3 2 1
382 308 5 4 3
403 16 6 5 4
234 462 6 5 4
60 187 14 11 9
45 13 14 12 9
347 386 6 5 4
72 80 15 12 10
153 62 14 11 9
223 113 3 2 1
270 102 3 2 1
113 33 5 4 3
11 476 14 11 9
9 292 3 2 1
297 488 11 8 6
195 258 11 9 7
199 408 15 13 10
443 459 3 2 1
260 390 4 3 2
26 349 12 10 8
113 144 10 8 7
381 32 12 9 8
480 57 7 6 5
194 490 4 3 2
252 211 4 3 2
215 176 7 5 4
224 66 6 5 4
146 334 10 8 6
233 302 15 12 10
24 46 15 12 10
150 9 14 12 10
389 90 16 12 10
86 160 11 9 7
491 489 6 4 3
327 452 7 5 4
303 218 7 6 5
415 397 13 11 9
346 311 14 11 8
105 367 9 7 6
327 458 14 11 9
418 320 14 11 8
65 146 7 6 4
424 367 17 13 10
40 452 7 6 5
280 135 5 4 3
340 61 10 8 6
318 93 6 5 4
284 334 16 13 10
96 108 8 6 4
102 12 3 2 1
435 58 11 8 6
267 119 6 4 3
228 135 10 8 6
361 463 12 10 8
442 240 6 5 4
89 366 8 7 5
310 494 13 11 9
37 290 3 2 1
437 251 16 12 10
112 390 5 4 3
134 25 14 12 10
121 330 3 2 1
26 251 14 11 9
307 371 6 5 4
254 125 8 6 5
221 112 3 2 1
417 415 11 9 7
346 468 12 9 7
277 350 8 6 5
165 219 14 11 9
205 48 6 5 4
149 313 12 9 7
84 296 5 4 3
193 100 17 13 10
200 483 13 11 9
133 286 9 7 5
20 372 15 13 10
384 114 9 7 5
315 497 8 6 4
375 431 10 9 7
219 375 8 6 5
92 234 7 5 4
415 437 7 6 5
275 281 6 4 3
425 72 11 8 7
17 474 13 10 8
432 273 6 4 3
409 198 3 2 1
50 355 9 8 7
159 68 16 12 9
306 107 15 13 10
461 419 4 3 2
304 18 11 9 7
7 171 8 6 5
144 402 13 10 8
322 498 10 8 6
443 85 10 8 7
239 271 3 2 1
416 247 14 11 9
472 394 15 12 9
253 169 12 10 8
119 201 8 7 6
184 54 6 4 3
209 32 13 10 8
64 244 15 12 10
82 313 3 2 1
212 248 6 5 4
479 92 12 10 8
478 470 14 11 9
105 282 7 5 4
474 346 10 8 7
374 90 4 3 2
353 152 8 6 5
232 290 4 3 2
124 54 10 8 7
206 454 11 9 8
59 305 6 4 3
379 478 4 3 2
441 474 10 8 6
57 493 4 3 2
403 332 10 8 6
494 44 8 7 5
426 17 11 9 8
24 163 5 4 3
83 465 4 3 2
261 140 12 9 7
94 190 9 7 6
157 68 4 3 2
476 113 9 7 5
472 95 7 5 4
404 85 12 10 8
137 201 6 5 4
391 213 16 12 9
213 405 8 6 4
349 379 15 12 10
268 412 11 9 7
373 22 3 2 1
360 445 10 9 7
157 490 6 4 3
117 180 7 6 5
467 56 15 12 10
482 357 15 11 9
76 45 3 2 1
294 449 14 11 9
341 97 9 7 6
16 327 12 9 7
291 211 14 11 9
59 130 7 5 4
50 481 4 3 2
241 115 3 2 1
305 311 3 2 1
16 188 15 13 10
47 338 3 2 1
33 373 11 8 6
243 290 4 3 2
342 66 9 7 5
362 185 9 7 5
476 381 7 6 5
456 21 4 3 2
197 18 11 9 7
118 40 4 3 2
59 310 6 5 4
132 259 7 5 4
449 197 15 12 9
484 325 9 7 5
360 442 3 2 1
290 107 9 8 6
228 335 3 2 1
210 3 13 11 9
146 55 13 10 8
150 260 13 11 9
231 216 16 13 10
47 175 10 8 6
167 110 5 4 3
253 285 14 11 8
101 60 8 7 5
283 187 9 7 6
34 103 4 3 2
109 230 7 5 4
302 466 4 3 2
297 123 4 3 2
73 34 4 3 2
177 452 6 4 3
198 190 5 4 3
317 21 3 2 1
103 11 5 4 3
35 465 4 3 2
361 138 5 4 3
314 101 10 7 5
181 432 3 2 1
497 76 16 13 10
306 55 14 12 10
0 334 12 10 9
237 322 17 13 10
273 332 9 7 5
70 239 13 10 8
372 358 5 4 3
327 145 10 8 6
8 216 9 7 5
124 31 3 2 1
212 180 11 9 7
463 148 10 8 7
373 283 16 13 10
153 76 12 10 9
491 262 10 8 7
330 401 8 6 5
205 101 8 7 5
189 220 4 3 2
61 275 8 7 5
292 279 10 8 6
135 387 10 8 6
410 159 4 3 2
165 2 15 12 10
470 29 3 2 1
413 322 12 10 8
422 71 4 3 2
499 434 10 9 7
210 243 14 12 10
349 205 7 5 4
473 164 5 4 3
494 408 5 4 3
169 489 12 9 7
135 108 4 3 2
429 294 12 10 8
74 133 11 9 8
90 456 10 8 6
36 337 11 9 7
468 15 8 7 5
116 276 17 13 10
14 13 3 2 1
107 213 12 9 7
183 275 7 6 5
125 455 9 7 5
250 452 12 9 8
262 389 14 11 9
5 199 9 7 5
272 75 16 12 9
196 32 5 4 3
264 494 4 3 2
91 204 8 7 5
221 158 3 2 1
346 93 10 8 6
439 385 17 13 10
386 227 14 11 9
175 212 5 4 3
332 493 6 4 3
383 273 10 8 6
89 438 4 3 2
148 250 10 8 6
459 178 3 2 1
38 453 11 9 7
151 203 10 8 6
169 420 3 2 1
184 31 13 11 8
398 181 15 12 10
346 69 16 13 10
224 421 15 12 9
261 301 6 5 4
427 369 11 9 7
271 63 6 4 3
104 163 3 2 1
74 384 4 3 2
39 86 8 6 4
94 295 3 2 1
481 42 4 3 2
142 359 5 4 3
163 72 11 9 7
430 20 10 8 6
212 95 13 11 8
66 374 4 3 2
268 332 4 3 2
209 311 15 12 10
360 268 13 11 9
18 237 7 5 4
84 233 11 9 7
272 9 5 4 3
348 453 8 6 4
90 242 11 9 7
202 268 3 2 1
90 290 8 6 4
30 68 6 4 3
5 96 3 2 1
387 3 11 9 7
42 485 3 2 1
273 73 13 10 8
450 486 3 2 1
160 328 13 10 8
486 290 3 2 1
197 416 15 12 10
149 428 7 5 4
38 147 6 4 3
84 295 15 12 9
350 184 4 3 2
409 461 4 3 2
314 346 5 4 3
2 399 8 6 4
330 339 4 3 2
446 75 12 10 8
303 451 10 9 7
351 18 12 10 7
493 109 4 3 2
406 451 10 8 7
36 194 13 10 8
190 298 3 2 1
136 14 6 4 3
24 274 4 3 2
484 474 13 11 8
238 184 4 3 2
0 30 5 4 3
364 200 14 12 9
443 347 4 3 2
390 65 3 2 1
305 209 3 2 1
58 439 15 12 10
22 48 3 2 1
371 48 8 6 5
492 118 3 2 1
18 435 10 8 7
418 47 14 11 9
251 3 3 2 1
35 488 4 3 2
224 387 5 4 3
32 223 14 12 10
247 271 4 3 2
139 483 4 3 2
229 320 3 2 1
414 355 16 12 10
255 58 5 4 3
210 319 15 12 10
317 3 4 3 2
39 312 9 7 5
91 233 5 4 3
12 140 10 8 6
339 465 12 9 7
246 76 8 6 5
468 461 17 13 10
207 482 4 3 2
53 419 8 7 6
237 116 3 2 1
178 497 3 2 1
21 478 15 11 9
281 132 6 4 3
214 296 11 9 7
242 157 9 7 6
263 0 3 2 1
480 246 13 11 9
388 481 6 5 4
436 180 5 4 3
133 393 4 3 2
256 454 4 3 2
282 2 4 3 2
455 64 13 11 9
169 404 10 7 5
227 128 11 9 8
158 349 16 12 10
141 239 15 12 9
162 207 9 8 6
437 461 4 3 2
40 185 12 10 8
202 482 9 7 5
209 91 11 8 6
234 102 12 9 7
33 118 13 10 8
334 484 4 3 2
486 494 3 2 1
118 377 8 6 4
240 76 13 10 8
50 357 4 3 2
321 352 12 10 8
299 448 4 3 2
453 293 10 8 6
302 322 7 6 5
226 446 9 7 5
244 144 13 11 9
499 374 5 4 3
172 290 7 5 4
0 393 16 13 10
495 490 12 10 8
350 421 14 12 10
15 461 5 4 3
140 143 9 7 5
482 344 6 4 3
465 254 4 3 2
481 476 15 12 10
334 52 4 3 2
5 20 6 5 4
185 163 8 6 5
33 122 8 6 5
272 469 16 13 10
419 203 4 3 2
491 187 15 12 10
168 231 6 4 3
220 292 5 4 3
371 412 15 12 9
315 416 5 4 3
314 250 8 7 5
169 207 5 4 3
76 284 10 8 6
221 169 4 3 2
126 119 14 11 9
380 350 7 5 4
176 191 16 13 10
406 132 14 11 8
409 170 10 9 7
136 40 3 2 1
268 237 4 3 2
286 444 13 10 8
351 292 3 2 1
235 27 16 13 10
163 436 12 9 7
378 60 12 9 7
301 147 14 12 9
346 349 7 6 5
295 198 6 4 3
143 427 8 6 4
210 9 15 12 9
252 55 13 10 8
65 455 7 6 4
302 373 17 13 10
231 234 16 12 9
370 153 10 8 6
249 419 16 12 10
363 253 4 3 2
477 350 12 10 9
171 67 9 7 5
433 230 7 6 5
471 436 16 12 9
452 60 15 11 8
94 264 6 4 3
97 280 10 9 7
398 125 3 2 1
151 248 13 10 8
440 129 14 11 9
236 160 13 10 8
174 117 13 10 8
147 480 15 12 9
80 122 9 7 6
66 71 5 4 3
322 21 16 12 10
336 303 7 5 4
482 298 13 11 8
423 364 3 2 1
317 83 4 3 2
211 200 8 7 6
381 214 16 13 10
124 380 7 5 4
222 252 10 8 7
447 326 4 3 2
160 155 6 4 3
179 160 14 11 9
259 168 15 12 9
200 406 9 7 5
4 406 3 2 1
311 440 3 2 1
474 305 8 6 5
252 355 12 10 8
177 88 12 10 9
496 128 13 10 7
333 135 9 7 5
320 439 13 10 9
334 354 5 4 3
333 221 9 7 5
476 351 13 10 8
248 184 8 6 5
280 270 8 7 5
187 100 6 5 4
492 71 4 3 2
486 135 15 12 9
331 351 8 6 5
284 493 5 4 3
140 278 4 3 2
33 297 14 12 9
295 331 8 6 5
436 433 13 10 8
392 44 7 6 5
286 347 16 12 9
310 313 8 7 5
363 439 3 2 1
287 201 4 3 2
219 318 6 4 3
378 240 11 9 7
100 421 16 13 10
188 3 10 7 5
332 335 4 3 2
128 269 15 12 10
141 146 6 4 3
63 379 4 3 2
126 384 8 6 5
487 166 6 4 3
265 347 8 6 4
494 199 14 11 9
239 376 7 5 4
305 108 4 3 2
257 396 4 3 2
6 341 6 5 4
461 18 3 2 1
267 379 3 2 1
367 158 5 4 3
6 317 5 4 3
255 263 8 7 5
249 381 15 12 9
143 113 3 2 1
207 202 16 13 10
449 310 5 4 3
31 310 5 4 3
391 100 7 6 4
149 129 7 6 5
47 329 9 7 5
247 420 15 11 9
181 374 9 7 6
246 263 9 8 6
116 170 3 2 1
115 239 4 3 2
493 43 11 9 7
79 33 4 3 2
110 17 15 12 10
192 70 13 11 9
166 367 14 11 9
412 58 3 2 1
180 203 12 10 8
399 242 5 4 3
299 147 15 13 10
197 130 4 3 2
447 403 7 6 4
274 219 11 9 7
296 17 17 13 10
445 348 6 5 4
272 131 12 10 8
276 244 6 4 3
86 218 8 6 5
481 277 5 4 3
489 170 3 2 1
432 111 3 2 1
62 263 11 8 6
159 366 10 8 6
367 125 15 13 10
322 240 12 9 7
407 148 13 10 8
298 383 4 3 2
444 132 7 6 5
39 463 10 8 7
97 40 11 9 7
399 448 3 2 1
383 142 4 3 2
474 7 14 11 8
389 491 9 7 6
191 59 12 10 8
134 42 7 6 5
270 275 4 3 2
19 175 12 9 8
460 245 5 4 3
478 261 14 12 10
20 473 11 9 8
317 260 4 3 2
38 358 10 8 6
42 480 3 2 1
93 351 15 12 10
118 100 4 3 2
473 252 6 4 3
40 26 12 9 7
139 421 13 10 8
192 455 7 6 5
15 211 6 5 4
198 29 5 4 3
72 58 5 4 3
292 468 3 2 1
448 0 7 6 4
266 217 14 11 9
499 116 5 4 3
416 84 7 6 5
54 491 5 4 3
180 443 16 13 10
56 193 13 10 7
0 332 10 8 6
64 51 5 4 3
70 4 12 9 7
259 248 9 7 6
146 103 9 7 6
325 496 12 9 7
398 90 15 12 10
356 164 3 2 1
120 475 11 8 7
397 60 13 10 8
450 417 4 3 2
481 262 12 10 8
122 251 8 7 6
39 313 8 6 5
255 100 3 2 1
26 147 7 6 5
47 173 3 2 1
321 456 3 2 1
71 77 6 4 3
139 352 5 4 3
236 119 12 10 8
334 350 16 13 10
171 16 7 5 4
183 404 13 11 9
407 287 12 9 7
158 165 3 2 1
87 475 8 6 5
383 248 5 4 3
180 42 8 6 5
230 232 12 10 8
163 492 4 3 2
105 310 12 10 8
99 346 9 7 5
423 477 7 5 4
252 68 9 8 6
414 434 8 6 5
191 121 9 7 6
323 124 12 10 8
369 18 7 6 5
374 97 12 9 7
47 339 3 2 1
417 431 5 4 3
118 72 3 2 1
346 463 5 4 3
107 272 3 2 1
135 289 8 6 5
377 155 13 10 8
418 299 12 10 7
429 411 13 11 9
405 234 11 8 7
205 71 15 12 9
285 339 11 8 6
450 183 12 10 8
381 256 10 8 6
375 77 11 9 7
63 9 4 3 2
428 381 8 6 5
1 148 9 7 6
252 58 11 9 8
110 207 15 12 9
493 338 5 4 3
205 198 5 4 3
15 32 12 10 8
215 145 12 10 8
133 82 13 10 7
368 245 6 5 4
28 273 3 2 1
6
7
10
3
3
7
3
5
6
8
3
6
10
2
7
4
3
6
1
10
9
3
9
7
5
3
5
2
3
9
10
4
2
5
8
3
7
4
2
5
9
1
3
5
10
4
2
8
6
6
6
6
4
7
7
8
3
9
6
6
9
5
8
5
3
5
6
8
7
7
7
7
3
3
3
7
9
9
7
6
2
9
5
7
5
7
5
1
7
9
2
5
6
1
6
6
7
3
7
2
4
5
8
9
10
4
4
2
6
7
5
8
8
2
6
4
3
6
7
9
4
6
10
6
7
10
10
5
7
1
6
8
2
10
1
5
6
1
6
2
10
7
1
10
6
7
7
2
7
8
4
2
10
8
9
10
10
7
4
10
6
4
6
5
7
9
3
6
2
3
1
9
7
10
3
3
1
3
3
2
5
8
3
9
2
5
5
4
10
8
2
6
4
5
7
6
5
5
4
7
1
2
1
10
4
2
6
5
4
9
4
7
2
2
3
7
8
2
4
10
9
8
10
9
3
1
3
9
2
4
7
8
2
10
8
7
6
10
7
5
5
9
8
8
2
4
6
10
9
9
10
10
6
8
8
1
3
6
1
6
3
1
1
9
9
4
6
9
5
1
7
9
10
1
5
5
1
5
2
4
1
9
10
8
9
7
4
7
7
2
5
4
8
6
4
8
3
1
9
1
6
7
6
3
8
4
8
10
5
1
4
3
1
7
9
3
2
7
4
5
3
8
8
10
1
2
6
1
9
6
7
5
10
7
6
5
6
4
1
9
10
9
3
10
2
9
4
2
9
8
4
6
8
3
3
3
4
7
2
5
6
7
10
4
8
7
8
6
4
7
4
9
1
6
10
5
5
3
7
9
7
5
8
1
1
8
8
6
7
10
3
10
2
10
5
9
9
2
9
4
8
9
3
7
9
6
4
4
1
3
9
7
10
4
10
1
8
1
9
5
9
8
8
3
7
2
10
7
7
10
1
8
2
4
3
7
2
10
5
8
6
4
8
5
10
6
8
5
7
6
1
4
1
10
9
3
9
6
2
3
7
2
5
10
9
4
8
1
5
8
10
8
2
4
6
2
4
1
2
4
7
5
2
8
5
5
3
5
3
8
4
2
8
2
9
4
9
2
2
10
