500 2500
278 422 5 4 3
422 443 8 6 5
422 12 12 10 8
361 443 6 5 4
169 278 3 2 1
230 443 7 5 4
441 169 15 12 10
454 230 6 5 4
230 397 5 4 3
182 422 9 7 5
463 169 10 8 6
441 129 8 6 4
230 280 5 4 3
443 270 4 3 2
361 71 13 10 8
246 270 17 13 10
397 396 14 11 9
329 441 12 9 7
463 371 7 5 4
246 172 5 4 3
257 441 14 11 9
129 275 4 3 2
243 270 11 9 7
180 182 6 5 4
397 65 5 4 3
99 172 16 13 10
409 397 6 5 4
246 253 10 8 6
428 246 5 4 3
138 396 14 11 8
275 426 5 4 3
270 312 14 12 9
230 322 8 7 5
409 113 3 2 1
26 230 5 4 3
206 428 10 8 6
163 138 16 12 10
113 166 7 5 4
215 230 13 10 8
314 206 7 5 4
127 180 6 5 4
45 409 3 2 1
189 253 3 2 1
180 8 12 10 7
284 397 14 12 9
153 172 6 4 3
329 437 12 10 8
453 26 5 4 3
172 23 6 5 4
215 267 3 2 1
206 39 3 2 1
396 323 7 5 4
173 426 5 4 3
163 380 11 9 7
292 314 10 8 6
329 73 8 6 5
333 323 13 10 8
422 367 3 2 1
443 221 4 3 2
468 172 9 8 6
4 172 4 3 2
409 326 7 5 4
261 292 12 9 8
169 75 8 6 5
292 444 12 10 8
278 320 14 12 10
413 270 8 6 5
468 7 15 12 10
437 317 9 7 5
73 35 8 6 5
83 333 16 13 10
355 261 9 7 6
292 207 5 4 3
135 468 7 5 4
498 166 15 12 9
299 329 16 12 10
117 169 12 10 8
428 216 3 2 1
169 447 7 5 4
439 261 4 3 2
362 12 3 2 1
428 205 12 10 8
182 390 15 13 10
192 117 5 4 3
265 426 3 2 1
99 271 10 8 7
312 436 16 12 10
26 14 14 12 9
180 482 3 2 1
89 138 12 10 8
477 270 3 2 1
333 388 15 12 10
127 373 4 3 2
480 323 15 13 10
95 127 12 9 7
277 230 3 2 1
83 87 12 10 8
237 246 5 4 3
408 409 7 6 5
189 211 6 4 3
409 132 12 10 8
394 83 12 9 7
333 419 5 4 3
214 216 6 5 4
75 330 13 11 9
46 444 12 10 8
454 403 13 11 8
216 295 12 9 7
214 165 5 4 3
267 324 4 3 2
31 138 4 3 2
357 419 13 11 9
127 391 5 4 3
284 115 15 12 9
95 352 16 13 10
216 116 3 2 1
453 139 11 8 6
344 172 14 11 8
447 11 10 8 7
31 54 9 7 5
371 150 14 11 8
298 453 10 8 7
395 26 7 6 5
73 34 8 7 5
436 61 7 6 5
410 468 17 13 10
454 283 4 3 2
362 302 15 11 8
170 283 16 12 9
232 214 10 8 6
223 388 14 11 9
9 46 5 4 3
489 11 12 9 7
413 421 5 4 3
253 376 5 4 3
320 350 11 9 7
317 472 10 8 6
286 388 10 8 6
211 16 4 3 2
246 485 11 9 8
156 480 13 10 8
202 323 4 3 2
99 470 8 6 5
398 373 12 9 7
205 332 4 3 2
182 307 10 8 6
211 175 9 7 5
472 125 5 4 3
461 277 11 9 8
164 223 16 13 10
232 32 10 8 6
143 441 11 9 7
2 35 13 10 8
76 397 4 3 2
191 12 6 5 4
240 61 8 6 4
339 132 12 10 8
333 254 4 3 2
292 484 11 9 7
224 320 9 7 5
324 462 12 10 8
393 283 7 5 4
352 491 16 13 10
485 13 13 11 8
456 132 14 11 8
111 166 10 8 6
410 203 12 10 7
477 296 7 5 4
145 8 4 3 2
267 321 4 3 2
115 349 12 10 8
65 306 14 12 9
390 405 6 4 3
95 343 17 13 10
243 119 15 13 10
26 346 4 3 2
8 74 5 4 3
351 115 8 6 5
272 73 10 8 6
268 367 9 7 5
284 338 9 7 6
226 454 3 2 1
230 336 14 12 10
386 482 5 4 3
271 91 5 4 3
29 326 12 10 8
442 83 11 8 6
411 443 17 13 10
430 32 5 4 3
278 310 15 12 10
246 404 10 8 6
204 322 5 4 3
111 374 9 7 6
470 415 3 2 1
276 61 15 12 10
383 207 9 7 5
402 323 12 10 8
168 73 8 6 5
329 42 7 6 5
189 327 10 7 5
75 290 10 8 7
168 79 4 3 2
379 324 3 2 1
83 105 10 8 6
246 483 12 10 8
38 276 5 4 3
244 230 7 6 5
281 447 15 12 10
448 320 4 3 2
103 299 16 12 10
425 267 4 3 2
145 218 15 12 9
397 201 11 9 7
409 250 13 10 8
246 297 9 7 5
367 3 5 4 3
75 67 7 5 4
85 355 3 2 1
309 270 12 10 8
209 95 3 2 1
213 230 8 6 5
297 81 4 3 2
57 361 9 8 6
124 482 4 3 2
385 413 3 2 1
490 81 9 7 5
312 137 12 10 8
366 170 3 2 1
233 350 12 10 8
258 57 3 2 1
281 133 12 10 8
44 415 8 6 4
304 439 6 5 4
298 77 4 3 2
249 426 15 11 8
260 307 11 8 6
194 268 16 13 10
209 389 5 4 3
359 376 9 7 6
39 264 4 3 2
103 300 10 8 6
176 111 13 10 8
322 481 7 5 4
240 151 11 9 7
277 399 5 4 3
158 456 13 11 9
57 220 10 8 6
455 386 10 8 6
41 455 6 5 4
432 145 16 12 9
432 445 17 13 10
6 312 10 7 5
305 42 16 12 10
110 129 15 11 9
21 230 4 3 2
491 188 11 9 7
404 238 3 2 1
488 81 4 3 2
441 225 9 7 6
310 227 4 3 2
10 398 10 8 7
232 460 5 4 3
407 170 10 8 6
211 337 4 3 2
356 359 8 6 5
349 101 4 3 2
303 456 9 7 5
280 416 10 8 7
417 150 11 9 7
317 435 6 5 4
424 211 10 8 6
400 303 5 4 3
82 173 9 7 5
142 454 10 8 6
419 43 15 12 9
219 284 9 7 5
435 25 10 9 7
306 96 11 9 7
156 193 15 12 10
20 65 4 3 2
67 123 15 13 10
474 258 16 13 10
380 187 14 11 9
149 371 3 2 1
355 251 3 2 1
270 53 3 2 1
274 13 6 5 4
24 426 3 2 1
353 143 13 10 8
69 426 11 8 7
424 429 9 7 6
267 190 10 9 7
479 168 3 2 1
33 419 13 10 8
171 149 17 13 10
287 306 5 4 3
105 147 4 3 2
337 236 5 4 3
41 234 7 5 4
458 456 16 13 10
111 293 4 3 2
199 32 16 13 10
185 151 5 4 3
310 335 11 9 7
365 353 10 8 6
363 275 10 7 6
462 492 5 4 3
0 46 3 2 1
174 10 5 4 3
271 319 6 5 4
423 250 15 12 9
383 55 3 2 1
187 148 13 11 8
84 396 14 12 10
103 384 5 4 3
480 212 3 2 1
416 1 6 4 3
61 466 12 9 7
152 2 14 11 9
68 422 12 9 7
279 254 4 3 2
97 7 14 11 8
238 348 9 7 5
252 211 5 4 3
120 419 4 3 2
165 141 12 10 9
3 301 3 2 1
43 186 6 5 4
305 342 15 13 10
52 410 10 8 7
263 300 16 12 9
48 477 4 3 2
499 11 5 4 3
460 62 11 9 7
377 173 16 12 9
30 129 4 3 2
50 454 4 3 2
248 483 15 12 9
43 471 13 11 9
106 163 9 7 6
138 60 16 12 10
499 195 13 10 8
92 248 16 12 10
339 18 15 11 9
177 380 5 4 3
167 274 15 12 9
375 117 11 8 7
32 229 5 4 3
19 415 9 7 6
177 345 4 3 2
202 256 10 9 7
287 370 14 11 9
318 499 14 11 9
487 366 8 6 4
468 451 9 7 6
41 316 12 9 7
465 152 15 12 10
470 446 3 2 1
245 195 14 12 10
239 97 14 11 9
277 406 5 4 3
180 269 5 4 3
311 186 7 5 4
107 422 14 12 10
322 181 13 11 9
203 88 11 9 7
261 497 9 7 5
147 449 16 12 9
40 89 11 9 7
122 106 5 4 3
208 286 9 7 6
314 473 13 10 8
285 349 4 3 2
77 47 6 5 4
328 332 12 9 7
308 389 12 9 7
114 138 6 4 3
378 116 10 8 7
197 410 15 12 10
26 431 8 6 5
191 427 4 3 2
51 214 9 7 6
474 118 12 10 8
158 266 17 13 10
311 217 9 7 5
210 99 10 8 6
375 102 6 5 4
79 93 7 6 4
180 198 3 2 1
372 272 9 7 5
440 158 11 9 8
15 177 3 2 1
164 340 3 2 1
138 128 9 7 5
130 194 13 10 8
78 250 15 11 9
13 294 5 4 3
367 341 8 7 5
92 255 15 12 9
219 140 13 10 8
422 184 13 10 8
361 418 16 12 9
222 26 5 4 3
172 450 13 11 9
160 317 4 3 2
264 155 3 2 1
307 63 9 7 6
134 180 8 6 5
440 104 13 10 8
392 393 13 10 8
21 476 12 10 8
71 121 15 12 9
483 159 11 9 7
282 118 11 8 6
98 26 7 6 5
455 412 7 5 4
467 84 11 9 7
98 86 8 6 4
173 126 9 7 6
400 27 11 9 7
94 404 15 12 10
366 66 4 3 2
445 59 5 4 3
64 397 7 6 4
496 340 4 3 2
478 363 10 8 6
453 242 6 5 4
381 149 7 5 4
360 440 11 8 6
415 231 6 5 4
468 56 8 6 5
306 108 7 5 4
339 495 14 12 9
307 414 8 7 6
241 215 9 7 5
210 162 10 8 6
84 354 7 5 4
457 392 4 3 2
313 164 9 7 6
454 464 9 7 5
300 17 10 8 6
325 474 13 10 8
70 76 9 7 5
172 196 3 2 1
140 273 5 4 3
299 433 12 9 7
22 359 7 5 4
334 143 8 6 5
420 318 4 3 2
261 401 3 2 1
329 486 11 8 7
134 494 10 8 6
291 321 4 3 2
211 157 7 5 4
320 28 11 9 8
24 452 11 9 7
111 434 13 11 9
112 421 16 13 10
259 134 13 10 8
331 13 12 10 9
12 146 11 9 7
247 318 11 8 6
54 347 7 6 5
136 282 5 4 3
459 67 5 4 3
86 144 7 6 5
483 80 12 9 7
451 469 9 7 6
37 126 16 13 10
315 21 11 9 7
179 497 3 2 1
27 36 6 5 4
131 464 6 4 3
72 298 16 12 10
382 271 13 10 9
5 420 13 10 8
183 319 4 3 2
178 279 11 8 6
118 262 14 11 9
369 415 3 2 1
475 371 9 7 6
169 58 5 4 3
200 384 11 9 7
289 217 12 10 8
228 309 4 3 2
90 231 3 2 1
473 438 4 3 2
123 358 6 5 4
483 109 11 9 7
86 100 11 9 7
452 49 7 6 4
418 493 3 2 1
50 288 9 7 5
387 202 6 4 3
161 317 8 6 4
224 154 13 11 9
392 235 15 13 10
368 248 10 8 6
364 382 13 10 8
307 89 15 12 9
416 177 3 2 1
155 139 5 4 3
356 130 12 9 7
80 388 6 4 3
88 489 5 4 3
487 362 6 5 4
263 417 5 4 3
364 407 15 12 10
38 70 3 2 1
242 486 9 7 5
419 310 12 9 7
101 328 13 10 8
228 371 14 12 9
496 79 16 13 10
455 154 11 9 7
423 134 8 6 5
314 354 8 6 5
383 325 11 9 8
27 57 9 7 6
6 196 4 3 2
176 422 10 8 6
374 400 12 10 8
179 310 5 4 3
160 77 5 4 3
191 336 15 12 9
395 253 12 10 8
297 364 4 3 2
483 455 9 7 6
149 454 15 13 10
398 122 6 5 4
294 162 3 2 1
194 257 12 9 7
428 230 9 7 6
463 66 14 11 9
162 278 5 4 3
304 416 12 10 7
455 250 13 11 8
335 325 3 2 1
155 327 9 7 6
97 166 3 2 1
135 286 8 7 6
105 18 3 2 1
386 113 17 13 10
364 418 9 7 6
499 351 8 6 5
112 423 7 5 4
124 332 3 2 1
39 423 3 2 1
432 336 3 2 1
459 403 14 12 10
153 25 3 2 1
324 254 4 3 2
112 379 3 2 1
324 455 9 7 6
78 372 7 5 4
131 487 12 9 7
110 48 10 8 6
464 399 16 12 9
404 0 4 3 2
275 173 4 3 2
425 251 6 4 3
125 54 6 4 3
189 347 5 4 3
59 497 15 11 9
243 305 13 10 8
367 336 3 2 1
371 8 14 11 9
184 60 14 11 9
162 21 4 3 2
470 465 11 9 7
481 494 3 2 1
171 476 3 2 1
65 327 14 11 8
428 172 13 10 8
436 355 17 13 10
256 33 8 6 5
297 96 4 3 2
98 241 13 10 8
205 235 7 5 4
394 181 13 10 8
97 387 14 12 10
145 349 6 4 3
376 83 14 11 9
277 70 16 12 9
333 77 16 12 10
193 298 11 8 6
436 231 13 10 8
1 169 15 13 10
25 295 3 2 1
408 414 8 6 4
289 162 3 2 1
5 48 4 3 2
122 73 5 4 3
211 367 11 8 6
453 29 14 11 9
117 299 14 12 9
123 214 15 13 10
90 320 8 6 5
122 191 9 7 5
255 85 3 2 1
98 23 3 2 1
38 81 11 9 7
454 207 12 9 7
119 359 6 5 4
128 281 6 5 4
231 155 5 4 3
51 310 3 2 1
434 454 4 3 2
90 233 16 13 10
313 414 4 3 2
420 460 3 2 1
55 207 4 3 2
420 45 15 11 8
259 195 10 8 6
196 137 4 3 2
477 487 5 4 3
445 175 4 3 2
46 13 15 12 9
90 156 4 3 2
136 469 14 12 9
94 266 10 8 7
434 155 9 7 5
150 165 9 7 5
393 370 4 3 2
106 380 4 3 2
472 53 11 8 6
387 121 4 3 2
416 135 12 9 7
82 266 10 8 6
114 261 8 7 5
131 277 3 2 1
440 27 10 8 6
8 228 4 3 2
491 219 10 8 6
379 82 15 13 10
351 175 13 11 9
319 204 14 12 9
319 386 13 10 8
185 276 3 2 1
312 391 9 7 5
160 351 15 13 10
480 120 13 11 9
398 47 8 7 5
102 233 7 5 4
178 402 6 4 3
102 368 13 11 9
338 198 5 4 3
197 272 8 7 5
144 442 12 10 8
297 29 10 8 7
300 245 12 10 8
152 330 15 13 10
345 160 4 3 2
230 343 5 4 3
335 28 13 10 8
20 261 11 9 7
389 329 10 8 6
379 198 11 9 7
1 155 5 4 3
103 123 11 8 6
142 384 16 12 10
357 472 6 5 4
186 430 6 5 4
278 159 14 12 9
62 358 15 12 10
215 413 6 5 4
25 365 9 7 5
300 420 10 8 6
93 477 11 8 6
297 123 4 3 2
403 12 9 7 6
27 173 12 9 7
261 99 3 2 1
460 197 15 13 10
419 337 8 6 5
450 58 13 11 8
453 223 12 9 7
496 272 11 9 7
374 105 3 2 1
24 102 12 10 9
233 237 12 10 8
302 339 13 10 8
175 187 6 5 4
410 379 4 3 2
381 379 12 10 8
59 334 13 10 8
310 402 3 2 1
114 128 13 11 9
345 253 4 3 2
414 493 10 8 6
267 331 8 6 5
90 317 9 7 5
181 290 5 4 3
248 433 16 12 10
144 423 5 4 3
184 281 3 2 1
390 128 8 6 5
87 244 4 3 2
96 339 4 3 2
123 70 8 6 5
242 347 9 7 6
469 368 5 4 3
438 330 15 12 9
79 344 15 12 10
116 175 4 3 2
254 488 17 13 10
357 129 12 9 7
153 124 10 8 7
67 138 9 7 5
135 14 10 8 6
384 256 10 8 7
252 182 13 10 8
238 115 4 3 2
206 0 7 5 4
498 62 14 12 9
252 57 9 7 6
343 465 16 12 10
142 319 14 11 9
405 87 3 2 1
436 213 14 12 9
366 276 6 4 3
66 393 11 8 7
467 292 5 4 3
46 320 12 10 7
284 495 8 6 5
410 457 9 7 5
146 381 8 6 5
290 313 14 12 10
391 338 3 2 1
341 176 10 8 7
286 107 9 8 6
7 315 13 10 8
398 15 13 10 8
421 73 4 3 2
150 200 9 7 5
315 211 9 7 5
159 264 14 12 9
168 407 9 7 5
242 395 4 3 2
209 17 5 4 3
56 485 13 11 9
347 229 9 7 5
424 347 11 9 7
294 21 17 13 10
445 308 15 12 9
267 23 9 8 7
498 324 6 5 4
357 159 12 10 8
287 379 8 6 4
460 211 4 3 2
253 250 9 7 5
448 469 15 12 10
131 331 4 3 2
46 365 14 12 10
257 386 6 5 4
365 499 8 6 5
68 177 17 13 10
267 144 15 12 10
135 27 12 10 8
106 63 17 13 10
305 59 14 11 9
296 134 16 12 10
277 18 12 10 8
376 125 13 10 8
53 282 3 2 1
103 7 3 2 1
6 173 5 4 3
244 4 17 13 10
32 346 14 11 9
499 62 5 4 3
484 205 3 2 1
238 380 4 3 2
156 130 4 3 2
232 109 14 12 10
36 228 15 11 9
457 455 10 8 6
454 43 15 12 9
375 420 14 11 8
224 169 10 8 6
163 21 13 10 7
197 309 7 6 5
436 304 12 10 8
233 299 13 10 8
157 448 8 6 4
58 153 17 13 10
4 179 15 12 10
251 27 9 7 5
67 498 7 5 4
428 114 3 2 1
47 336 16 12 10
305 360 8 6 5
75 168 14 12 10
479 81 10 7 5
100 83 4 3 2
492 177 16 13 10
405 399 14 12 9
166 136 3 2 1
387 70 7 6 5
317 401 5 4 3
31 123 3 2 1
5 15 16 12 10
320 216 4 3 2
301 33 5 4 3
228 4 13 10 8
484 221 6 5 4
197 55 13 10 8
15 166 4 3 2
324 303 3 2 1
114 207 14 11 8
404 236 14 12 9
463 249 8 6 4
133 146 3 2 1
473 440 12 10 8
283 409 13 11 9
420 488 7 5 4
131 333 8 6 5
284 304 4 3 2
321 348 4 3 2
52 73 4 3 2
282 146 5 4 3
407 54 4 3 2
345 277 8 6 5
219 30 3 2 1
295 330 3 2 1
117 212 15 12 10
171 355 7 6 5
364 68 14 11 9
274 440 7 5 4
347 413 12 9 7
208 330 4 3 2
372 128 14 11 9
43 206 11 8 6
350 486 6 4 3
83 125 13 11 8
161 123 8 7 5
279 206 14 11 9
172 180 4 3 2
45 134 3 2 1
384 370 8 6 5
315 496 14 11 8
249 213 6 4 3
42 202 3 2 1
180 367 5 4 3
39 295 13 11 8
325 339 9 7 5
87 48 13 11 9
203 36 14 11 9
145 439 9 7 5
55 472 10 8 6
220 420 6 4 3
494 395 3 2 1
136 74 5 4 3
161 61 8 7 6
274 342 14 12 10
389 114 10 9 8
308 1 13 10 8
154 64 4 3 2
162 399 5 4 3
198 62 8 6 4
234 408 4 3 2
217 166 8 6 5
343 119 12 10 8
293 194 4 3 2
343 312 9 7 6
2 429 15 12 9
485 44 16 13 10
90 7 5 4 3
399 437 15 12 10
420 144 9 7 5
444 331 14 11 9
330 279 4 3 2
451 59 8 6 4
427 442 3 2 1
131 319 4 3 2
60 45 13 11 9
65 56 11 9 7
334 39 12 10 8
31 188 8 6 5
129 262 9 7 5
269 308 8 7 6
405 83 7 6 5
138 445 14 11 9
248 78 11 9 8
223 54 11 8 6
346 305 3 2 1
1 62 4 3 2
334 155 4 3 2
84 413 8 6 4
161 403 7 5 4
421 439 10 7 5
145 306 8 6 5
494 248 3 2 1
419 214 5 4 3
325 152 14 12 9
121 37 9 7 6
128 196 13 10 8
12 121 3 2 1
93 397 14 11 8
313 142 10 8 6
384 105 4 3 2
457 354 9 7 6
272 97 3 2 1
135 100 10 8 6
304 448 5 4 3
259 258 11 9 7
4 347 5 4 3
158 483 14 11 8
234 380 14 12 10
173 319 3 2 1
242 7 17 13 10
479 215 11 9 7
404 424 3 2 1
132 238 3 2 1
350 100 10 8 7
272 255 13 10 7
139 68 6 5 4
409 288 6 5 4
162 434 9 7 5
117 458 8 6 5
196 465 3 2 1
301 70 11 9 7
465 44 15 12 9
270 498 5 4 3
435 97 4 3 2
303 396 9 7 5
484 194 5 4 3
120 214 12 10 8
106 189 14 11 9
288 412 10 7 5
222 107 7 5 4
266 185 10 8 6
264 135 13 10 8
423 484 5 4 3
359 171 4 3 2
68 107 7 5 4
149 239 15 13 10
251 91 4 3 2
342 213 8 7 5
143 398 7 5 4
151 108 9 7 5
1 176 7 5 4
281 205 12 9 7
64 322 11 9 7
259 9 9 8 6
56 471 10 9 7
357 479 9 7 5
113 67 3 2 1
85 103 8 6 5
300 35 12 10 8
164 19 16 12 9
355 140 11 9 7
194 460 13 11 9
311 478 15 11 9
462 122 8 6 4
228 38 7 5 4
138 169 9 7 5
270 20 4 3 2
125 263 17 13 10
323 421 12 9 8
329 179 8 6 5
119 22 3 2 1
76 98 10 8 6
446 400 3 2 1
318 253 11 8 6
159 419 9 7 5
93 207 7 5 4
262 197 3 2 1
312 157 6 5 4
180 85 9 7 5
30 326 14 11 9
146 243 4 3 2
68 463 8 6 5
9 496 4 3 2
261 350 10 8 6
247 42 10 8 6
281 435 5 4 3
68 323 4 3 2
24 46 8 6 5
66 271 11 8 6
49 171 8 6 5
97 207 15 12 10
366 333 12 9 8
206 442 7 6 5
170 196 11 9 7
36 171 8 6 5
217 317 4 3 2
37 69 13 10 8
230 109 14 11 8
277 3 13 11 9
339 373 8 6 5
290 26 14 11 9
380 3 6 4 3
351 143 15 12 10
4 116 8 6 5
29 162 15 12 10
441 411 16 12 10
100 429 7 5 4
210 65 8 6 5
308 205 16 13 10
30 19 10 8 7
121 25 11 9 7
346 211 11 9 7
283 270 3 2 1
244 139 14 11 9
124 93 10 8 6
447 202 3 2 1
35 22 8 6 5
268 467 9 7 5
342 485 11 8 6
157 174 15 13 10
286 47 4 3 2
275 47 7 5 4
398 144 3 2 1
174 339 9 8 6
5 27 15 11 9
273 493 14 12 10
110 169 11 9 7
415 452 11 9 8
206 64 12 9 7
238 17 8 7 5
201 442 12 9 7
481 98 5 4 3
214 13 4 3 2
191 247 14 11 9
468 353 9 7 5
71 364 11 9 7
159 401 15 11 9
67 458 4 3 2
236 263 4 3 2
393 371 16 12 10
205 67 10 8 6
87 399 5 4 3
175 419 10 8 7
279 160 12 9 8
463 401 12 10 8
378 466 6 5 4
388 268 17 13 10
455 194 3 2 1
89 301 8 6 4
300 341 6 5 4
94 451 6 5 4
443 305 7 5 4
12 52 12 9 7
342 348 6 5 4
367 158 12 10 7
430 33 13 10 8
472 124 14 12 10
395 130 4 3 2
445 300 6 5 4
199 343 16 13 10
252 473 4 3 2
53 474 5 4 3
58 3 15 12 10
470 337 11 8 6
366 62 11 9 8
483 15 5 4 3
13 113 12 10 7
364 171 6 5 4
137 355 5 4 3
203 377 14 12 10
417 212 7 6 5
389 423 12 10 8
110 432 4 3 2
397 329 9 7 5
175 350 4 3 2
381 495 5 4 3
231 461 11 8 6
416 99 8 6 5
253 319 15 12 10
238 101 14 11 9
224 229 15 12 9
371 245 4 3 2
301 240 17 13 10
336 392 3 2 1
341 115 12 10 8
101 401 13 11 9
271 80 5 4 3
467 413 5 4 3
192 188 4 3 2
124 134 16 13 10
281 200 5 4 3
219 5 13 11 8
315 353 11 9 7
303 197 14 12 10
162 360 3 2 1
441 389 4 3 2
271 134 9 7 5
335 439 7 5 4
379 10 12 10 8
395 481 3 2 1
299 210 7 5 4
211 376 12 10 7
72 13 3 2 1
51 242 9 8 6
135 162 10 8 7
466 104 7 5 4
199 420 3 2 1
474 265 7 5 4
72 144 12 9 7
360 474 8 6 4
169 434 4 3 2
418 20 16 12 10
319 277 15 13 10
112 244 16 12 9
152 174 13 11 9
18 181 4 3 2
148 246 10 9 7
73 193 5 4 3
294 62 11 9 7
493 227 8 6 4
472 262 7 5 4
253 231 16 12 9
201 252 3 2 1
361 327 15 12 9
276 27 12 9 7
173 186 10 8 6
247 203 3 2 1
190 199 9 7 5
242 263 11 9 7
157 136 14 12 9
384 70 16 12 10
223 266 15 12 10
169 322 7 5 4
137 184 14 11 9
91 277 15 11 9
131 86 6 4 3
237 314 12 10 8
22 120 14 12 10
144 320 17 13 10
233 224 10 9 7
374 157 14 12 10
498 92 12 10 8
84 280 10 7 5
85 227 15 12 10
473 391 4 3 2
388 221 6 4 3
300 191 3 2 1
499 66 12 10 7
8 272 3 2 1
19 463 10 8 6
308 147 10 8 6
179 372 17 13 10
464 460 4 3 2
375 268 14 12 10
203 280 6 5 4
467 192 16 13 10
268 427 12 10 8
468 434 5 4 3
394 2 10 8 6
138 295 3 2 1
191 435 9 7 5
336 156 4 3 2
23 193 14 11 9
401 179 7 5 4
119 96 5 4 3
131 118 15 12 10
349 273 3 2 1
433 95 14 11 8
69 484 9 8 6
168 98 12 10 8
421 27 7 5 4
93 490 9 7 5
317 216 4 3 2
164 234 6 5 4
415 132 10 8 6
467 222 13 11 9
224 215 14 11 8
200 101 15 12 9
187 111 12 10 8
269 64 9 8 6
13 287 12 9 7
117 165 9 7 6
202 246 8 6 4
207 412 13 11 8
105 317 14 11 9
11 428 5 4 3
28 256 4 3 2
67 488 3 2 1
310 425 8 6 5
99 53 7 6 5
182 317 15 12 10
46 219 3 2 1
346 332 5 4 3
204 173 14 12 10
195 311 3 2 1
242 366 4 3 2
219 440 11 9 7
453 52 3 2 1
312 193 6 5 4
491 334 3 2 1
440 448 4 3 2
144 191 3 2 1
272 65 13 10 8
150 71 4 3 2
25 292 4 3 2
296 153 4 3 2
49 475 12 9 7
475 115 14 11 9
406 131 14 12 10
37 498 8 6 5
272 168 13 10 8
334 52 8 6 5
373 175 6 4 3
137 19 12 10 9
285 406 12 10 7
197 448 7 6 4
82 180 4 3 2
160 139 11 8 7
274 419 10 8 6
450 417 16 12 10
59 114 12 10 8
45 226 7 6 5
104 79 14 12 10
90 187 13 10 8
41 342 9 7 6
91 358 8 6 5
229 396 4 3 2
168 490 4 3 2
265 133 14 11 9
357 2 16 13 10
332 209 14 12 10
265 31 11 8 6
22 335 3 2 1
98 244 13 11 8
207 441 6 5 4
288 239 4 3 2
355 68 8 7 5
247 172 6 5 4
5 284 4 3 2
272 465 4 3 2
265 377 15 12 10
326 97 9 7 5
272 429 7 6 5
457 157 8 6 4
204 124 5 4 3
440 280 14 12 10
29 224 15 11 9
153 315 14 11 8
360 246 11 9 7
331 476 3 2 1
495 349 11 8 6
487 288 3 2 1
382 5 11 9 8
197 33 9 7 6
0 354 7 5 4
170 70 16 13 10
279 153 12 9 7
68 122 4 3 2
404 429 13 11 8
166 49 15 12 9
335 74 13 10 8
418 279 11 9 7
412 314 14 11 9
284 373 11 9 7
430 427 5 4 3
479 364 10 8 7
93 298 3 2 1
75 53 11 9 8
69 373 13 11 9
6 493 9 7 6
482 233 3 2 1
239 0 4 3 2
361 127 13 10 7
140 321 11 9 7
173 303 10 8 6
406 107 5 4 3
397 36 6 4 3
188 227 9 7 6
476 80 13 10 8
486 448 10 8 6
481 455 12 9 7
301 243 11 8 6
105 497 11 9 7
178 142 4 3 2
5 441 3 2 1
315 109 12 9 8
442 100 11 8 6
152 469 4 3 2
196 119 9 7 5
349 382 14 11 8
159 97 9 7 6
238 234 4 3 2
475 233 5 4 3
166 389 3 2 1
113 264 13 11 8
278 483 4 3 2
224 191 12 9 7
420 81 9 7 5
200 496 5 4 3
7 86 17 13 10
209 275 3 2 1
216 257 14 11 9
369 261 12 9 7
124 137 11 9 8
9 409 8 6 5
178 399 14 12 10
353 307 14 11 9
492 365 5 4 3
239 18 11 9 7
456 180 15 13 10
120 212 9 7 5
483 485 4 3 2
137 346 9 7 6
132 73 14 12 10
187 354 3 2 1
319 132 12 10 8
327 315 3 2 1
425 396 12 9 8
262 23 13 10 8
153 234 16 12 10
453 456 5 4 3
247 327 15 12 9
491 23 3 2 1
226 248 11 9 7
418 266 12 10 8
340 343 3 2 1
415 57 4 3 2
482 339 3 2 1
168 78 11 9 7
111 158 11 9 7
482 452 13 10 8
292 107 11 9 7
43 348 12 10 8
458 271 5 4 3
86 166 5 4 3
236 307 11 9 8
175 176 13 11 9
417 81 4 3 2
317 170 11 9 7
12 306 4 3 2
91 262 10 7 6
85 115 4 3 2
81 22 4 3 2
417 49 4 3 2
16 323 10 8 6
139 21 4 3 2
166 474 4 3 2
269 484 14 12 10
487 216 14 11 9
82 256 3 2 1
46 165 16 12 9
141 321 10 8 6
473 237 12 10 8
433 67 10 8 7
266 100 16 13 10
238 418 7 6 5
289 180 11 8 6
92 276 11 9 7
326 212 5 4 3
169 379 3 2 1
138 36 16 13 10
4 97 10 8 7
400 48 9 7 5
297 220 9 7 5
433 66 3 2 1
279 473 11 9 7
8 275 10 7 5
299 335 13 11 9
446 305 9 7 6
485 433 12 9 7
22 292 16 13 10
136 472 16 12 9
483 192 10 8 6
374 10 3 2 1
458 283 9 8 6
435 372 7 5 4
158 54 3 2 1
193 139 9 7 5
383 70 5 4 3
436 490 13 11 9
77 473 7 5 4
499 369 11 9 7
438 134 16 12 10
390 486 4 3 2
74 196 15 12 9
62 319 15 12 10
446 418 3 2 1
217 54 9 7 5
480 300 9 7 5
394 487 4 3 2
495 379 5 4 3
214 225 10 8 7
333 275 11 9 7
6 359 4 3 2
111 206 6 4 3
252 409 6 5 4
184 251 11 8 7
450 408 15 13 10
194 495 12 9 8
191 1 13 10 8
116 373 9 7 5
408 343 3 2 1
340 318 6 4 3
103 262 16 12 10
262 246 4 3 2
84 487 7 5 4
433 33 3 2 1
21 246 12 10 7
18 240 8 6 5
253 148 4 3 2
290 460 11 9 7
159 389 10 8 6
261 181 3 2 1
373 39 8 7 5
143 256 15 13 10
47 263 9 7 5
242 47 5 4 3
356 43 7 5 4
372 452 12 10 9
202 322 4 3 2
70 209 5 4 3
457 171 4 3 2
165 231 5 4 3
342 387 16 13 10
22 60 11 9 8
17 136 9 7 5
165 158 14 12 9
230 446 6 4 3
18 226 5 4 3
282 212 11 8 6
499 5 4 3 2
116 441 5 4 3
279 488 3 2 1
224 273 4 3 2
236 155 9 8 6
441 25 10 8 6
185 452 4 3 2
87 94 5 4 3
242 438 10 8 6
383 442 8 6 4
306 153 11 8 6
64 243 4 3 2
355 75 8 6 5
323 144 4 3 2
439 479 14 11 9
453 161 9 7 6
119 130 8 6 4
130 318 15 12 10
57 151 11 9 7
147 75 3 2 1
34 76 3 2 1
411 87 10 8 6
13 154 7 6 5
285 176 16 12 10
402 471 14 11 9
112 296 11 8 6
5 360 11 9 7
385 64 9 7 6
145 281 12 9 8
116 485 4 3 2
75 319 4 3 2
433 349 15 12 9
50 235 3 2 1
49 293 16 13 10
334 45 5 4 3
191 190 12 9 7
346 61 7 6 5
324 393 12 10 8
51 209 4 3 2
70 326 8 6 5
274 120 9 7 5
238 36 5 4 3
91 183 16 13 10
244 460 3 2 1
145 148 3 2 1
146 218 6 4 3
206 369 13 11 8
79 73 15 12 10
289 417 6 5 4
36 116 7 6 5
110 67 10 8 6
255 49 3 2 1
470 151 10 8 7
466 468 13 11 9
253 127 17 13 10
166 135 4 3 2
389 289 15 11 9
459 179 7 6 4
377 197 10 8 6
464 193 9 7 5
456 92 14 11 9
157 379 11 9 7
267 496 5 4 3
462 100 11 8 7
28 486 6 5 4
4 250 3 2 1
230 152 15 12 9
168 386 15 12 10
291 372 7 6 5
58 214 9 7 5
102 216 3 2 1
34 300 8 6 5
127 345 14 12 9
445 215 5 4 3
407 171 3 2 1
300 153 6 4 3
489 374 3 2 1
189 88 9 8 7
322 401 7 6 5
128 313 16 12 10
29 492 10 8 6
398 458 9 7 5
127 134 10 8 6
464 146 5 4 3
154 446 3 2 1
375 326 7 5 4
213 6 8 6 5
237 146 8 6 5
132 261 7 6 4
471 251 7 6 5
138 233 10 8 6
82 270 9 7 6
315 201 14 12 9
206 370 4 3 2
381 217 12 10 8
404 86 4 3 2
158 28 3 2 1
293 390 10 8 7
216 227 6 4 3
218 324 16 13 10
218 232 15 12 10
11 116 8 6 5
138 77 6 4 3
335 216 13 10 8
494 366 9 7 5
37 496 13 10 8
218 36 9 7 5
394 129 5 4 3
169 334 10 8 6
450 266 14 12 10
103 276 9 8 6
426 397 13 10 8
46 295 11 9 7
283 150 14 11 9
427 351 8 7 5
445 101 4 3 2
77 370 15 13 10
402 168 17 13 10
306 356 3 2 1
275 457 15 12 10
486 212 5 4 3
205 474 10 8 6
47 262 5 4 3
106 470 14 11 9
312 227 7 6 5
363 353 3 2 1
475 398 11 8 7
39 200 14 12 10
63 281 9 7 5
200 366 3 2 1
353 403 11 9 8
208 141 10 8 7
493 420 7 6 5
120 442 4 3 2
121 274 8 6 4
194 215 13 11 9
215 454 3 2 1
184 171 9 7 6
327 381 16 13 10
72 273 10 8 6
397 123 3 2 1
28 138 5 4 3
379 151 3 2 1
284 57 4 3 2
408 61 9 7 5
442 216 6 5 4
318 291 13 11 9
46 132 13 10 8
114 208 4 3 2
343 415 13 10 8
461 233 14 12 9
241 127 14 12 9
273 468 13 11 9
477 51 8 7 5
34 396 4 3 2
226 96 4 3 2
448 207 11 8 6
338 386 7 6 5
276 158 5 4 3
197 117 9 7 5
257 264 4 3 2
409 28 11 9 7
375 67 9 7 6
340 234 13 10 8
65 44 16 13 10
233 468 4 3 2
345 146 8 6 4
373 161 10 8 6
39 491 14 11 9
66 408 14 11 8
8 60 3 2 1
296 341 3 2 1
281 318 7 5 4
480 221 12 9 7
116 292 11 9 7
133 348 6 5 4
373 484 13 10 7
434 28 3 2 1
180 270 10 8 6
354 205 8 6 4
298 178 4 3 2
53 418 5 4 3
117 101 15 12 9
437 41 15 12 9
191 154 14 12 9
379 249 4 3 2
388 126 12 9 7
419 468 15 11 9
23 370 14 11 9
356 441 3 2 1
231 34 15 12 10
336 478 11 9 8
439 260 8 6 5
457 492 4 3 2
89 280 10 8 7
389 182 5 4 3
93 406 4 3 2
6 125 10 8 6
82 99 6 4 3
160 95 16 13 10
54 88 15 12 9
43 142 15 11 9
431 267 11 8 6
64 230 15 12 10
149 121 9 7 5
480 3 10 8 7
5 340 10 8 6
82 169 15 13 10
271 328 7 5 4
28 260 9 7 5
171 424 13 10 8
128 144 17 13 10
497 309 4 3 2
390 26 8 6 5
373 445 5 4 3
370 436 12 9 8
6 397 9 7 5
391 135 12 9 7
382 493 3 2 1
422 24 11 8 6
343 146 7 5 4
2 287 13 10 8
191 131 6 5 4
284 172 3 2 1
440 470 14 11 9
71 44 13 10 8
340 62 16 12 10
399 279 12 10 7
17 120 11 9 7
17 28 5 4 3
276 482 8 6 5
353 364 3 2 1
148 80 9 7 5
285 239 15 12 10
70 303 10 8 6
425 198 6 5 4
257 329 10 8 6
116 304 5 4 3
111 453 4 3 2
18 69 16 12 9
109 262 11 8 6
143 194 10 8 6
427 267 12 9 7
419 478 4 3 2
493 155 12 10 8
278 31 3 2 1
490 417 8 6 4
34 344 11 8 7
257 444 3 2 1
265 394 8 6 4
304 446 4 3 2
229 288 9 7 5
346 89 9 7 5
10 369 6 4 3
470 285 15 12 10
410 193 4 3 2
376 51 7 5 4
469 90 10 7 5
71 260 4 3 2
83 171 11 9 7
54 251 9 7 6
252 390 12 9 7
297 0 4 3 2
181 404 10 8 6
83 98 15 12 10
25 329 5 4 3
211 171 13 10 8
467 146 17 13 10
429 26 14 11 9
472 293 3 2 1
499 24 10 8 7
333 343 5 4 3
401 483 15 11 8
497 320 3 2 1
256 207 16 13 10
387 253 12 9 7
81 166 8 7 5
222 93 5 4 3
116 303 3 2 1
330 307 14 12 9
9 93 10 9 7
236 223 13 11 9
75 363 12 10 8
90 454 13 10 8
153 178 9 8 6
290 118 3 2 1
170 137 4 3 2
355 379 4 3 2
113 400 4 3 2
233 308 9 7 5
371 30 14 11 9
30 302 13 11 9
81 377 7 6 5
490 446 5 4 3
422 384 12 10 8
119 354 4 3 2
123 279 15 12 10
212 94 8 6 4
310 432 10 8 6
138 94 10 8 6
11 97 12 9 7
83 453 13 10 8
183 6 5 4 3
386 316 15 12 10
283 420 11 9 8
117 62 9 8 6
115 350 11 9 7
290 342 13 10 9
401 222 4 3 2
384 59 4 3 2
5 60 12 9 7
232 160 6 4 3
249 442 11 9 7
434 320 14 11 9
157 351 10 8 6
233 343 16 12 10
96 428 16 12 10
190 431 4 3 2
488 460 9 7 5
467 2 13 10 8
261 30 8 6 5
195 202 5 4 3
131 208 5 4 3
228 344 10 8 6
176 344 14 11 9
315 418 14 12 10
42 70 7 5 4
149 265 4 3 2
450 308 6 4 3
433 211 6 5 4
201 211 9 7 5
134 383 13 10 8
235 188 12 10 8
258 338 10 8 6
34 1 11 9 8
153 492 8 6 5
149 7 8 6 5
348 425 10 8 6
189 186 3 2 1
294 235 14 11 9
443 359 5 4 3
294 326 9 7 6
462 378 3 2 1
391 420 7 5 4
77 462 15 12 9
51 42 7 6 5
318 190 17 13 10
167 94 5 4 3
175 451 8 7 5
146 450 14 11 9
494 251 9 7 6
424 216 4 3 2
218 492 14 11 8
327 86 4 3 2
298 65 3 2 1
413 96 12 9 7
326 218 5 4 3
317 88 13 10 8
128 466 14 11 9
81 368 9 7 6
183 79 14 12 10
295 155 11 9 7
120 353 6 4 3
328 1 5 4 3
62 300 5 4 3
170 183 4 3 2
121 79 3 2 1
62 342 3 2 1
449 370 3 2 1
396 73 6 5 4
411 106 12 9 7
373 209 8 6 4
135 188 7 6 5
29 9 9 7 5
363 196 8 7 6
100 172 13 10 8
63 274 7 6 5
99 237 15 12 9
195 48 4 3 2
130 413 15 12 10
427 210 6 4 3
65 394 4 3 2
358 58 13 10 8
53 249 13 10 8
460 137 14 12 10
34 230 14 11 9
435 235 11 9 8
165 306 16 12 9
295 137 3 2 1
182 193 7 5 4
38 134 7 6 5
73 299 13 10 8
299 285 3 2 1
465 302 3 2 1
468 426 7 6 5
131 73 7 5 4
341 100 15 12 9
335 389 16 12 10
171 123 7 5 4
341 373 3 2 1
219 232 7 5 4
71 50 5 4 3
95 425 4 3 2
46 48 3 2 1
488 481 3 2 1
83 282 15 12 10
103 267 8 6 4
423 67 15 13 10
137 466 5 4 3
183 476 15 12 9
271 115 4 3 2
419 137 8 6 5
395 467 4 3 2
246 257 7 5 4
157 372 4 3 2
140 99 16 12 9
89 76 13 11 8
219 157 8 7 6
417 245 10 9 7
293 204 5 4 3
185 351 8 6 5
430 76 9 7 5
271 179 9 7 6
440 66 11 9 7
496 114 11 9 8
480 383 15 11 9
52 313 4 3 2
147 185 4 3 2
460 118 15 12 9
137 383 7 6 5
463 496 9 7 6
440 184 11 9 7
401 378 4 3 2
487 481 6 5 4
343 213 11 9 7
41 140 8 7 5
455 377 9 7 5
199 157 13 11 9
111 405 3 2 1
0 190 13 10 8
239 111 7 5 4
34 287 4 3 2
467 201 3 2 1
381 167 12 10 8
283 326 9 7 5
349 231 9 8 6
147 254 11 9 7
2 154 5 4 3
1 458 17 13 10
300 236 13 11 9
234 199 10 8 6
268 134 7 5 4
239 52 11 8 6
383 153 4 3 2
289 133 15 11 8
319 464 10 8 6
250 5 14 12 9
498 377 3 2 1
303 473 9 8 6
479 67 3 2 1
352 243 9 7 6
95 197 4 3 2
207 95 3 2 1
459 422 7 5 4
259 285 10 8 6
310 33 9 7 6
477 381 6 5 4
94 11 5 4 3
350 387 4 3 2
325 112 15 12 10
462 389 7 6 5
270 51 3 2 1
145 472 10 8 6
305 13 12 9 7
302 258 15 11 9
20 365 7 6 5
223 344 8 6 5
358 196 14 11 8
291 41 6 4 3
478 130 13 10 8
423 410 9 7 5
179 127 7 6 4
186 409 4 3 2
410 401 9 7 6
221 412 12 10 8
133 59 3 2 1
420 221 5 4 3
6 190 16 13 10
288 367 16 13 10
338 170 5 4 3
240 210 13 10 8
363 168 3 2 1
431 287 17 13 10
94 321 5 4 3
316 378 13 11 9
23 352 4 3 2
290 191 3 2 1
203 452 8 7 5
121 301 6 4 3
235 400 10 8 6
281 152 7 6 5
165 442 10 8 6
298 42 6 5 4
269 114 9 7 6
223 110 16 12 10
473 105 10 8 6
408 24 13 11 9
118 0 4 3 2
196 458 4 3 2
334 465 10 8 7
479 486 11 9 7
180 430 5 4 3
148 127 6 5 4
100 372 4 3 2
131 359 14 12 10
130 244 9 7 5
99 104 9 8 6
173 373 10 8 6
58 52 8 6 4
142 260 5 4 3
173 131 11 8 7
232 37 15 11 9
114 166 4 3 2
1 412 12 9 8
366 74 7 5 4
481 17 15 12 10
351 91 10 7 6
153 209 17 13 10
352 103 5 4 3
482 376 8 6 4
196 288 9 8 6
346 70 15 13 10
433 335 5 4 3
89 205 8 6 5
458 403 15 12 10
60 100 15 12 10
116 81 4 3 2
35 475 15 12 9
50 283 9 7 6
38 192 15 12 9
229 178 8 7 5
321 450 10 8 7
342 114 13 10 8
122 412 6 4 3
492 409 15 12 10
327 134 10 8 7
327 389 10 9 7
103 460 9 7 5
370 11 12 9 7
119 89 8 6 5
188 16 5 4 3
182 346 7 6 5
24 224 12 10 8
316 178 7 5 4
154 188 5 4 3
189 171 12 10 9
102 137 3 2 1
361 45 7 5 4
439 54 5 4 3
398 492 13 11 8
312 116 3 2 1
197 132 13 11 8
422 353 14 12 10
213 381 3 2 1
417 88 12 9 7
224 115 13 10 8
386 176 4 3 2
133 359 14 12 10
313 398 16 13 10
26 427 7 5 4
487 99 9 7 5
82 236 15 12 10
182 394 8 6 4
95 52 9 7 5
426 497 3 2 1
466 116 13 11 9
106 3 10 8 6
459 97 15 13 10
195 432 4 3 2
458 355 10 8 6
278 167 15 12 10
407 229 16 12 10
387 405 10 8 6
364 223 3 2 1
243 332 7 5 4
419 216 7 5 4
450 130 7 5 4
345 433 15 12 10
107 70 11 9 8
331 316 3 2 1
442 112 6 5 4
495 377 4 3 2
300 417 14 11 9
303 36 7 5 4
147 402 3 2 1
462 401 5 4 3
127 221 12 10 8
160 295 5 4 3
141 70 11 8 6
349 450 13 11 9
247 404 8 7 5
269 147 7 6 5
10 41 9 7 6
482 492 9 7 5
99 300 12 9 7
476 166 15 12 10
146 258 10 9 7
80 303 5 4 3
433 182 13 11 9
35 256 7 5 4
243 328 7 6 5
429 349 5 4 3
295 437 16 13 10
278 312 7 6 5
462 206 8 6 4
139 29 10 9 7
297 356 11 9 8
89 439 6 5 4
100 308 17 13 10
431 18 3 2 1
433 415 5 4 3
462 95 14 12 10
25 166 14 11 9
91 165 6 5 4
69 22 12 9 7
142 380 11 9 7
321 135 11 9 7
222 161 7 6 4
37 370 4 3 2
35 334 16 12 9
289 225 5 4 3
252 206 4 3 2
342 80 11 9 8
13 252 16 12 9
273 168 16 12 9
394 221 16 12 10
78 146 12 10 8
291 411 13 11 9
306 23 6 5 4
195 436 10 8 6
465 167 14 12 9
213 94 3 2 1
434 8 10 8 6
423 340 14 12 10
236 45 12 9 8
163 101 9 7 6
307 422 12 10 8
177 144 12 9 7
128 204 13 11 8
1 459 16 13 10
86 418 3 2 1
296 308 3 2 1
34 242 5 4 3
435 430 9 7 5
54 200 4 3 2
346 123 4 3 2
94 319 5 4 3
265 41 6 5 4
207 451 4 3 2
87 261 14 12 9
10 179 14 11 9
3 330 3 2 1
52 190 14 12 10
179 404 5 4 3
198 31 6 5 4
160 484 12 9 7
44 62 5 4 3
357 103 11 9 7
312 410 5 4 3
361 241 3 2 1
247 364 6 4 3
7 456 10 8 7
277 321 11 8 6
143 109 16 12 10
46 397 14 11 9
295 202 8 6 4
426 306 4 3 2
35 50 8 6 4
449 463 5 4 3
368 440 12 10 8
392 64 17 13 10
414 43 11 9 7
365 157 3 2 1
12 318 11 9 7
143 23 4 3 2
272 416 15 11 8
497 247 12 9 7
194 24 6 4 3
6 389 13 11 9
60 461 11 9 7
429 77 4 3 2
58 13 16 13 10
60 441 4 3 2
257 66 4 3 2
330 325 11 9 7
18 287 4 3 2
308 342 13 10 8
132 181 12 10 8
5 435 10 8 6
470 153 15 11 9
191 258 4 3 2
295 37 14 11 8
277 350 15 12 9
288 430 16 13 10
460 369 9 7 5
39 356 9 7 5
363 223 4 3 2
103 44 17 13 10
266 273 14 12 9
321 218 3 2 1
165 379 17 13 10
382 90 5 4 3
417 39 3 2 1
364 322 4 3 2
132 476 13 10 8
67 447 6 5 4
482 279 9 7 5
100 297 9 7 5
41 293 15 13 10
0 409 11 8 6
108 325 9 7 5
13 333 13 11 8
253 97 5 4 3
190 247 9 7 6
106 429 4 3 2
54 254 10 8 6
232 362 7 5 4
244 203 14 11 9
247 269 15 12 10
415 304 7 5 4
63 460 3 2 1
108 377 8 6 4
178 487 5 4 3
285 385 5 4 3
270 205 15 12 9
421 54 16 13 10
368 371 8 6 5
432 493 6 5 4
457 101 3 2 1
321 263 15 12 9
278 418 13 11 8
23 25 5 4 3
261 235 5 4 3
350 479 5 4 3
227 193 4 3 2
86 104 8 6 4
325 324 14 12 9
355 7 16 13 10
309 436 8 6 5
22 94 3 2 1
231 483 8 6 5
297 417 13 11 8
183 325 7 5 4
273 169 7 5 4
36 231 13 10 8
12 317 13 10 8
102 342 4 3 2
197 408 4 3 2
136 132 15 12 10
50 242 14 11 8
355 80 8 6 4
180 286 6 5 4
78 327 5 4 3
144 255 13 10 7
255 218 3 2 1
218 283 9 7 6
287 36 3 2 1
106 220 4 3 2
433 124 15 12 10
339 282 10 8 6
166 132 5 4 3
350 297 9 7 5
77 418 8 6 5
172 368 4 3 2
275 61 5 4 3
455 413 9 7 5
337 57 13 11 8
426 204 5 4 3
129 38 13 10 8
51 409 5 4 3
272 148 3 2 1
445 398 11 8 7
111 153 11 9 7
16 384 7 5 4
109 442 7 6 5
214 163 8 6 5
175 17 14 11 9
14 350 10 8 6
64 407 6 5 4
2 80 9 7 6
280 221 14 11 9
453 252 9 8 7
390 212 10 7 5
446 18 4 3 2
254 246 11 8 7
63 278 10 8 6
343 74 3 2 1
411 176 9 8 6
173 124 11 9 7
270 118 16 12 9
141 464 11 8 6
275 136 16 12 10
203 195 17 13 10
454 361 5 4 3
130 1 11 9 7
114 26 17 13 10
456 341 12 9 7
372 223 8 6 4
337 267 4 3 2
407 39 5 4 3
51 302 14 12 10
196 78 11 9 7
145 116 10 8 6
209 226 9 8 7
322 258 9 7 6
101 286 6 4 3
320 249 10 8 6
132 142 10 8 7
450 483 3 2 1
439 154 14 11 9
92 253 16 13 10
338 468 3 2 1
305 400 8 6 4
148 424 13 10 9
193 6 5 4 3
471 460 11 9 7
76 409 5 4 3
14 169 11 8 6
429 173 7 5 4
121 140 7 6 5
340 413 13 10 8
216 283 7 5 4
201 145 13 10 8
388 210 16 13 10
484 245 15 12 10
148 281 11 9 7
297 107 6 5 4
48 232 13 11 8
101 133 9 8 7
282 87 16 13 10
380 152 11 8 6
197 7 16 13 10
452 352 16 12 9
473 223 3 2 1
91 498 7 6 5
222 287 15 13 10
309 186 11 8 6
444 148 9 7 6
429 184 9 7 5
84 44 15 12 9
97 325 8 6 5
17 233 10 8 6
183 111 4 3 2
420 196 12 9 7
135 190 5 4 3
433 108 5 4 3
310 20 3 2 1
464 213 7 6 4
41 67 17 13 10
184 229 8 6 4
324 53 16 13 10
402 140 13 10 8
117 100 5 4 3
181 377 12 10 9
209 239 3 2 1
281 182 5 4 3
270 29 16 12 9
373 250 13 10 7
410 429 10 7 5
331 365 15 13 10
86 34 4 3 2
262 424 14 11 9
157 362 4 3 2
442 189 7 5 4
457 218 16 13 10
369 277 5 4 3
125 454 14 11 9
145 440 11 9 7
25 104 6 4 3
346 447 6 4 3
97 94 7 6 4
141 397 15 12 9
327 333 8 6 5
360 258 8 7 6
214 57 13 11 8
195 356 9 7 5
203 26 15 12 10
25 339 10 8 7
401 154 14 11 8
158 363 3 2 1
390 463 16 13 10
391 266 8 6 4
352 356 7 6 5
351 489 10 8 6
497 209 7 5 4
175 12 12 10 8
82 53 10 8 7
249 131 16 12 9
372 11 4 3 2
169 182 3 2 1
14 395 15 12 10
95 375 11 9 7
319 463 7 5 4
351 38 4 3 2
138 419 10 8 6
218 211 9 7 6
270 346 15 12 9
401 342 10 8 6
431 83 15 11 9
85 118 3 2 1
338 20 5 4 3
234 198 12 10 8
107 496 16 12 10
12 400 8 6 5
90 484 5 4 3
201 97 9 7 5
336 479 6 5 4
416 217 11 9 7
140 122 4 3 2
134 302 8 6 5
488 229 5 4 3
258 238 9 7 5
291 326 10 7 5
95 262 3 2 1
480 114 12 9 8
455 68 17 13 10
284 36 16 12 9
265 241 4 3 2
269 259 4 3 2
440 391 3 2 1
62 190 13 10 8
192 385 5 4 3
306 80 9 7 5
401 177 9 8 6
59 425 3 2 1
345 302 16 13 10
30 416 11 9 7
332 150 10 8 6
498 458 4 3 2
185 54 3 2 1
214 317 4 3 2
83 267 4 3 2
163 259 7 5 4
171 165 4 3 2
166 125 8 6 4
29 339 8 7 5
411 393 3 2 1
312 392 9 7 5
283 119 4 3 2
16 327 4 3 2
417 70 12 10 8
127 340 7 5 4
8 68 5 4 3
370 50 13 11 9
273 96 6 4 3
212 347 7 5 4
17 26 12 10 8
287 190 7 5 4
75 489 6 4 3
193 425 6 5 4
44 434 14 11 9
382 54 3 2 1
385 46 14 12 9
294 218 10 8 6
89 239 7 5 4
463 100 14 11 9
64 256 6 5 4
245 127 11 9 7
294 129 9 7 5
266 3 12 9 7
309 149 5 4 3
466 490 5 4 3
228 303 10 8 6
422 356 4 3 2
109 221 10 8 6
1 429 13 11 9
388 463 6 4 3
324 341 9 7 6
333 384 3 2 1
328 441 13 11 9
201 235 6 5 4
300 0 4 3 2
15 29 8 6 5
304 385 11 9 7
358 32 16 12 9
225 64 13 10 8
26 125 6 5 4
74 458 7 6 5
224 176 10 9 7
338 366 9 7 6
486 227 12 10 8
413 172 3 2 1
243 190 15 12 10
425 44 16 12 10
46 223 4 3 2
456 483 16 12 9
241 53 8 6 5
494 496 12 9 7
88 479 13 10 8
140 310 8 6 4
283 498 9 7 6
301 227 6 5 4
297 431 6 5 4
120 44 15 12 10
93 136 4 3 2
424 418 6 4 3
263 215 13 11 8
46 470 15 12 10
397 84 9 8 6
34 490 13 11 9
135 41 11 9 7
284 39 6 5 4
241 384 14 11 8
260 186 10 8 6
491 320 16 13 10
238 437 11 8 6
413 114 8 6 5
86 234 12 9 8
41 92 8 6 4
153 160 11 9 7
197 479 10 8 6
125 311 4 3 2
491 207 7 5 4
192 7 5 4 3
162 247 6 5 4
316 162 7 6 5
238 438 8 6 5
116 376 16 13 10
235 325 7 6 5
417 13 11 8 6
9 303 3 2 1
134 441 4 3 2
162 134 7 5 4
286 499 5 4 3
332 382 16 13 10
297 373 9 7 6
80 291 4 3 2
424 103 14 11 9
213 480 14 12 10
72 348 7 5 4
498 48 5 4 3
247 478 5 4 3
82 378 5 4 3
476 339 3 2 1
313 326 10 9 7
361 38 11 9 7
141 411 15 11 9
460 394 3 2 1
458 56 3 2 1
13 239 12 10 8
84 192 6 5 4
130 49 11 9 8
359 117 6 4 3
367 387 8 6 5
43 204 9 7 6
300 109 8 6 5
183 353 13 11 9
131 423 4 3 2
287 132 11 8 7
387 286 13 10 8
463 6 15 13 10
275 141 13 11 9
13 436 8 6 5
207 117 10 8 6
327 310 9 7 5
108 46 9 8 6
413 442 6 5 4
58 495 13 11 9
153 162 6 5 4
36 441 3 2 1
85 160 9 7 6
421 240 4 3 2
92 419 9 7 5
267 332 9 7 6
115 144 11 9 7
6 353 5 4 3
157 249 12 10 8
102 84 15 12 9
193 204 4 3 2
266 489 4 3 2
6
7
10
3
3
7
3
5
6
8
3
6
10
2
7
4
3
6
1
10
9
3
9
7
5
3
5
2
3
9
10
4
2
5
8
3
7
4
2
5
9
1
3
5
10
4
2
8
6
6
6
6
4
7
7
8
3
9
6
6
9
5
8
5
3
5
6
8
7
7
7
7
3
3
3
7
9
9
7
6
2
9
5
7
5
7
5
1
7
9
2
5
6
1
6
6
7
3
7
2
4
5
8
9
10
4
4
2
6
7
5
8
8
2
6
4
3
6
7
9
4
6
10
6
7
10
10
5
7
1
6
8
2
10
1
5
6
1
6
2
10
7
1
10
6
7
7
2
7
8
4
2
10
8
9
10
10
7
4
10
6
4
6
5
7
9
3
6
2
3
1
9
7
10
3
3
1
3
3
2
5
8
3
9
2
5
5
4
10
8
2
6
4
5
7
6
5
5
4
7
1
2
1
10
4
2
6
5
4
9
4
7
2
2
3
7
8
2
4
10
9
8
10
9
3
1
3
9
2
4
7
8
2
10
8
7
6
10
7
5
5
9
8
8
2
4
6
10
9
9
10
10
6
8
8
1
3
6
1
6
3
1
1
9
9
4
6
9
5
1
7
9
10
1
5
5
1
5
2
4
1
9
10
8
9
7
4
7
7
2
5
4
8
6
4
8
3
1
9
1
6
7
6
3
8
4
8
10
5
1
4
3
1
7
9
3
2
7
4
5
3
8
8
10
1
2
6
1
9
6
7
5
10
7
6
5
6
4
1
9
10
9
3
10
2
9
4
2
9
8
4
6
8
3
3
3
4
7
2
5
6
7
10
4
8
7
8
6
4
7
4
9
1
6
10
5
5
3
7
9
7
5
8
1
1
8
8
6
7
10
3
10
2
10
5
9
9
2
9
4
8
9
3
7
9
6
4
4
1
3
9
7
10
4
10
1
8
1
9
5
9
8
8
3
7
2
10
7
7
10
1
8
2
4
3
7
2
10
5
8
6
4
8
5
10
6
8
5
7
6
1
4
1
10
9
3
9
6
2
3
7
2
5
10
9
4
8
1
5
8
10
8
2
4
6
2
4
1
2
4
7
5
2
8
5
5
3
5
3
8
4
2
8
2
9
4
9
2
2
10
