500 2500
429 227 12 10 8
429 35 13 11 9
227 278 10 8 7
100 35 8 7 6
429 181 5 4 3
309 278 7 5 4
309 411 8 6 5
100 320 9 8 6
451 411 4 3 2
394 35 9 7 5
336 320 10 8 6
80 309 9 7 5
429 422 3 2 1
309 489 11 9 7
80 303 5 4 3
320 57 5 4 3
188 227 7 5 4
142 80 17 13 10
13 100 11 9 8
498 394 16 13 10
309 172 7 5 4
182 188 7 5 4
394 420 5 4 3
489 360 10 8 6
216 181 6 5 4
35 376 3 2 1
100 244 4 3 2
336 54 16 13 10
91 451 6 5 4
297 182 12 9 7
309 46 4 3 2
80 160 7 6 4
420 302 15 13 10
297 175 8 7 6
13 293 5 4 3
244 337 10 8 6
159 376 6 4 3
326 360 13 10 8
318 54 16 12 10
54 174 5 4 3
223 57 13 11 9
360 295 14 12 10
44 320 13 11 8
274 174 13 11 8
90 278 16 13 10
265 422 4 3 2
182 281 5 4 3
468 35 7 5 4
308 182 9 7 6
443 297 4 3 2
162 336 10 9 7
370 90 4 3 2
70 181 12 10 8
160 5 12 10 8
336 258 3 2 1
214 376 9 7 6
392 182 4 3 2
174 235 15 12 10
461 308 15 12 9
318 236 3 2 1
422 65 10 8 6
132 392 9 7 6
10 303 15 12 10
54 62 11 9 7
214 402 10 8 6
293 248 4 3 2
316 274 9 7 6
248 213 12 10 8
360 478 11 9 7
65 414 13 11 9
213 122 16 13 10
274 84 10 8 7
169 46 7 6 5
163 174 7 5 4
274 93 4 3 2
360 346 3 2 1
194 258 6 5 4
313 376 3 2 1
201 302 6 4 3
370 256 9 7 5
216 440 13 10 8
74 214 12 10 8
337 209 4 3 2
181 283 9 7 6
320 424 15 12 9
59 174 8 6 5
440 279 15 11 9
104 320 14 12 9
140 337 9 7 5
54 72 10 8 7
398 223 4 3 2
283 107 3 2 1
346 14 3 2 1
65 152 3 2 1
303 85 4 3 2
227 130 14 11 9
198 160 14 12 10
13 64 11 9 7
476 57 14 12 10
101 258 17 13 10
159 251 9 7 6
218 181 3 2 1
80 166 10 8 6
253 402 10 8 7
338 182 13 11 9
79 10 9 7 5
400 101 16 13 10
279 466 5 4 3
218 154 13 11 9
100 435 15 12 9
365 338 9 7 5
104 215 9 8 7
9 142 4 3 2
256 356 15 12 9
177 422 10 8 6
398 296 14 11 9
242 422 3 2 1
432 295 8 6 4
392 61 3 2 1
145 223 3 2 1
12 104 16 13 10
318 353 3 2 1
209 139 12 10 8
172 271 15 13 10
54 22 14 12 10
346 362 17 13 10
64 105 17 13 10
59 34 15 11 8
298 440 10 7 5
367 422 16 13 10
302 7 3 2 1
460 64 14 12 10
191 10 5 4 3
414 349 11 9 7
451 250 13 11 9
332 91 9 7 6
333 337 3 2 1
99 308 10 8 6
297 76 8 6 5
167 101 11 9 8
126 223 14 11 9
191 86 11 9 8
365 350 11 8 7
69 74 9 7 5
152 462 4 3 2
483 376 5 4 3
256 472 12 10 8
483 300 7 5 4
395 376 10 8 7
260 64 14 11 9
362 49 10 8 6
404 295 5 4 3
349 328 9 7 5
69 230 14 12 10
182 287 10 8 6
105 397 14 11 8
45 100 8 7 5
482 5 15 12 10
372 297 4 3 2
266 346 17 13 10
108 105 15 13 10
338 330 10 7 5
260 284 4 3 2
212 182 11 9 7
117 279 4 3 2
420 488 7 6 5
427 414 14 11 8
122 190 12 9 7
225 80 7 6 5
300 232 3 2 1
424 58 6 5 4
145 275 7 6 4
477 460 4 3 2
392 401 13 10 8
432 158 3 2 1
160 294 3 2 1
255 59 8 7 6
100 369 9 7 6
58 453 4 3 2
229 398 4 3 2
266 149 4 3 2
143 225 13 10 9
55 266 7 6 5
205 477 7 6 4
197 84 7 5 4
54 135 10 8 6
370 125 14 11 8
214 305 12 9 7
211 308 14 12 9
461 455 11 9 8
151 174 15 13 10
72 458 3 2 1
100 340 5 4 3
263 163 9 7 5
113 424 11 9 8
320 27 16 13 10
28 320 10 8 6
71 284 5 4 3
330 339 5 4 3
90 156 12 9 7
57 180 13 11 9
97 126 13 11 9
298 459 8 6 4
74 204 11 9 7
329 461 3 2 1
89 227 6 5 4
394 486 11 9 7
278 331 15 12 10
132 77 3 2 1
420 430 9 7 6
157 101 3 2 1
242 270 8 6 4
232 109 14 12 10
270 364 14 11 9
337 285 8 6 4
456 336 5 4 3
147 303 7 5 4
156 17 8 6 5
406 337 10 8 6
353 206 10 9 7
35 222 8 6 5
175 396 14 11 8
277 256 13 11 8
421 400 17 13 10
52 489 5 4 3
363 58 8 6 4
21 411 7 6 5
258 6 3 2 1
392 358 12 10 8
268 365 4 3 2
244 183 5 4 3
125 138 16 13 10
92 125 8 7 5
166 146 3 2 1
284 386 12 9 7
353 247 8 6 4
232 463 15 12 9
109 351 11 9 7
112 222 4 3 2
419 404 7 5 4
154 51 10 8 6
435 29 16 12 10
104 301 3 2 1
155 222 13 10 8
249 427 13 11 9
105 426 4 3 2
441 12 12 10 8
292 353 10 8 6
147 48 12 10 8
89 267 13 10 8
404 341 7 5 4
223 484 8 6 4
198 50 6 4 3
304 395 15 11 9
357 49 11 8 6
228 365 4 3 2
490 303 14 12 10
227 378 11 9 7
453 312 15 12 10
457 305 9 7 6
433 270 14 11 9
496 48 4 3 2
193 468 10 8 6
375 218 4 3 2
10 480 8 6 5
245 309 9 7 6
142 173 15 12 9
179 65 14 12 10
18 122 5 4 3
138 475 6 5 4
201 385 4 3 2
63 401 5 4 3
462 239 3 2 1
118 222 4 3 2
458 120 9 7 5
212 0 17 13 10
440 470 4 3 2
499 101 3 2 1
142 161 9 7 6
70 446 13 10 8
341 164 15 13 10
479 488 3 2 1
294 415 5 4 3
388 162 14 11 8
290 86 9 7 5
136 85 11 8 6
137 44 10 9 7
24 79 15 13 10
94 48 14 11 9
54 431 8 6 5
278 39 14 12 10
322 177 12 10 8
479 195 3 2 1
62 380 8 6 5
223 196 13 10 8
433 448 14 12 9
423 100 4 3 2
375 390 9 8 6
493 12 12 9 7
21 95 4 3 2
482 425 3 2 1
351 30 5 4 3
67 278 3 2 1
53 95 7 6 4
351 492 15 12 9
388 272 4 3 2
479 413 7 6 4
115 46 13 11 8
25 460 13 10 8
12 319 13 11 9
344 423 14 11 8
396 243 7 5 4
494 453 8 6 4
461 60 10 8 7
492 200 3 2 1
125 442 12 9 7
311 92 8 6 5
431 307 9 7 5
231 97 14 11 9
286 86 3 2 1
323 297 3 2 1
128 74 5 4 3
290 368 10 8 6
364 437 5 4 3
207 191 8 6 5
124 458 9 7 6
154 289 5 4 3
44 192 3 2 1
119 214 13 11 9
234 369 13 11 9
412 336 15 11 8
85 257 12 10 8
4 305 14 12 10
173 88 9 7 6
288 216 3 2 1
377 179 6 5 4
260 383 5 4 3
252 311 13 10 8
171 375 6 5 4
412 189 9 7 6
193 416 16 12 10
479 47 12 9 7
129 85 8 6 5
243 254 13 10 8
111 376 8 6 5
236 233 5 4 3
379 283 11 8 7
236 42 12 10 8
93 1 3 2 1
428 113 12 9 7
73 431 8 7 5
338 110 15 12 10
58 444 4 3 2
226 489 9 7 5
225 399 12 9 7
344 306 13 10 8
408 309 8 6 5
348 363 4 3 2
106 472 14 12 10
123 161 10 8 7
19 6 12 9 7
33 476 4 3 2
170 7 9 7 6
65 352 14 12 10
371 80 6 5 4
15 332 5 4 3
188 282 3 2 1
366 319 13 10 8
487 19 3 2 1
407 427 9 7 6
493 471 3 2 1
497 191 5 4 3
267 269 5 4 3
68 182 4 3 2
435 81 5 4 3
42 75 11 8 6
437 176 7 5 4
224 120 15 12 10
127 287 6 5 4
268 217 12 10 8
308 327 13 10 8
458 410 4 3 2
13 474 12 10 8
178 192 17 13 10
144 371 16 13 10
226 389 15 12 10
231 343 11 9 8
16 480 15 13 10
318 447 4 3 2
334 109 8 6 4
175 384 4 3 2
485 478 13 11 9
407 66 14 12 10
391 68 9 7 5
408 96 4 3 2
368 116 12 9 7
267 469 13 10 8
16 43 5 4 3
287 291 4 3 2
185 308 3 2 1
339 299 6 4 3
459 381 14 11 8
202 0 15 12 10
114 29 11 9 7
82 80 6 4 3
31 245 6 4 3
314 486 9 7 6
15 3 15 12 10
361 245 14 11 9
23 250 4 3 2
201 153 15 12 9
182 131 10 8 6
199 426 12 10 8
21 276 3 2 1
458 273 4 3 2
76 467 12 9 7
80 335 8 7 5
241 248 16 12 9
34 103 14 11 9
438 224 4 3 2
477 240 5 4 3
98 328 5 4 3
309 454 12 10 8
465 313 7 6 4
452 487 3 2 1
327 342 15 12 9
284 317 10 8 6
382 478 15 11 9
26 23 3 2 1
115 264 10 9 7
280 312 16 12 10
403 106 13 10 8
229 148 7 6 4
184 263 11 9 7
417 154 5 4 3
150 43 16 13 10
384 409 12 9 7
355 452 10 8 6
170 37 9 7 6
15 450 5 4 3
300 434 10 8 6
230 20 5 4 3
236 87 10 8 6
293 464 8 6 5
418 360 7 5 4
53 237 10 8 6
83 253 6 4 3
21 165 10 8 7
354 260 12 9 7
134 287 13 10 9
256 187 11 8 7
347 12 4 3 2
310 201 7 5 4
341 121 7 5 4
327 168 9 7 6
409 262 8 6 5
245 208 4 3 2
374 242 16 13 10
232 261 7 5 4
408 359 10 8 7
196 41 14 11 9
488 2 9 7 5
141 132 13 11 9
111 8 6 5 4
36 272 14 11 8
457 38 7 6 5
277 495 10 8 6
321 424 10 8 7
40 127 10 8 6
26 373 15 12 9
257 11 8 6 5
439 154 14 12 10
449 161 14 11 8
267 186 7 5 4
126 387 8 6 5
58 473 14 11 9
345 453 7 5 4
47 324 11 8 6
315 117 6 4 3
210 499 6 4 3
311 259 11 9 8
494 133 9 7 5
405 474 4 3 2
459 102 11 9 7
393 187 17 13 10
129 32 7 6 4
221 15 4 3 2
294 238 12 10 8
440 78 10 8 6
219 322 10 8 6
56 64 4 3 2
246 352 15 11 9
341 220 10 8 6
203 336 12 9 7
442 491 4 3 2
61 436 16 13 10
325 13 3 2 1
481 91 4 3 2
445 393 4 3 2
72 6 8 6 4
487 321 6 5 4
102 50 16 13 10
350 179 16 12 9
418 311 8 6 5
132 474 6 5 4
363 296 16 13 10
332 330 9 8 7
390 102 13 10 8
147 21 5 4 3
245 233 12 9 7
216 448 12 9 7
325 265 7 5 4
246 225 9 8 6
282 309 10 8 6
109 404 12 10 8
355 251 7 5 4
155 228 7 5 4
317 347 4 3 2
403 202 7 5 4
58 122 12 10 8
190 139 9 7 5
36 331 11 9 7
342 109 9 8 6
416 179 9 7 5
128 82 16 13 10
204 168 4 3 2
335 326 3 2 1
346 278 5 4 3
488 489 14 12 9
459 192 8 7 5
123 182 9 7 6
93 11 10 8 6
102 43 16 12 10
415 399 14 11 9
452 281 11 9 7
279 363 15 13 10
167 493 10 8 6
242 498 7 5 4
114 260 3 2 1
286 306 11 8 6
60 106 3 2 1
175 400 10 9 7
56 372 3 2 1
252 158 8 6 5
335 440 14 11 9
284 217 9 7 6
406 353 17 13 10
390 115 13 11 8
193 221 8 6 4
283 491 14 12 10
165 389 3 2 1
405 328 10 7 5
218 365 12 9 7
406 196 9 7 6
253 45 9 7 6
251 475 8 6 5
49 164 15 12 9
72 306 7 5 4
102 88 3 2 1
64 200 9 7 5
332 228 12 9 7
274 146 3 2 1
336 18 6 5 4
377 392 4 3 2
133 256 13 10 8
419 445 13 11 9
425 73 14 11 9
190 276 10 8 6
399 320 8 6 4
416 419 16 13 10
376 496 6 4 3
480 168 10 8 6
37 169 15 12 9
207 488 17 13 10
213 54 13 10 8
216 227 14 11 9
174 171 15 13 10
86 293 13 10 8
101 56 16 13 10
441 191 17 13 10
204 328 5 4 3
398 354 16 12 9
281 199 5 4 3
261 165 10 7 5
383 93 11 8 7
368 384 3 2 1
419 355 4 3 2
94 226 14 12 9
46 388 14 11 8
453 405 5 4 3
392 313 9 7 6
209 198 10 7 6
142 189 9 7 6
422 289 13 10 8
418 289 13 10 8
315 156 5 4 3
319 150 7 6 4
222 256 5 4 3
236 461 14 11 9
390 464 8 6 5
442 139 11 9 8
42 122 11 9 7
297 354 7 5 4
383 144 15 12 9
393 398 12 10 8
110 288 12 10 8
58 293 5 4 3
205 126 14 12 10
11 397 8 6 4
307 224 11 8 6
237 55 6 4 3
278 235 8 7 6
331 118 4 3 2
355 51 12 10 8
141 320 11 9 7
432 165 10 8 6
247 24 6 5 4
26 470 14 11 8
309 87 6 5 4
167 55 4 3 2
88 332 14 11 9
52 395 7 6 4
113 180 9 7 5
154 211 6 5 4
263 353 10 8 7
404 368 9 7 5
69 216 14 12 10
182 449 12 9 7
403 224 15 13 10
314 443 3 2 1
298 295 6 4 3
144 67 12 10 8
16 387 16 12 9
259 177 10 8 6
156 290 6 5 4
100 85 9 7 6
144 157 7 6 4
338 443 5 4 3
205 64 4 3 2
397 414 15 12 9
382 27 5 4 3
346 77 6 5 4
319 29 14 12 9
491 414 11 9 7
268 482 4 3 2
16 59 13 11 9
31 281 12 10 8
367 432 8 7 5
312 322 11 9 7
389 85 10 8 7
134 216 9 8 7
248 102 4 3 2
59 94 3 2 1
68 347 13 10 8
143 4 12 9 7
24 283 7 6 5
229 31 3 2 1
73 40 9 8 6
338 331 6 5 4
447 260 12 9 7
163 314 6 4 3
310 114 6 5 4
326 158 3 2 1
334 331 4 3 2
42 192 5 4 3
134 118 4 3 2
264 213 12 9 7
410 199 9 7 5
402 479 12 9 7
252 409 7 6 5
447 458 14 11 9
362 15 10 7 5
499 219 10 8 6
274 356 5 4 3
360 479 8 6 5
173 126 5 4 3
342 83 16 12 9
398 322 16 13 10
462 312 13 11 9
486 23 7 6 5
75 351 8 7 6
469 475 8 6 5
344 84 10 8 7
37 304 4 3 2
18 456 3 2 1
17 318 3 2 1
97 112 15 12 10
416 187 6 5 4
54 450 8 6 5
109 189 15 13 10
208 348 13 10 8
386 48 15 12 9
0 100 8 6 5
439 255 8 6 5
171 329 5 4 3
304 20 3 2 1
499 199 15 12 10
358 336 13 11 9
418 446 4 3 2
490 388 15 12 10
292 226 3 2 1
62 148 3 2 1
189 193 5 4 3
116 315 14 11 9
486 104 8 6 5
408 404 8 6 4
355 351 15 12 10
225 294 5 4 3
22 312 12 9 7
169 253 10 8 6
72 360 3 2 1
114 312 8 6 5
91 349 3 2 1
390 279 4 3 2
338 11 6 5 4
333 483 6 5 4
298 87 6 4 3
435 101 14 11 9
194 452 3 2 1
335 73 14 12 9
445 69 6 4 3
83 430 8 6 5
359 199 11 9 7
180 463 9 7 5
269 10 10 8 6
164 250 5 4 3
242 251 15 11 9
180 434 10 9 7
225 311 5 4 3
409 91 11 9 8
127 258 7 6 5
133 287 16 13 10
126 478 9 7 5
212 404 12 10 8
470 455 4 3 2
253 35 14 11 9
258 415 7 6 4
301 164 4 3 2
418 184 16 12 9
241 204 5 4 3
372 153 8 7 6
368 169 13 10 8
337 118 11 9 7
369 176 12 9 7
370 28 3 2 1
139 214 6 5 4
155 311 8 6 5
180 150 8 7 5
385 164 4 3 2
285 486 10 9 7
225 300 15 12 9
371 63 14 11 9
238 59 4 3 2
336 331 9 8 7
35 255 3 2 1
72 38 16 12 10
178 96 12 9 7
343 116 9 7 6
359 176 13 11 9
132 461 9 7 5
355 490 6 4 3
406 445 4 3 2
123 382 14 12 10
72 475 4 3 2
44 185 5 4 3
499 311 8 6 5
218 407 12 10 8
72 150 6 4 3
63 233 11 8 6
420 173 5 4 3
406 250 11 8 6
104 95 4 3 2
472 370 12 10 8
342 288 13 11 9
281 480 12 9 8
471 257 3 2 1
147 463 5 4 3
409 190 15 12 9
92 156 15 12 9
356 225 9 7 5
277 120 4 3 2
7 233 3 2 1
64 157 16 12 10
369 172 8 6 4
460 440 5 4 3
331 262 9 7 6
295 134 15 12 9
82 199 3 2 1
430 14 10 8 6
38 2 11 8 7
374 421 15 12 10
115 178 7 6 5
343 33 3 2 1
382 154 9 8 6
424 385 11 9 7
435 478 13 11 8
112 110 15 13 10
184 126 9 8 6
446 340 3 2 1
286 447 16 12 9
328 407 3 2 1
403 246 10 8 6
449 99 14 12 9
208 152 7 5 4
206 496 3 2 1
217 63 13 10 8
127 469 11 9 7
443 447 8 6 5
70 396 9 7 5
254 13 13 11 8
222 82 11 9 7
80 18 15 12 9
152 27 14 12 10
23 208 14 12 10
395 251 7 5 4
388 364 14 11 9
207 448 3 2 1
368 9 7 6 5
2 368 13 10 9
88 31 7 5 4
318 131 14 12 10
302 427 12 9 7
399 456 13 10 8
120 434 8 6 5
40 78 4 3 2
385 243 6 5 4
288 398 3 2 1
73 263 13 10 8
6 472 3 2 1
39 411 5 4 3
232 236 5 4 3
53 450 17 13 10
111 55 16 12 10
269 159 5 4 3
163 50 15 13 10
58 404 5 4 3
170 491 3 2 1
76 220 8 6 5
210 251 8 6 5
200 137 6 4 3
68 212 16 12 9
99 296 7 6 5
411 350 4 3 2
111 289 7 6 4
37 388 4 3 2
74 83 10 9 7
90 0 10 8 6
46 57 9 7 5
29 197 9 7 5
365 164 17 13 10
378 14 14 11 9
114 448 7 6 5
409 453 13 11 9
408 202 12 10 8
366 494 10 9 8
78 265 16 12 9
86 249 10 8 6
14 337 15 13 10
268 118 5 4 3
77 261 8 6 5
137 337 8 6 5
168 125 5 4 3
28 197 10 8 6
83 63 14 12 10
42 153 16 13 10
254 377 3 2 1
376 190 8 7 6
135 450 12 9 7
4 306 9 7 5
288 63 8 6 5
29 295 8 7 6
214 340 16 12 9
19 416 3 2 1
151 291 13 10 8
106 244 7 6 5
178 329 3 2 1
54 350 8 7 6
87 473 14 11 9
71 290 7 5 4
65 254 14 12 10
176 406 3 2 1
462 424 13 10 8
54 398 6 5 4
216 8 6 4 3
314 72 11 9 7
0 170 12 9 8
300 125 17 13 10
39 290 8 6 4
410 188 9 7 6
295 460 3 2 1
431 115 13 10 8
25 84 3 2 1
260 261 8 6 4
116 279 13 11 8
492 163 11 9 7
134 102 11 9 7
157 147 4 3 2
199 486 8 6 4
128 302 3 2 1
369 238 11 9 7
397 209 4 3 2
312 419 15 12 9
411 136 11 9 7
456 460 8 6 5
192 79 13 11 9
89 474 3 2 1
365 48 11 8 6
173 108 13 11 9
391 446 3 2 1
216 200 11 8 6
163 448 15 12 9
223 125 3 2 1
157 422 3 2 1
28 477 12 10 9
10 104 8 6 4
410 331 9 8 6
314 360 6 5 4
3 296 17 13 10
425 350 16 12 10
297 465 3 2 1
396 330 11 9 7
139 408 13 10 8
168 159 9 7 5
444 239 12 10 8
219 147 7 5 4
99 282 4 3 2
29 260 3 2 1
180 204 17 13 10
498 165 6 4 3
148 360 4 3 2
120 294 10 8 6
370 201 11 9 7
379 104 10 8 7
429 484 13 10 8
73 30 4 3 2
343 182 6 5 4
463 452 8 6 5
387 252 9 8 6
357 97 3 2 1
98 329 13 11 8
286 163 15 12 10
409 311 14 11 8
181 188 14 11 8
325 364 9 8 6
325 136 13 11 9
408 236 16 13 10
371 216 13 11 9
219 347 11 9 7
119 195 12 10 8
182 346 3 2 1
266 498 7 6 5
214 111 13 11 9
24 172 4 3 2
97 391 13 11 8
434 343 6 4 3
254 73 5 4 3
396 373 6 5 4
403 433 8 6 4
193 474 7 5 4
44 333 10 8 7
146 21 6 5 4
187 311 5 4 3
211 236 9 7 6
340 51 3 2 1
474 108 16 13 10
424 471 3 2 1
222 477 11 9 7
494 473 5 4 3
322 258 15 12 9
442 181 12 10 8
345 291 14 11 9
401 16 15 12 10
461 371 5 4 3
28 360 16 13 10
72 261 15 12 9
352 80 12 10 8
487 14 4 3 2
344 93 3 2 1
495 247 8 6 5
21 11 12 10 8
138 388 8 6 5
249 43 9 7 6
260 110 12 10 9
444 119 3 2 1
111 431 7 5 4
296 73 14 12 9
406 320 13 10 8
133 180 8 6 4
403 244 13 11 9
391 297 8 6 5
257 329 13 10 8
216 166 11 8 7
471 13 8 6 5
439 91 4 3 2
284 47 10 8 6
270 496 11 8 7
233 367 12 9 7
358 307 9 7 6
439 230 6 5 4
35 144 13 11 9
27 340 6 5 4
493 204 11 9 7
423 456 3 2 1
178 10 12 9 7
212 50 7 5 4
132 406 3 2 1
296 38 13 10 8
395 369 16 12 9
75 481 9 7 5
236 374 3 2 1
344 331 11 9 7
347 73 4 3 2
303 202 4 3 2
316 358 6 5 4
466 130 15 11 9
189 316 6 5 4
485 106 4 3 2
178 35 13 11 9
48 252 4 3 2
167 439 15 13 10
90 66 4 3 2
245 239 13 11 9
9 485 9 7 6
278 4 12 9 7
275 312 17 13 10
29 382 12 10 8
97 336 6 4 3
230 156 9 7 5
307 396 4 3 2
358 400 8 6 5
255 330 6 5 4
36 438 15 12 9
77 398 8 6 5
32 499 15 12 10
117 386 4 3 2
9 239 4 3 2
287 377 9 7 5
330 22 15 13 10
427 2 13 10 7
415 278 11 9 7
467 178 4 3 2
293 413 7 5 4
310 258 15 12 10
48 255 14 11 9
1 71 12 10 7
463 135 5 4 3
494 348 11 9 8
54 301 5 4 3
132 116 4 3 2
263 275 3 2 1
164 230 15 13 10
10 495 7 6 5
37 157 11 9 7
93 67 9 7 5
74 372 14 11 9
10 80 15 12 10
187 341 12 10 7
4 109 15 13 10
239 170 10 8 6
235 342 5 4 3
416 177 9 7 6
22 199 8 7 6
297 72 3 2 1
115 372 14 11 8
205 289 9 7 6
384 7 16 13 10
21 85 9 7 5
46 127 7 5 4
411 79 8 6 5
467 387 14 11 9
227 172 11 9 7
155 453 9 7 6
254 207 10 7 5
398 52 4 3 2
240 258 12 10 8
110 153 8 7 6
465 334 11 9 7
385 310 13 10 8
140 137 4 3 2
178 402 9 7 5
490 23 4 3 2
489 333 13 11 8
272 232 12 10 8
199 413 14 12 10
193 235 14 12 9
38 168 16 12 10
24 175 15 12 9
106 434 9 7 5
411 205 9 7 5
11 154 14 11 8
494 71 15 12 9
24 482 13 11 8
353 10 17 13 10
387 499 14 12 9
29 189 9 7 6
362 460 7 5 4
477 98 4 3 2
283 483 14 11 9
499 61 15 11 9
123 271 9 7 5
135 196 17 13 10
414 300 6 4 3
419 65 15 13 10
248 464 12 9 7
259 53 10 8 6
187 379 4 3 2
203 358 7 6 5
420 461 8 6 4
154 391 15 12 9
388 214 15 12 9
328 151 8 6 5
139 416 17 13 10
293 440 16 12 10
129 43 5 4 3
380 38 4 3 2
404 299 15 12 9
176 259 7 6 5
122 389 15 12 9
427 78 14 11 9
121 28 14 12 9
5 64 16 12 10
324 1 6 5 4
364 408 3 2 1
18 176 3 2 1
374 468 15 11 9
88 295 8 6 5
481 384 8 7 5
71 219 14 12 10
154 45 12 9 7
129 161 3 2 1
365 66 7 6 5
119 436 13 11 9
351 123 6 4 3
202 320 3 2 1
441 196 15 12 10
119 133 8 6 5
197 199 15 12 10
51 80 9 8 6
492 51 6 4 3
422 301 5 4 3
10 320 16 13 10
112 43 7 5 4
278 387 4 3 2
442 384 7 6 5
4 499 3 2 1
406 94 4 3 2
313 23 11 9 7
351 278 5 4 3
199 364 9 7 5
366 145 7 6 5
92 242 16 13 10
366 281 6 5 4
415 423 4 3 2
49 91 3 2 1
427 382 4 3 2
141 182 5 4 3
87 111 4 3 2
44 23 14 11 8
4 433 4 3 2
278 174 10 8 6
337 214 13 10 8
397 365 4 3 2
407 381 12 10 8
329 242 10 9 8
486 494 5 4 3
294 255 10 8 7
86 13 14 11 8
204 462 3 2 1
122 290 4 3 2
56 19 14 12 9
321 402 15 12 9
162 229 9 7 6
127 467 4 3 2
92 158 3 2 1
100 226 13 10 8
315 161 15 12 10
352 90 4 3 2
264 230 4 3 2
256 343 3 2 1
57 474 3 2 1
189 355 9 7 6
291 131 3 2 1
286 127 11 9 7
179 232 7 6 5
336 120 4 3 2
31 436 7 6 5
280 402 3 2 1
183 449 12 10 8
385 15 12 10 8
377 488 13 10 8
448 110 3 2 1
421 225 14 11 8
322 309 12 9 7
361 328 12 10 8
306 298 10 8 6
493 494 8 6 5
351 425 16 12 10
472 90 8 6 5
171 246 3 2 1
120 228 7 5 4
238 411 16 13 10
236 396 13 10 8
445 480 11 8 7
122 217 12 10 9
203 388 15 12 9
110 241 15 13 10
142 83 3 2 1
254 80 14 11 9
94 131 4 3 2
174 224 15 11 9
97 211 4 3 2
433 114 9 7 6
208 360 7 6 5
92 44 7 5 4
258 5 11 9 8
293 374 4 3 2
106 421 10 8 6
92 237 15 12 10
284 75 4 3 2
197 43 9 7 5
236 102 3 2 1
280 178 7 5 4
459 69 7 5 4
140 385 9 7 5
57 456 12 10 8
460 151 6 5 4
4 402 14 12 9
418 318 13 11 9
396 317 4 3 2
135 420 12 9 8
75 376 9 7 6
44 206 5 4 3
464 201 5 4 3
279 25 16 12 9
269 395 6 5 4
104 401 5 4 3
73 234 13 10 8
482 126 8 6 4
347 426 12 10 8
331 155 8 6 5
191 152 17 13 10
301 481 3 2 1
72 453 13 11 9
499 481 8 6 5
243 25 13 10 8
199 246 7 5 4
51 339 11 8 6
49 327 13 10 8
440 59 15 12 9
321 128 4 3 2
277 347 8 6 5
184 245 10 8 6
318 477 4 3 2
332 247 6 5 4
65 308 5 4 3
128 353 8 6 5
104 315 14 11 9
181 169 15 12 10
495 325 13 11 9
27 80 3 2 1
310 307 3 2 1
295 256 4 3 2
373 119 4 3 2
35 424 14 11 9
350 295 9 7 5
298 395 14 11 9
216 251 16 12 10
440 145 8 6 5
346 82 5 4 3
14 77 14 12 9
248 291 15 12 9
464 409 12 9 7
325 231 16 13 10
368 96 14 11 9
115 319 5 4 3
406 324 4 3 2
415 148 3 2 1
499 478 15 12 9
30 387 15 12 9
383 280 14 11 8
2 149 12 10 8
406 421 6 5 4
34 191 11 9 7
137 346 15 13 10
37 493 15 13 10
15 190 12 10 8
318 134 11 8 6
180 364 9 7 5
195 77 4 3 2
369 432 8 6 4
226 107 8 6 4
435 416 12 10 8
278 15 7 5 4
154 20 11 9 8
484 438 10 8 6
169 51 14 12 10
237 433 14 11 9
56 65 11 9 7
241 99 10 8 6
293 348 11 9 7
361 156 12 9 7
176 127 7 6 5
419 238 9 7 6
404 113 6 5 4
138 184 4 3 2
396 232 5 4 3
82 113 3 2 1
109 61 9 7 6
156 375 4 3 2
85 473 7 5 4
439 143 9 7 6
265 472 11 9 7
185 81 3 2 1
360 176 10 8 6
333 481 9 7 5
474 58 10 8 6
120 265 17 13 10
297 433 6 5 4
38 26 14 11 9
141 145 10 8 6
498 76 12 9 7
168 39 5 4 3
458 499 3 2 1
150 475 8 7 6
400 225 5 4 3
459 23 7 6 5
371 205 11 9 7
265 2 9 7 5
235 73 4 3 2
379 34 13 11 9
482 171 12 9 7
470 453 16 12 10
117 482 9 7 6
189 242 9 7 5
420 399 14 11 9
370 495 7 5 4
316 36 10 8 7
109 134 14 12 10
192 225 14 11 9
313 317 5 4 3
218 457 7 5 4
497 71 12 9 7
412 39 11 9 7
195 101 13 11 9
222 243 5 4 3
2 203 12 10 8
215 326 6 4 3
69 162 5 4 3
334 383 15 12 10
135 37 10 8 7
446 482 15 12 9
195 75 15 12 10
411 471 13 10 8
388 465 4 3 2
24 498 4 3 2
200 458 8 6 4
57 177 7 5 4
232 23 4 3 2
12 250 6 5 4
28 186 9 7 5
482 186 16 13 10
52 49 14 11 8
43 498 15 12 9
159 146 14 11 9
278 480 3 2 1
157 434 13 10 8
41 315 13 10 8
96 334 11 8 6
5 134 4 3 2
413 286 13 11 9
387 195 4 3 2
412 162 6 5 4
341 147 13 10 8
260 443 6 4 3
116 358 15 12 9
412 414 5 4 3
397 3 16 13 10
254 278 14 12 9
86 144 7 6 4
183 35 3 2 1
252 349 8 6 5
142 148 5 4 3
314 145 5 4 3
372 476 13 11 9
499 135 4 3 2
414 167 11 9 7
46 465 6 4 3
294 413 4 3 2
312 161 11 8 7
26 171 4 3 2
91 296 13 11 8
167 0 7 6 4
415 366 7 5 4
344 0 12 9 7
444 379 13 11 8
0 196 9 7 6
179 492 6 5 4
441 491 4 3 2
93 86 8 6 5
478 440 5 4 3
108 487 16 13 10
280 124 16 13 10
287 322 13 10 8
78 293 10 9 7
95 66 4 3 2
450 100 4 3 2
350 172 8 6 4
398 89 10 8 7
236 55 3 2 1
425 141 4 3 2
418 409 4 3 2
96 465 16 12 9
305 274 10 8 6
453 450 15 12 9
382 126 4 3 2
86 246 10 8 6
296 303 5 4 3
21 97 13 10 8
430 217 12 9 7
262 185 15 11 8
16 180 13 11 9
208 116 12 9 7
458 8 15 11 8
11 222 5 4 3
250 288 8 7 5
426 331 9 7 5
131 353 7 6 5
50 5 14 11 9
178 210 10 8 6
160 91 4 3 2
465 377 12 9 7
401 274 3 2 1
24 46 15 12 10
444 150 6 4 3
464 50 3 2 1
395 23 4 3 2
328 144 14 11 8
393 172 7 5 4
145 68 15 13 10
456 200 16 12 9
481 13 3 2 1
19 392 10 8 6
146 200 12 10 8
180 232 4 3 2
267 390 7 5 4
96 73 12 9 7
326 379 9 7 5
266 53 8 6 5
334 279 13 10 9
143 288 9 7 6
148 118 9 7 5
437 249 16 13 10
453 245 11 9 8
287 35 12 10 8
188 364 14 12 9
461 178 11 8 6
299 320 12 10 8
337 75 3 2 1
121 110 7 6 5
274 240 3 2 1
121 336 9 7 5
229 0 6 5 4
98 340 12 10 8
102 118 11 9 7
253 285 5 4 3
412 266 3 2 1
375 457 9 8 6
337 203 3 2 1
399 258 5 4 3
469 195 4 3 2
97 456 16 13 10
61 315 9 7 5
155 142 4 3 2
357 163 4 3 2
95 293 15 11 8
324 200 3 2 1
444 82 13 10 8
226 386 3 2 1
227 141 9 7 5
220 19 5 4 3
48 13 14 11 9
180 275 5 4 3
142 64 10 8 6
27 127 6 4 3
467 326 6 5 4
485 452 6 4 3
61 140 15 12 9
202 279 9 7 6
98 412 3 2 1
285 88 16 12 9
463 196 6 5 4
178 141 11 9 8
466 255 5 4 3
83 493 10 9 7
52 475 3 2 1
43 42 3 2 1
314 234 13 11 9
67 387 4 3 2
426 479 7 6 5
464 479 9 7 6
381 449 3 2 1
306 186 7 5 4
80 117 13 10 8
218 453 16 13 10
325 332 16 13 10
307 175 15 12 10
214 218 7 5 4
20 95 11 8 7
1 461 3 2 1
94 287 13 11 9
487 462 10 8 6
278 220 6 4 3
436 337 3 2 1
161 148 7 5 4
302 193 4 3 2
399 254 5 4 3
486 85 7 5 4
300 320 10 8 7
253 263 8 6 4
456 138 4 3 2
39 418 6 5 4
50 170 15 11 9
7 183 7 5 4
99 25 8 6 5
60 252 14 11 8
135 281 8 6 5
18 91 10 8 6
280 401 6 5 4
383 129 6 5 4
137 112 11 9 8
400 43 3 2 1
420 136 16 12 9
75 447 15 12 10
71 147 4 3 2
312 356 5 4 3
58 354 17 13 10
60 111 7 6 4
92 142 11 8 6
232 113 15 12 10
63 422 15 12 10
303 242 3 2 1
32 186 11 9 7
460 228 3 2 1
238 482 13 10 8
196 248 7 6 5
301 15 12 9 7
110 275 9 7 6
90 408 13 11 9
110 28 13 10 8
238 204 15 12 10
254 209 3 2 1
314 177 15 12 10
71 329 3 2 1
324 203 6 5 4
492 306 3 2 1
266 458 15 13 10
442 498 10 8 6
369 366 13 10 9
410 116 11 9 7
2 426 17 13 10
225 354 4 3 2
78 111 3 2 1
281 375 9 7 5
495 313 17 13 10
128 422 9 7 5
264 316 12 10 8
176 387 6 5 4
316 228 17 13 10
86 171 15 11 9
219 466 13 10 8
97 43 5 4 3
419 459 11 9 7
385 493 8 6 5
44 172 7 6 4
331 86 8 6 5
106 481 8 6 5
280 147 11 8 6
349 335 4 3 2
392 194 4 3 2
278 152 12 9 7
194 490 11 9 7
326 264 6 5 4
49 339 3 2 1
150 370 12 9 7
40 181 15 12 9
425 316 15 12 10
318 183 16 13 10
183 364 14 11 8
90 29 4 3 2
327 130 4 3 2
133 251 8 6 5
268 255 11 8 6
130 73 4 3 2
255 377 8 6 5
36 15 9 7 5
231 186 12 10 8
429 260 11 8 6
60 385 4 3 2
74 293 3 2 1
307 483 11 9 7
25 273 4 3 2
303 495 4 3 2
48 272 13 10 8
229 477 16 13 10
379 129 7 6 4
395 360 13 10 8
224 47 4 3 2
111 276 4 3 2
398 60 8 6 5
307 211 5 4 3
12 14 13 10 8
454 497 11 9 8
110 174 10 8 7
356 271 5 4 3
486 53 10 8 7
459 249 11 9 7
226 231 16 13 10
118 36 12 9 7
351 166 14 11 9
153 194 4 3 2
68 93 8 6 4
255 164 4 3 2
172 280 13 10 8
36 258 15 12 10
112 175 10 8 6
297 205 4 3 2
455 497 16 13 10
216 460 3 2 1
18 304 4 3 2
207 59 12 10 7
461 203 4 3 2
439 191 13 10 8
233 313 4 3 2
422 495 3 2 1
286 155 12 10 8
7 227 16 12 10
390 462 16 13 10
21 195 11 8 6
156 416 6 5 4
80 231 12 9 7
490 277 3 2 1
112 309 14 11 9
123 212 3 2 1
77 407 3 2 1
128 498 8 6 5
105 125 11 9 7
43 52 6 4 3
424 307 14 12 9
111 139 9 7 5
114 330 3 2 1
489 267 9 7 6
307 442 10 8 6
281 59 9 7 5
68 159 5 4 3
337 471 11 9 7
33 299 6 5 4
111 241 12 10 7
464 34 4 3 2
88 363 9 7 5
265 111 6 4 3
202 59 15 11 8
11 178 12 9 7
268 274 8 6 5
221 117 8 6 5
316 133 4 3 2
377 298 12 10 8
190 412 3 2 1
355 206 8 6 5
34 481 15 12 9
177 21 15 12 9
425 371 3 2 1
404 28 17 13 10
327 174 10 8 6
50 219 10 7 6
201 405 3 2 1
109 266 4 3 2
77 264 16 12 10
316 403 6 4 3
408 174 10 8 6
220 10 13 10 8
348 149 4 3 2
134 168 7 5 4
379 74 9 7 5
16 312 12 10 8
298 166 14 11 9
225 203 3 2 1
470 186 12 9 7
82 147 5 4 3
150 125 5 4 3
175 208 17 13 10
146 485 12 10 9
309 53 9 7 5
7 459 17 13 10
478 292 6 4 3
186 416 11 9 7
385 384 3 2 1
100 66 4 3 2
57 172 16 13 10
350 258 4 3 2
488 268 10 8 6
305 217 6 5 4
348 427 10 8 6
245 286 13 11 9
301 326 9 7 5
115 478 13 11 9
124 382 3 2 1
449 488 7 6 5
37 449 5 4 3
253 28 4 3 2
231 77 15 12 9
82 195 4 3 2
209 250 4 3 2
44 352 12 10 8
128 51 13 11 9
202 88 5 4 3
271 326 15 12 9
25 465 12 9 7
3 0 4 3 2
223 270 5 4 3
171 1 9 7 5
40 83 7 5 4
417 230 9 7 6
191 326 10 8 6
41 393 6 5 4
211 361 5 4 3
177 403 4 3 2
462 451 4 3 2
60 23 11 9 8
217 157 3 2 1
385 350 3 2 1
219 67 3 2 1
118 201 16 12 9
442 43 13 11 9
460 60 11 9 7
290 57 3 2 1
475 419 15 11 9
115 408 13 10 8
72 338 4 3 2
13 415 12 10 8
0 345 5 4 3
496 39 7 5 4
373 407 14 12 10
353 223 16 13 10
379 148 12 10 7
337 438 4 3 2
51 133 7 6 5
12 327 13 10 8
129 315 13 11 9
176 493 4 3 2
476 309 6 5 4
132 213 10 8 6
36 223 6 4 3
56 369 4 3 2
243 432 12 10 8
484 63 8 6 5
15 157 14 11 9
388 1 8 6 5
393 464 4 3 2
52 485 8 6 4
284 105 11 8 6
76 48 10 8 6
139 14 4 3 2
261 343 8 6 5
139 290 10 8 6
81 445 15 12 9
367 208 11 9 8
234 133 13 10 8
426 397 3 2 1
106 26 11 9 7
76 105 10 8 7
407 3 9 7 6
179 216 8 7 5
488 494 4 3 2
337 354 5 4 3
261 320 5 4 3
94 370 14 11 9
472 191 9 7 6
148 367 17 13 10
350 82 15 12 10
57 358 14 12 10
445 417 6 5 4
197 178 11 9 7
456 175 13 10 8
331 393 15 12 9
128 279 3 2 1
139 366 7 5 4
126 287 8 6 5
116 310 12 10 8
497 104 11 9 7
267 106 4 3 2
454 285 11 8 6
338 411 15 12 9
11 156 6 5 4
437 113 12 10 8
241 82 13 11 9
339 401 4 3 2
436 261 10 8 7
326 283 16 13 10
111 341 16 12 10
305 41 8 6 5
230 273 6 4 3
100 411 9 7 6
329 418 6 4 3
99 487 6 4 3
401 40 10 8 6
201 164 12 9 7
313 271 8 7 6
260 400 14 11 8
466 198 12 10 8
410 383 9 7 5
307 123 13 11 9
303 318 3 2 1
430 484 3 2 1
116 14 14 12 9
78 354 12 10 8
494 221 8 6 5
335 450 16 13 10
459 436 12 9 8
422 230 3 2 1
132 350 3 2 1
464 256 13 10 8
27 50 13 11 9
375 287 11 9 7
392 180 16 13 10
10 283 3 2 1
4 422 3 2 1
346 291 10 8 6
217 343 13 11 9
66 88 12 10 8
61 283 16 13 10
81 398 7 6 5
258 20 13 10 8
171 43 9 8 6
291 416 3 2 1
115 289 6 5 4
379 491 8 6 4
172 310 9 8 6
240 181 10 8 7
432 67 14 12 10
92 402 10 8 6
0 67 5 4 3
354 372 11 9 7
250 67 13 10 8
166 196 14 12 10
409 411 6 5 4
265 244 6 4 3
176 449 8 6 4
345 438 17 13 10
297 34 17 13 10
343 461 3 2 1
25 41 14 11 9
68 288 16 13 10
22 482 12 10 8
134 266 7 6 5
345 46 9 7 5
61 37 5 4 3
269 223 16 12 9
10 356 6 5 4
201 441 10 8 7
255 336 6 4 3
198 7 7 5 4
250 224 6 5 4
292 466 13 11 9
366 473 11 9 7
444 255 11 9 7
419 232 5 4 3
451 483 10 8 6
27 304 3 2 1
333 177 3 2 1
320 312 3 2 1
352 247 8 6 5
33 159 15 12 10
144 390 11 8 6
77 421 3 2 1
43 327 15 11 8
478 480 3 2 1
212 448 14 12 9
271 319 13 11 9
198 473 8 7 5
283 161 4 3 2
43 418 11 9 8
9 163 8 6 5
273 239 3 2 1
123 463 12 9 7
198 78 7 5 4
154 250 14 11 9
492 411 4 3 2
213 109 13 10 8
7 228 4 3 2
116 488 6 5 4
139 383 13 11 9
67 267 11 8 7
260 408 16 13 10
145 227 9 7 5
350 233 12 9 7
397 141 5 4 3
470 438 8 6 5
39 363 17 13 10
343 106 6 4 3
479 192 5 4 3
57 405 8 6 4
333 172 4 3 2
454 294 16 12 9
20 14 5 4 3
7 368 4 3 2
37 6 4 3 2
291 247 3 2 1
270 468 12 9 7
362 398 16 13 10
423 286 6 5 4
458 69 10 7 5
262 226 17 13 10
138 178 7 5 4
182 160 6 5 4
15 470 3 2 1
164 259 4 3 2
112 475 7 6 5
363 107 8 7 5
297 485 8 6 5
126 282 7 5 4
220 454 14 12 10
413 218 12 10 8
194 34 6 5 4
377 237 6 5 4
230 192 16 12 10
108 59 5 4 3
236 204 3 2 1
263 257 14 11 9
75 409 4 3 2
376 188 8 6 5
252 28 16 13 10
268 107 5 4 3
64 83 9 7 5
357 493 4 3 2
428 14 5 4 3
90 299 9 7 5
179 70 11 9 7
409 101 12 10 8
288 121 3 2 1
143 370 4 3 2
431 288 12 9 8
140 246 7 5 4
404 485 5 4 3
418 123 4 3 2
459 19 7 5 4
47 14 5 4 3
327 302 6 4 3
208 399 17 13 10
51 41 8 7 6
380 275 17 13 10
143 80 12 10 8
250 95 10 8 6
376 78 11 9 7
481 162 5 4 3
255 140 5 4 3
280 286 8 6 5
224 379 7 6 5
280 262 8 6 4
154 270 7 5 4
195 337 9 7 5
22 400 5 4 3
157 97 14 12 10
380 374 17 13 10
258 476 7 5 4
499 277 8 6 5
109 144 10 8 7
243 471 9 8 6
71 10 9 7 5
383 211 12 9 7
126 477 16 12 10
492 499 4 3 2
167 275 12 10 9
45 422 15 12 10
381 345 9 7 6
337 454 9 7 6
231 276 10 8 7
474 145 15 11 9
36 72 5 4 3
328 299 16 13 10
255 397 9 7 5
52 261 14 11 9
31 432 10 8 6
11 14 5 4 3
487 288 7 5 4
161 152 16 12 9
207 490 16 12 9
359 280 10 8 7
95 371 5 4 3
129 100 10 8 6
204 407 3 2 1
241 121 10 8 6
104 26 12 10 8
167 288 4 3 2
134 174 6 4 3
9 333 13 10 8
401 363 7 6 5
334 48 3 2 1
54 373 13 11 8
278 51 4 3 2
263 281 7 6 5
482 348 6 5 4
449 265 15 11 9
444 363 8 7 5
59 305 13 10 8
289 47 14 11 9
375 39 3 2 1
105 164 7 5 4
236 207 9 7 6
221 387 4 3 2
140 114 3 2 1
491 201 3 2 1
80 221 5 4 3
366 193 16 12 10
63 419 17 13 10
148 460 3 2 1
318 217 3 2 1
2 127 10 8 6
97 464 12 10 8
65 370 17 13 10
424 268 9 7 5
377 345 8 7 5
294 50 4 3 2
444 116 15 11 9
440 458 10 8 6
345 496 6 4 3
351 173 14 11 9
169 341 12 10 8
352 203 7 6 4
418 254 12 10 8
139 161 4 3 2
227 449 4 3 2
48 170 14 12 9
309 1 11 9 7
232 441 12 10 8
160 260 4 3 2
345 162 5 4 3
40 418 11 9 8
168 445 14 11 9
416 96 15 11 9
320 387 3 2 1
13 391 9 8 6
161 334 7 6 5
473 394 7 5 4
118 391 9 8 6
74 430 12 9 7
350 94 3 2 1
482 483 11 9 7
153 169 4 3 2
164 21 6 4 3
292 291 16 12 9
302 270 13 10 8
320 284 4 3 2
145 12 6 5 4
261 30 14 11 8
363 471 12 9 7
482 195 13 10 8
73 196 16 13 10
187 217 7 6 5
209 186 10 8 6
1 250 14 11 8
87 209 12 10 8
357 146 8 7 6
173 303 4 3 2
31 8 11 9 8
32 66 7 5 4
411 74 10 8 7
453 65 8 7 5
188 274 12 9 7
126 44 8 7 5
199 242 4 3 2
250 299 6 5 4
156 405 16 12 10
397 359 4 3 2
175 266 8 6 4
219 378 5 4 3
391 385 3 2 1
284 376 6 5 4
451 261 5 4 3
334 330 4 3 2
454 163 10 8 6
351 287 5 4 3
135 494 4 3 2
149 466 10 9 8
416 85 5 4 3
229 290 14 11 9
203 391 7 5 4
31 219 8 7 5
478 49 14 12 9
165 493 4 3 2
61 370 9 7 5
210 289 7 5 4
31 177 5 4 3
262 238 12 9 7
225 227 11 8 7
370 216 13 10 8
317 73 14 11 8
231 395 3 2 1
216 416 10 8 6
350 476 9 7 6
332 421 6 5 4
203 264 11 8 6
273 197 5 4 3
143 354 4 3 2
15 100 7 5 4
236 306 10 8 6
52 484 4 3 2
344 119 4 3 2
457 379 9 7 5
4 434 5 4 3
484 493 14 11 9
376 488 6 5 4
95 450 16 13 10
207 185 13 10 9
364 339 15 13 10
236 199 5 4 3
235 426 9 7 5
395 378 5 4 3
276 262 3 2 1
265 223 13 10 8
422 254 3 2 1
224 372 3 2 1
378 28 12 9 7
461 62 3 2 1
449 360 9 7 5
87 273 12 9 7
377 196 11 9 7
418 185 5 4 3
266 442 17 13 10
208 66 15 13 10
414 90 8 6 4
11 498 17 13 10
222 428 15 12 10
192 140 4 3 2
204 102 12 9 7
300 102 3 2 1
399 389 4 3 2
314 488 8 6 4
247 121 3 2 1
335 417 3 2 1
136 29 3 2 1
155 145 4 3 2
213 81 14 12 9
410 52 3 2 1
335 470 13 11 9
173 145 15 12 10
75 301 11 9 7
113 371 13 10 8
143 348 13 10 8
281 273 7 5 4
490 484 10 8 6
410 360 16 12 9
399 59 8 6 4
488 424 3 2 1
118 43 10 8 6
469 261 3 2 1
49 251 16 13 10
189 185 9 7 6
423 10 5 4 3
174 136 9 8 6
243 350 15 12 9
334 389 9 7 5
275 156 14 11 9
253 425 10 8 6
434 384 8 7 6
419 336 11 8 7
62 445 8 6 4
47 225 11 9 7
84 287 4 3 2
381 36 4 3 2
489 112 8 7 5
105 33 4 3 2
221 118 12 10 7
331 66 6 4 3
457 391 15 12 10
365 29 13 10 8
219 239 4 3 2
286 48 12 9 7
200 175 8 6 5
123 290 8 6 5
166 415 9 7 5
39 165 4 3 2
314 23 12 10 8
0 143 3 2 1
306 115 9 7 5
449 346 6 5 4
357 85 4 3 2
448 55 4 3 2
305 196 3 2 1
415 417 11 9 7
12 177 13 10 7
32 81 11 9 7
99 88 7 6 4
240 348 3 2 1
227 25 7 5 4
245 165 7 5 4
392 12 10 8 6
273 489 7 6 4
202 93 8 7 6
413 75 9 7 6
395 403 7 6 4
45 452 12 9 7
155 190 4 3 2
114 200 13 11 9
496 129 7 5 4
402 195 12 10 8
30 90 6 5 4
86 335 3 2 1
452 444 10 8 6
28 226 8 6 5
139 201 7 5 4
182 72 16 13 10
55 382 7 6 5
391 151 6 4 3
377 80 5 4 3
89 14 16 12 10
280 260 16 13 10
483 139 13 11 9
6 102 11 9 7
472 149 4 3 2
323 349 11 8 6
315 427 6 4 3
21 246 14 11 9
120 276 7 5 4
191 396 14 11 8
450 269 10 8 6
73 75 4 3 2
326 161 3 2 1
116 401 5 4 3
494 63 8 7 5
89 349 8 6 5
313 311 5 4 3
420 31 8 7 6
133 65 5 4 3
24 240 8 7 6
418 64 4 3 2
35 349 16 12 9
323 83 5 4 3
318 247 4 3 2
430 227 9 7 6
69 467 16 13 10
143 50 4 3 2
391 430 4 3 2
483 220 9 7 5
363 483 4 3 2
59 427 12 10 8
44 300 3 2 1
336 430 10 8 7
37 176 11 8 6
350 117 9 7 5
106 497 7 6 5
212 152 5 4 3
179 85 16 12 9
77 282 3 2 1
305 283 10 8 6
497 228 12 10 8
453 253 8 7 5
166 384 9 8 6
473 272 15 13 10
425 460 3 2 1
306 144 16 13 10
483 284 6 4 3
306 269 16 13 10
48 370 4 3 2
195 84 10 9 7
489 407 7 6 5
429 313 11 9 7
320 224 6 4 3
294 427 15 12 10
45 250 11 9 7
296 215 4 3 2
493 18 4 3 2
313 489 15 13 10
102 105 10 8 6
248 19 12 9 7
341 230 3 2 1
197 331 10 8 6
142 136 8 6 5
299 142 13 11 8
116 252 11 8 6
476 136 6 4 3
349 450 5 4 3
327 296 7 5 4
475 70 8 6 5
372 395 8 6 5
429 417 14 11 8
169 345 3 2 1
20 106 11 8 6
188 441 11 8 6
368 400 4 3 2
185 468 12 10 8
74 390 6 5 4
272 338 3 2 1
153 88 7 5 4
7 126 12 9 7
14 479 16 13 10
20 207 4 3 2
157 192 9 7 6
197 337 12 10 8
457 194 3 2 1
99 303 15 11 9
109 36 8 7 5
7 35 4 3 2
130 262 14 11 9
50 395 6 5 4
381 313 13 11 8
41 319 13 10 8
352 99 15 12 10
323 446 5 4 3
463 359 16 12 9
236 90 8 6 5
152 402 5 4 3
7 174 8 6 4
46 446 6 5 4
168 90 4 3 2
188 136 6 4 3
469 498 14 12 10
344 355 8 6 5
6 51 17 13 10
278 268 16 12 9
190 129 13 10 9
410 493 8 6 5
168 330 13 11 9
185 333 4 3 2
373 11 13 10 8
449 380 10 8 6
31 460 6 5 4
235 192 3 2 1
120 406 10 8 6
358 417 4 3 2
352 287 14 11 8
246 150 7 5 4
100 89 10 8 6
248 42 9 7 6
368 345 8 6 5
25 320 6 5 4
118 441 15 11 8
336 49 14 12 9
75 148 15 12 9
232 49 14 12 10
144 151 11 8 6
307 270 4 3 2
298 288 11 9 7
324 21 15 11 8
18 418 7 5 4
423 266 4 3 2
381 498 11 8 6
368 5 6 4 3
165 465 9 7 6
217 235 9 7 6
214 355 4 3 2
20 32 15 12 10
59 106 11 9 7
105 5 14 11 8
406 487 13 11 8
266 62 7 6 5
53 43 3 2 1
196 280 15 12 9
394 297 3 2 1
361 222 8 6 4
147 353 12 10 8
411 438 10 8 6
122 285 14 11 9
288 190 4 3 2
381 366 9 8 6
13 43 14 11 8
51 383 5 4 3
257 418 10 9 7
126 231 12 10 7
295 9 13 10 8
453 373 7 5 4
81 450 10 9 7
360 68 10 8 7
405 487 9 7 5
61 408 4 3 2
309 246 13 10 8
473 299 15 12 10
97 11 6 5 4
39 321 11 9 7
167 57 11 8 6
283 207 12 10 8
247 344 5 4 3
60 112 10 8 6
124 38 12 10 7
163 138 14 12 9
86 321 3 2 1
450 401 12 9 7
104 109 5 4 3
176 136 16 13 10
361 399 15 11 8
451 212 14 11 9
235 448 4 3 2
96 413 12 10 8
33 249 4 3 2
477 97 8 6 4
234 239 7 5 4
371 167 8 7 5
458 201 7 5 4
484 470 7 5 4
71 33 6 5 4
294 121 7 6 5
185 463 4 3 2
154 95 11 9 7
164 466 15 11 9
453 219 8 7 5
364 383 16 12 9
300 386 3 2 1
335 312 4 3 2
99 377 9 7 6
379 369 5 4 3
466 110 13 10 9
340 237 7 6 5
17 344 12 10 8
432 493 13 10 9
305 150 12 9 7
239 439 7 6 4
100 263 6 4 3
479 330 5 4 3
75 263 13 10 8
205 169 11 8 6
471 497 17 13 10
67 1 3 2 1
426 431 3 2 1
407 461 16 13 10
100 351 3 2 1
258 455 5 4 3
438 166 13 10 8
336 20 14 12 9
399 409 4 3 2
246 413 4 3 2
146 254 7 6 5
222 244 6 5 4
144 8 6 5 4
482 393 8 6 4
106 248 14 12 10
304 216 4 3 2
94 471 7 5 4
197 75 3 2 1
445 340 5 4 3
463 239 11 8 6
43 275 7 5 4
451 220 9 7 5
17 426 11 8 7
402 263 12 9 7
354 62 6 5 4
67 467 16 13 10
154 125 6 5 4
33 415 15 12 10
184 339 4 3 2
388 105 6 5 4
343 6 16 12 9
15 161 13 11 9
439 83 14 11 8
409 250 8 6 5
173 433 4 3 2
123 387 3 2 1
452 356 14 11 9
452 5 13 11 9
367 390 13 10 8
447 118 3 2 1
94 395 4 3 2
22 387 3 2 1
341 95 10 8 6
180 497 13 11 9
493 487 8 7 6
62 263 12 10 8
118 69 10 8 6
7 89 8 6 5
212 66 9 8 6
291 83 4 3 2
194 33 12 10 8
476 138 11 9 7
62 372 7 6 5
293 27 8 6 5
211 446 3 2 1
129 417 3 2 1
459 494 4 3 2
281 357 12 10 8
44 210 15 13 10
434 386 11 8 7
277 236 6 4 3
444 477 8 7 5
28 388 14 12 10
327 284 10 7 6
419 465 4 3 2
365 406 3 2 1
79 3 12 10 8
472 454 15 12 10
210 227 11 9 7
16 426 8 6 5
381 264 11 9 7
234 301 15 12 10
388 70 11 9 8
373 470 12 9 7
151 228 7 5 4
498 171 15 13 10
474 466 9 7 6
342 370 4 3 2
87 479 15 12 9
318 459 13 11 9
276 198 8 6 5
6
7
10
3
3
7
3
5
6
8
3
6
10
2
7
4
3
6
1
10
9
3
9
7
5
3
5
2
3
9
10
4
2
5
8
3
7
4
2
5
9
1
3
5
10
4
2
8
6
6
6
6
4
7
7
8
3
9
6
6
9
5
8
5
3
5
6
8
7
7
7
7
3
3
3
7
9
9
7
6
2
9
5
7
5
7
5
1
7
9
2
5
6
1
6
6
7
3
7
2
4
5
8
9
10
4
4
2
6
7
5
8
8
2
6
4
3
6
7
9
4
6
10
6
7
10
10
5
7
1
6
8
2
10
1
5
6
1
6
2
10
7
1
10
6
7
7
2
7
8
4
2
10
8
9
10
10
7
4
10
6
4
6
5
7
9
3
6
2
3
1
9
7
10
3
3
1
3
3
2
5
8
3
9
2
5
5
4
10
8
2
6
4
5
7
6
5
5
4
7
1
2
1
10
4
2
6
5
4
9
4
7
2
2
3
7
8
2
4
10
9
8
10
9
3
1
3
9
2
4
7
8
2
10
8
7
6
10
7
5
5
9
8
8
2
4
6
10
9
9
10
10
6
8
8
1
3
6
1
6
3
1
1
9
9
4
6
9
5
1
7
9
10
1
5
5
1
5
2
4
1
9
10
8
9
7
4
7
7
2
5
4
8
6
4
8
3
1
9
1
6
7
6
3
8
4
8
10
5
1
4
3
1
7
9
3
2
7
4
5
3
8
8
10
1
2
6
1
9
6
7
5
10
7
6
5
6
4
1
9
10
9
3
10
2
9
4
2
9
8
4
6
8
3
3
3
4
7
2
5
6
7
10
4
8
7
8
6
4
7
4
9
1
6
10
5
5
3
7
9
7
5
8
1
1
8
8
6
7
10
3
10
2
10
5
9
9
2
9
4
8
9
3
7
9
6
4
4
1
3
9
7
10
4
10
1
8
1
9
5
9
8
8
3
7
2
10
7
7
10
1
8
2
4
3
7
2
10
5
8
6
4
8
5
10
6
8
5
7
6
1
4
1
10
9
3
9
6
2
3
7
2
5
10
9
4
8
1
5
8
10
8
2
4
6
2
4
1
2
4
7
5
2
8
5
5
3
5
3
8
4
2
8
2
9
4
9
2
2
10
