500 2500
223 495 6 5 4
223 12 11 9 7
458 495 9 7 6
12 196 14 12 10
313 223 3 2 1
495 130 5 4 3
267 223 13 10 8
267 488 12 10 8
90 267 12 9 8
488 387 16 13 10
223 419 12 9 7
73 12 8 6 4
267 38 15 12 10
96 267 3 2 1
13 223 15 12 9
65 196 7 5 4
394 38 8 6 5
313 294 13 10 8
208 65 9 7 6
343 387 10 8 6
367 130 8 6 5
294 82 16 13 10
90 319 11 9 7
371 65 12 10 8
358 419 12 10 8
202 371 4 3 2
23 367 12 10 8
208 33 4 3 2
394 301 16 13 10
175 23 15 12 9
82 171 10 8 6
73 14 11 9 7
469 38 9 8 6
9 196 7 6 5
345 130 7 6 5
458 64 11 9 7
175 262 15 11 9
33 118 16 12 10
419 455 14 11 9
13 300 4 3 2
343 190 7 6 5
9 149 5 4 3
343 81 8 7 5
143 469 5 4 3
495 174 4 3 2
143 213 16 12 10
174 372 5 4 3
100 387 5 4 3
65 70 9 7 6
371 349 4 3 2
427 96 10 9 7
412 313 4 3 2
33 101 14 12 9
463 412 9 7 5
303 367 3 2 1
321 143 3 2 1
55 349 13 10 8
100 215 14 11 9
149 309 10 8 6
100 15 15 13 10
34 174 9 7 5
345 86 5 4 3
213 276 8 6 5
421 419 6 5 4
70 424 11 9 7
369 73 11 9 8
162 301 14 11 9
214 202 14 11 9
262 235 5 4 3
90 158 5 4 3
67 130 11 9 7
64 453 3 2 1
70 85 5 4 3
284 303 3 2 1
36 34 17 13 10
484 13 10 7 6
327 202 14 12 9
202 233 15 12 10
214 60 16 12 10
303 474 11 9 7
118 260 9 7 5
452 294 6 5 4
130 172 10 8 6
243 55 15 12 10
490 424 5 4 3
64 425 12 10 8
300 374 6 4 3
130 98 15 13 10
247 327 10 8 6
496 463 4 3 2
98 188 11 9 8
188 409 10 8 7
374 475 7 5 4
396 215 15 13 10
364 235 6 4 3
433 369 9 7 5
251 23 4 3 2
31 260 3 2 1
423 319 10 8 6
378 309 9 7 5
397 162 11 9 7
168 303 12 9 7
9 275 11 9 7
251 486 3 2 1
441 419 11 9 7
24 309 16 13 10
99 394 8 6 4
171 382 13 10 8
24 147 11 9 7
457 412 3 2 1
420 235 11 8 6
47 96 13 11 9
474 279 10 8 6
463 211 8 6 4
309 56 11 9 7
81 272 3 2 1
76 223 17 13 10
36 312 6 4 3
426 427 12 10 9
23 250 15 12 9
457 403 12 9 7
70 293 15 12 10
166 76 13 11 9
433 418 5 4 3
397 4 6 5 4
269 284 3 2 1
45 321 12 9 7
226 214 12 9 7
394 480 11 8 6
319 351 7 5 4
406 14 12 10 8
144 162 9 8 7
251 6 5 4 3
147 329 15 12 9
174 160 5 4 3
445 488 15 12 10
192 374 14 11 8
143 287 6 5 4
26 480 15 12 10
4 468 9 7 6
345 37 14 11 9
235 295 7 5 4
469 304 15 11 9
251 230 3 2 1
367 78 15 13 10
168 139 13 10 8
348 406 12 10 8
486 354 14 11 9
215 376 10 8 7
222 403 16 13 10
33 128 3 2 1
19 4 12 10 8
294 438 5 4 3
424 194 7 6 5
358 97 5 4 3
347 168 11 8 6
19 59 11 9 7
94 267 15 12 10
31 203 15 13 10
332 453 9 7 5
409 318 15 13 10
416 45 15 11 9
22 364 10 8 6
15 334 11 9 7
70 324 8 6 4
376 278 11 9 7
298 47 10 8 6
15 225 12 9 7
465 160 13 11 9
480 362 10 8 6
193 287 16 13 10
200 354 7 6 4
418 93 7 5 4
225 288 12 9 7
394 120 5 4 3
280 260 13 10 7
123 190 8 7 6
309 148 3 2 1
417 123 8 6 4
203 258 9 7 5
114 225 12 10 8
245 64 12 9 8
139 342 11 9 7
478 293 3 2 1
7 194 3 2 1
120 46 6 5 4
381 98 8 6 4
300 470 15 11 8
129 304 7 6 4
14 156 3 2 1
418 40 3 2 1
365 258 5 4 3
221 463 14 11 9
10 362 15 12 9
319 145 8 6 5
352 215 3 2 1
314 148 3 2 1
213 135 14 11 9
424 232 6 5 4
393 458 15 11 8
95 85 10 8 7
381 88 6 5 4
233 411 9 7 5
387 307 13 11 9
384 123 9 7 5
95 477 15 12 9
70 117 7 6 5
416 69 4 3 2
232 375 14 11 8
237 352 16 12 10
108 470 13 10 7
229 272 15 12 9
276 373 5 4 3
454 78 7 5 4
230 165 10 8 6
457 487 3 2 1
148 335 9 7 5
418 466 12 10 8
34 125 4 3 2
296 22 14 12 10
311 149 8 6 5
82 446 8 6 4
27 162 11 9 7
294 186 17 13 10
469 261 10 8 6
319 105 4 3 2
479 215 10 9 7
108 83 10 8 6
406 268 9 8 6
16 235 8 7 6
371 195 10 8 6
180 90 10 8 6
3 96 10 9 7
466 282 8 6 5
475 450 9 7 5
139 333 9 7 5
181 272 4 3 2
285 312 9 7 5
14 344 7 6 5
465 326 8 6 5
165 414 15 12 9
75 261 16 12 10
332 197 4 3 2
323 88 3 2 1
212 105 4 3 2
343 116 11 9 8
475 167 14 12 10
458 341 9 7 5
12 476 3 2 1
319 355 3 2 1
438 154 9 7 5
258 430 15 11 8
205 347 9 7 6
287 89 16 12 10
95 74 6 4 3
366 37 12 10 8
193 80 4 3 2
43 85 8 6 5
8 416 4 3 2
174 91 12 10 8
184 168 3 2 1
152 455 3 2 1
51 258 13 10 7
80 402 8 6 5
92 34 12 9 7
214 30 8 6 5
27 241 11 9 7
453 49 13 11 9
195 185 14 12 9
461 372 6 5 4
65 249 12 9 7
302 409 15 12 9
142 82 3 2 1
483 474 3 2 1
110 215 16 13 10
203 263 6 4 3
332 472 3 2 1
348 444 4 3 2
198 327 4 3 2
21 487 7 5 4
377 197 6 5 4
31 227 4 3 2
175 338 7 5 4
451 33 8 6 4
343 410 9 7 5
75 163 16 12 9
498 92 7 6 5
452 42 15 13 10
424 353 14 11 9
360 143 3 2 1
44 457 12 10 8
304 306 6 5 4
419 25 5 4 3
113 128 7 5 4
82 325 15 12 9
276 126 7 6 4
118 482 16 12 10
159 3 14 12 9
437 394 3 2 1
389 180 10 8 6
366 359 4 3 2
61 409 3 2 1
62 34 9 7 5
447 426 14 12 9
131 101 10 8 6
335 291 8 6 5
491 211 16 13 10
454 204 5 4 3
242 19 4 3 2
236 452 10 8 6
57 364 4 3 2
114 1 14 11 9
51 103 5 4 3
109 14 5 4 3
103 356 10 8 6
69 346 10 8 6
136 314 6 4 3
94 228 13 10 8
286 309 11 8 6
134 445 4 3 2
164 372 10 8 6
249 407 14 11 8
34 336 12 10 8
103 29 10 8 6
119 397 9 7 6
191 123 12 10 9
108 283 4 3 2
441 252 14 12 10
41 261 11 9 7
441 77 6 5 4
264 164 9 7 5
202 246 14 12 10
391 165 10 8 6
457 206 7 5 4
387 5 8 6 4
456 228 3 2 1
473 110 6 5 4
390 22 7 5 4
179 131 6 5 4
48 302 8 6 5
106 298 4 3 2
252 448 13 10 8
480 328 3 2 1
99 189 15 11 9
246 290 3 2 1
456 53 14 11 8
456 459 11 8 7
413 488 5 4 3
340 33 7 5 4
412 254 8 6 4
429 62 15 13 10
435 412 8 6 5
379 447 8 6 5
27 209 16 12 9
69 220 3 2 1
151 126 7 5 4
313 248 14 11 9
378 436 13 10 8
440 419 12 10 8
187 90 13 10 8
379 66 4 3 2
366 104 5 4 3
224 321 8 6 5
373 361 5 4 3
392 286 3 2 1
202 84 3 2 1
22 259 9 7 5
383 85 7 5 4
491 401 11 9 7
91 492 3 2 1
256 306 7 5 4
415 148 14 11 9
308 195 13 10 8
217 441 14 12 10
467 10 4 3 2
0 81 17 13 10
485 465 4 3 2
32 80 3 2 1
29 240 11 9 8
35 82 11 9 7
400 164 5 4 3
18 278 3 2 1
136 234 12 10 8
124 278 12 9 7
275 316 6 5 4
482 238 5 4 3
108 155 3 2 1
28 211 7 6 4
141 397 3 2 1
243 281 5 4 3
18 176 5 4 3
459 182 3 2 1
137 409 12 10 8
270 407 3 2 1
207 383 16 12 10
404 303 12 9 7
489 327 11 9 7
336 493 10 8 6
277 261 5 4 3
136 439 4 3 2
2 187 16 12 10
239 281 14 11 8
210 304 3 2 1
11 476 14 12 10
236 370 13 10 8
219 204 3 2 1
135 115 9 7 6
139 71 4 3 2
493 292 8 6 5
260 169 17 13 10
442 11 12 10 8
381 388 3 2 1
257 181 6 5 4
45 146 7 5 4
157 144 6 5 4
328 253 5 4 3
21 422 13 11 8
107 382 10 7 5
159 299 15 12 10
130 39 14 11 9
249 183 3 2 1
132 106 11 9 7
384 112 11 9 7
395 93 4 3 2
265 308 9 7 5
28 50 13 10 8
63 371 5 4 3
95 405 12 9 7
218 124 12 9 7
37 231 6 5 4
212 331 7 5 4
4 72 3 2 1
155 54 5 4 3
130 310 12 10 8
497 112 12 9 7
330 270 13 10 8
13 138 7 5 4
289 36 3 2 1
5 133 13 10 8
212 297 5 4 3
14 271 4 3 2
72 170 7 5 4
199 2 8 6 4
115 266 15 12 10
12 317 3 2 1
471 328 3 2 1
449 327 7 5 4
159 177 9 7 6
251 52 7 5 4
201 176 11 9 8
246 315 11 8 7
59 443 13 10 8
10 408 9 7 6
58 235 3 2 1
57 122 3 2 1
464 263 15 12 10
216 113 10 8 7
357 157 4 3 2
434 115 6 4 3
460 74 5 4 3
161 144 11 9 7
178 213 8 6 4
50 320 6 5 4
302 68 5 4 3
391 398 3 2 1
161 350 11 9 7
337 411 15 12 10
140 169 3 2 1
150 117 3 2 1
366 494 5 4 3
116 363 12 9 7
185 173 10 9 7
303 305 11 8 6
451 255 9 7 6
291 386 6 4 3
263 431 6 4 3
55 244 9 7 5
203 79 7 5 4
178 399 8 6 5
450 368 17 13 10
209 432 3 2 1
391 481 3 2 1
322 465 4 3 2
44 17 16 13 10
42 339 17 13 10
469 380 14 12 9
135 274 5 4 3
307 273 13 11 9
462 354 4 3 2
102 307 10 8 6
126 111 5 4 3
127 33 11 8 6
266 385 3 2 1
255 20 9 7 6
153 391 4 3 2
121 46 5 4 3
379 428 5 4 3
499 298 10 8 6
87 449 12 9 7
325 374 14 11 8
340 51 16 13 10
425 307 5 4 3
81 336 11 8 6
157 8 15 11 9
351 353 4 3 2
197 43 9 7 5
79 465 8 7 6
184 68 4 3 2
229 138 13 10 8
412 84 3 2 1
160 69 8 6 4
21 121 3 2 1
322 38 4 3 2
132 455 9 7 5
427 299 15 13 10
422 63 15 12 10
291 369 10 8 6
301 247 15 12 10
363 10 8 6 5
358 348 3 2 1
355 56 9 7 5
425 174 4 3 2
269 104 5 4 3
452 463 10 8 6
305 36 8 6 4
24 109 5 4 3
139 290 9 7 6
238 317 4 3 2
452 413 3 2 1
272 276 13 11 9
231 421 4 3 2
333 161 12 9 7
235 427 8 6 5
480 261 15 12 10
438 10 3 2 1
251 97 3 2 1
324 263 5 4 3
124 106 9 7 5
197 186 4 3 2
439 428 14 11 9
126 381 8 7 6
146 494 7 6 5
300 310 11 8 6
496 24 12 9 7
489 49 3 2 1
260 287 15 12 10
183 233 15 11 9
100 25 3 2 1
27 489 4 3 2
80 298 3 2 1
137 69 8 6 5
147 277 4 3 2
210 218 10 8 6
248 437 4 3 2
423 26 9 7 6
173 180 14 11 9
388 200 3 2 1
483 39 9 7 5
354 94 15 12 10
58 112 4 3 2
443 453 4 3 2
385 370 17 13 10
281 39 6 5 4
106 483 6 4 3
288 448 7 5 4
49 481 3 2 1
372 493 4 3 2
106 357 5 4 3
4 131 3 2 1
430 250 4 3 2
94 349 12 9 7
339 228 4 3 2
260 301 5 4 3
190 428 6 4 3
30 67 12 9 7
8 198 4 3 2
249 301 3 2 1
338 471 7 5 4
368 225 13 10 8
174 13 10 8 6
208 31 8 7 6
88 184 17 13 10
71 329 14 11 9
426 453 15 11 8
375 180 15 11 9
127 111 11 8 6
395 245 9 7 5
144 27 15 13 10
398 462 17 13 10
10 288 15 12 9
468 6 8 6 5
350 49 8 6 5
202 427 12 9 7
475 218 4 3 2
304 310 9 7 6
332 368 11 9 7
393 13 11 9 7
315 26 10 8 7
184 299 11 9 7
457 243 10 7 6
219 252 7 5 4
211 385 3 2 1
314 332 9 7 5
111 440 12 10 8
402 407 13 11 9
178 102 3 2 1
139 52 7 5 4
435 257 10 9 7
50 311 5 4 3
470 104 12 9 7
32 296 12 9 7
327 54 7 6 5
15 228 8 6 4
188 17 15 12 10
125 497 4 3 2
107 455 4 3 2
197 462 9 7 5
322 25 15 12 9
18 69 6 5 4
106 55 7 6 4
29 188 8 6 5
340 216 10 8 6
341 88 15 12 9
401 242 12 10 8
379 21 4 3 2
211 92 13 10 8
15 393 3 2 1
485 360 9 7 5
302 497 12 10 7
281 300 4 3 2
142 190 16 12 10
256 469 3 2 1
331 426 13 10 8
331 167 7 5 4
470 71 15 13 10
322 217 5 4 3
402 467 5 4 3
496 305 9 7 6
274 325 7 6 5
26 289 8 6 4
277 330 10 9 7
223 113 6 5 4
442 282 7 6 4
289 392 4 3 2
335 245 11 8 6
74 395 14 12 10
68 232 5 4 3
249 411 14 12 9
7 62 9 8 6
32 306 14 12 10
379 37 9 8 7
240 198 11 9 7
494 44 15 12 9
50 458 4 3 2
23 41 3 2 1
496 226 6 5 4
336 44 15 12 9
494 327 11 9 7
265 59 5 4 3
364 414 11 8 6
223 248 6 4 3
124 85 12 10 8
451 384 6 5 4
238 440 8 7 5
260 144 6 5 4
73 387 4 3 2
89 339 4 3 2
288 488 11 9 7
288 279 11 8 6
236 364 7 6 5
417 54 15 12 10
429 146 12 9 7
195 345 16 13 10
316 140 11 9 7
21 179 12 9 8
231 446 4 3 2
414 256 16 12 9
439 325 5 4 3
153 67 12 10 8
378 273 3 2 1
65 347 7 6 5
5 439 8 6 5
242 115 9 7 6
115 180 9 7 5
358 220 4 3 2
310 156 15 12 10
370 378 7 5 4
350 288 9 8 6
243 396 3 2 1
289 302 10 8 6
236 353 16 12 10
12 404 15 12 9
128 440 8 6 5
50 392 13 10 8
367 477 10 8 7
305 289 7 6 5
388 473 6 5 4
150 339 11 9 7
47 60 5 4 3
262 436 5 4 3
414 161 14 11 9
324 233 5 4 3
223 125 3 2 1
201 145 8 6 5
86 330 15 11 9
250 220 14 11 8
484 198 3 2 1
156 201 5 4 3
39 41 4 3 2
422 338 3 2 1
484 93 10 8 7
362 244 3 2 1
352 254 4 3 2
14 427 7 5 4
68 446 8 7 5
188 365 14 12 10
149 373 3 2 1
177 218 14 11 9
142 59 4 3 2
119 34 15 13 10
269 139 16 12 9
465 144 7 5 4
300 53 14 11 8
244 164 3 2 1
452 278 3 2 1
406 95 11 9 7
308 150 15 11 9
151 461 6 5 4
49 125 8 6 5
188 493 5 4 3
0 318 5 4 3
444 204 10 8 6
454 311 3 2 1
389 235 4 3 2
50 405 14 11 9
389 271 4 3 2
144 404 11 9 7
49 54 16 13 10
454 456 9 7 5
135 243 3 2 1
296 89 12 10 8
439 471 13 10 8
420 461 13 11 8
89 264 12 9 7
374 168 9 7 5
218 372 12 10 8
373 341 8 6 5
267 19 15 13 10
156 445 11 8 6
60 367 13 11 9
469 246 4 3 2
423 380 15 12 10
122 95 4 3 2
485 324 8 7 6
221 186 11 9 8
94 407 14 11 9
151 476 4 3 2
281 393 4 3 2
369 176 5 4 3
308 402 3 2 1
364 326 16 12 10
22 293 16 12 10
40 422 4 3 2
21 383 15 11 9
189 223 8 6 5
86 454 6 4 3
468 426 9 8 7
283 383 13 10 7
369 284 12 9 7
208 0 5 4 3
481 40 17 13 10
348 410 3 2 1
72 305 12 10 8
421 160 8 7 6
472 186 6 4 3
219 427 3 2 1
272 179 11 9 7
238 478 16 13 10
218 50 3 2 1
319 448 17 13 10
414 416 5 4 3
101 159 9 7 5
439 426 16 12 10
413 451 11 8 6
135 423 3 2 1
49 327 9 7 6
299 368 14 11 8
427 222 5 4 3
495 211 11 9 7
281 142 6 4 3
123 413 4 3 2
429 331 7 6 5
322 61 13 10 8
498 272 7 6 5
247 198 8 6 4
22 7 7 6 4
20 299 11 9 7
76 213 6 5 4
319 497 16 13 10
428 466 12 9 7
29 300 16 12 10
197 340 15 12 10
250 247 10 8 6
418 277 7 5 4
476 317 3 2 1
423 228 5 4 3
314 499 8 6 5
156 175 5 4 3
165 266 8 6 4
389 1 14 12 9
134 3 9 7 5
424 327 9 7 5
218 354 4 3 2
305 399 9 7 6
312 429 4 3 2
283 88 14 11 9
420 199 3 2 1
375 485 6 5 4
477 207 8 6 5
499 149 4 3 2
282 414 10 8 6
65 10 5 4 3
261 239 4 3 2
330 252 11 8 6
316 457 3 2 1
108 184 14 12 10
217 148 7 5 4
88 258 12 9 7
479 483 6 4 3
250 405 10 8 7
417 284 14 11 9
57 481 6 4 3
320 422 11 8 7
298 30 8 6 4
369 454 13 11 9
99 467 4 3 2
321 341 11 9 7
105 75 9 7 6
150 318 16 12 10
380 189 4 3 2
188 194 8 6 4
125 57 10 8 6
100 161 5 4 3
440 135 11 9 7
18 252 11 8 6
177 132 12 10 8
34 409 7 5 4
121 395 8 6 4
91 284 14 11 9
497 461 17 13 10
301 33 9 7 6
95 334 3 2 1
374 347 13 11 9
350 228 10 8 6
55 434 5 4 3
226 401 7 5 4
317 441 14 11 8
177 411 6 5 4
42 305 14 11 8
279 49 5 4 3
271 175 8 6 5
18 59 11 9 7
449 52 9 7 5
452 225 5 4 3
336 226 14 11 8
60 117 10 8 6
331 375 5 4 3
411 64 15 12 10
110 164 15 12 9
141 25 12 10 8
65 362 7 6 5
472 311 9 7 5
381 442 6 4 3
402 197 13 10 8
445 267 9 7 6
317 485 6 5 4
74 32 4 3 2
432 274 9 7 6
488 406 5 4 3
339 244 9 8 7
324 181 13 11 9
374 270 4 3 2
277 178 3 2 1
411 499 6 4 3
374 81 6 5 4
69 454 4 3 2
152 51 15 11 8
321 259 9 7 5
117 351 12 9 7
460 387 7 5 4
119 342 3 2 1
392 405 6 5 4
289 244 10 8 6
479 266 15 13 10
117 389 14 11 9
251 165 7 5 4
301 313 8 6 4
440 383 13 10 7
83 62 11 9 7
463 226 7 6 5
197 245 3 2 1
482 115 10 8 6
336 298 10 8 6
207 3 12 9 8
234 1 14 12 10
427 69 12 9 8
483 298 6 4 3
484 279 14 12 10
84 308 6 4 3
352 291 17 13 10
415 115 6 5 4
391 27 10 8 6
116 314 8 7 6
56 395 12 10 9
262 65 16 12 9
99 33 15 13 10
351 472 10 8 6
253 159 6 4 3
304 158 8 6 5
150 427 7 5 4
69 309 7 6 5
291 365 5 4 3
458 163 5 4 3
37 109 8 7 6
96 295 16 13 10
11 331 3 2 1
213 269 6 5 4
343 415 5 4 3
477 269 17 13 10
126 253 4 3 2
74 405 12 9 7
304 182 11 9 7
262 49 3 2 1
142 40 9 7 5
368 406 16 12 10
192 89 11 9 7
296 486 11 8 7
62 69 12 10 8
87 113 7 5 4
125 289 15 12 9
420 37 3 2 1
144 124 17 13 10
280 343 10 8 6
3 99 15 13 10
323 225 6 5 4
33 320 10 8 6
338 245 5 4 3
340 379 6 5 4
82 174 6 5 4
140 16 4 3 2
267 227 14 12 10
187 327 13 11 9
284 402 7 5 4
281 364 8 6 4
87 350 12 9 7
380 456 8 6 4
70 249 4 3 2
14 433 8 6 4
154 328 9 7 6
300 296 5 4 3
344 34 12 10 8
415 53 17 13 10
57 15 8 6 5
130 30 4 3 2
166 380 16 13 10
438 8 4 3 2
53 55 12 10 8
340 95 11 9 7
152 228 4 3 2
37 203 10 8 6
200 448 4 3 2
173 247 13 10 8
338 424 5 4 3
237 456 4 3 2
380 271 11 9 7
184 480 6 5 4
489 363 7 6 5
111 264 16 12 10
163 130 4 3 2
130 483 5 4 3
423 59 7 5 4
228 114 10 8 7
439 263 4 3 2
201 411 4 3 2
133 354 14 11 9
234 299 9 7 5
480 175 5 4 3
330 333 3 2 1
429 223 14 12 10
457 477 4 3 2
85 273 3 2 1
385 380 16 12 10
224 186 12 9 7
204 404 15 11 9
282 359 14 11 9
182 52 8 6 5
3 491 7 5 4
108 227 6 5 4
495 244 10 8 6
256 269 6 5 4
278 105 7 6 5
175 44 15 13 10
12 332 14 12 9
447 223 13 10 8
277 203 7 5 4
451 354 4 3 2
202 457 8 6 5
224 242 12 9 7
359 121 14 11 9
437 46 4 3 2
73 206 15 13 10
42 408 6 4 3
130 442 15 12 10
328 223 7 6 5
486 349 7 5 4
193 138 4 3 2
460 390 16 13 10
425 188 10 8 7
262 451 3 2 1
217 465 4 3 2
234 273 17 13 10
48 296 13 11 9
379 200 9 7 6
24 71 4 3 2
90 486 12 9 7
58 44 13 11 9
440 302 12 9 7
7 264 3 2 1
29 180 10 8 6
153 50 13 10 8
264 297 14 12 10
289 117 6 5 4
375 429 3 2 1
119 254 4 3 2
471 323 6 5 4
419 112 4 3 2
299 288 6 4 3
152 353 4 3 2
496 172 16 12 9
89 389 4 3 2
114 301 9 8 6
54 239 6 4 3
352 305 3 2 1
452 31 4 3 2
251 182 3 2 1
26 34 13 10 8
263 47 5 4 3
110 53 10 8 6
148 261 3 2 1
300 24 12 10 8
136 260 11 9 7
225 200 14 12 10
121 423 11 9 7
78 187 8 6 4
20 256 4 3 2
60 455 5 4 3
138 361 14 12 9
74 307 5 4 3
281 392 9 7 5
242 360 4 3 2
198 201 7 6 5
28 375 13 11 9
244 56 11 9 7
183 355 4 3 2
438 148 9 7 6
391 157 4 3 2
359 161 12 9 7
154 266 6 4 3
398 471 3 2 1
150 340 3 2 1
479 5 15 12 9
112 7 4 3 2
67 291 12 9 7
10 361 7 5 4
210 298 7 6 5
223 367 14 12 10
32 393 5 4 3
198 47 14 11 9
181 359 13 10 8
6 311 13 11 8
17 150 3 2 1
217 77 15 13 10
124 167 11 9 7
490 250 13 11 9
192 389 15 13 10
148 241 12 9 7
197 129 4 3 2
496 91 4 3 2
499 211 12 10 8
227 484 9 7 5
323 45 9 7 5
137 296 5 4 3
361 292 12 9 7
234 213 14 12 9
110 296 6 5 4
412 290 6 4 3
349 312 14 12 10
261 242 6 4 3
78 409 8 6 5
142 175 14 11 8
153 109 17 13 10
431 251 6 4 3
144 491 15 13 10
214 390 6 4 3
264 250 6 5 4
101 311 12 10 8
283 83 6 5 4
428 102 4 3 2
49 46 11 9 7
130 82 8 6 4
375 337 11 8 7
206 250 14 11 8
334 52 12 9 7
410 461 15 12 9
68 117 10 7 6
350 193 5 4 3
313 237 6 5 4
402 388 15 12 9
495 88 9 7 6
465 200 5 4 3
279 217 7 5 4
174 189 5 4 3
108 206 3 2 1
114 258 12 9 7
376 10 7 5 4
216 455 8 6 5
313 334 12 10 8
170 328 11 9 7
169 77 6 4 3
422 155 6 5 4
316 196 14 12 10
199 276 12 10 8
289 184 10 7 5
321 111 7 5 4
274 221 8 6 5
159 448 12 9 7
383 450 10 8 6
8 53 13 11 8
388 160 15 11 9
222 150 4 3 2
309 34 11 9 7
393 62 12 9 7
51 133 4 3 2
279 125 6 5 4
49 430 3 2 1
78 266 10 8 6
320 471 9 7 5
363 167 15 13 10
88 84 13 11 8
115 64 4 3 2
69 1 6 5 4
336 197 14 11 9
469 187 16 12 10
264 428 15 12 10
418 314 9 7 5
198 272 13 10 8
125 466 3 2 1
111 48 3 2 1
368 211 12 10 8
188 497 15 13 10
176 266 8 6 5
111 61 15 12 9
77 117 15 12 10
99 187 7 6 5
145 221 15 12 9
350 284 14 12 10
161 391 12 10 7
376 117 3 2 1
153 49 6 5 4
286 386 15 13 10
180 33 10 8 6
199 215 4 3 2
400 137 8 6 4
489 465 7 6 4
103 303 12 9 7
67 477 8 6 5
474 275 11 9 7
187 54 16 12 10
306 286 9 7 6
380 133 14 12 10
24 464 3 2 1
495 199 4 3 2
366 14 14 12 9
47 219 11 9 7
203 323 13 11 8
267 84 7 6 5
132 434 12 10 8
181 496 8 7 6
494 203 10 8 6
294 309 9 7 5
398 53 7 5 4
5 494 3 2 1
190 308 13 10 8
81 111 15 12 10
427 437 3 2 1
119 374 12 9 7
68 32 4 3 2
248 66 8 6 5
448 373 7 6 5
459 69 12 9 8
114 481 15 12 9
348 178 12 9 7
295 283 3 2 1
491 71 10 8 7
58 413 3 2 1
289 29 14 12 9
362 77 15 12 9
277 391 7 5 4
63 399 14 11 9
186 250 3 2 1
2 363 5 4 3
424 234 13 11 9
278 413 7 6 5
164 18 13 10 8
442 102 5 4 3
489 211 16 12 10
268 381 12 10 8
58 403 14 11 9
105 291 9 7 6
155 368 15 12 9
110 379 5 4 3
469 403 11 8 6
268 319 7 5 4
322 192 14 12 9
190 383 6 5 4
472 193 3 2 1
369 438 13 11 8
340 280 15 13 10
219 241 3 2 1
361 383 12 9 8
243 390 5 4 3
252 37 15 12 9
67 95 4 3 2
462 108 12 9 7
16 60 6 5 4
48 220 13 11 9
218 402 3 2 1
176 213 16 13 10
378 75 8 7 5
224 116 10 8 7
290 298 4 3 2
42 205 9 7 6
201 93 4 3 2
6 97 5 4 3
241 478 4 3 2
55 438 4 3 2
321 209 13 10 8
183 304 4 3 2
478 316 13 11 8
402 30 3 2 1
320 458 15 11 9
163 21 12 10 8
331 449 6 5 4
108 121 11 9 7
1 74 13 11 8
38 298 14 11 9
7 275 4 3 2
412 257 11 9 8
213 9 8 7 6
191 172 15 12 10
297 194 11 8 6
171 263 4 3 2
397 472 3 2 1
305 59 8 6 5
393 275 13 10 8
225 105 11 9 7
171 148 8 6 5
141 479 7 5 4
284 330 10 8 7
237 170 13 11 8
386 9 5 4 3
270 207 8 6 5
422 102 16 13 10
150 51 9 7 6
241 63 14 11 9
142 474 3 2 1
156 289 16 12 9
317 364 11 9 7
449 267 4 3 2
257 169 15 12 9
207 128 11 9 7
364 96 11 9 7
278 60 8 6 5
298 300 15 13 10
37 159 15 13 10
133 314 3 2 1
44 375 11 8 6
338 229 9 7 5
441 169 14 12 9
498 448 14 11 8
423 8 15 12 9
191 337 9 7 5
298 451 3 2 1
334 219 8 6 5
389 287 14 11 9
140 198 7 6 5
55 253 3 2 1
169 329 4 3 2
256 47 9 7 5
305 173 10 8 6
174 153 16 12 9
203 399 13 11 9
118 25 5 4 3
327 394 10 8 6
215 472 11 9 7
130 342 4 3 2
214 415 7 5 4
70 247 16 12 10
270 205 4 3 2
232 416 6 4 3
260 94 4 3 2
261 353 11 9 7
92 396 13 10 8
362 336 5 4 3
103 480 9 7 5
246 382 6 5 4
197 367 4 3 2
366 2 11 9 7
379 306 3 2 1
233 273 12 10 8
165 154 3 2 1
52 443 12 10 8
423 381 5 4 3
399 315 9 8 7
334 222 4 3 2
367 316 11 9 8
285 347 7 6 5
323 253 6 4 3
498 2 6 5 4
127 283 4 3 2
146 230 15 11 9
420 169 15 11 9
181 150 4 3 2
46 472 8 6 4
192 445 7 5 4
497 11 16 12 9
388 7 14 12 10
3 162 14 12 10
263 153 9 7 6
220 33 3 2 1
459 136 4 3 2
236 329 7 5 4
254 289 4 3 2
385 396 3 2 1
290 345 10 8 6
30 387 4 3 2
54 270 17 13 10
199 232 7 5 4
18 237 5 4 3
294 497 5 4 3
13 474 8 6 4
17 212 5 4 3
223 377 3 2 1
479 495 3 2 1
382 456 13 10 8
445 386 4 3 2
395 475 4 3 2
130 473 6 5 4
292 496 10 8 7
211 244 3 2 1
12 477 14 11 8
472 358 14 11 8
35 99 4 3 2
110 42 13 10 8
454 459 13 11 9
257 32 17 13 10
125 452 7 5 4
316 264 7 5 4
105 269 14 12 10
312 230 4 3 2
449 485 4 3 2
37 330 10 8 6
29 348 6 4 3
268 142 13 10 8
142 429 3 2 1
40 38 4 3 2
333 107 11 9 7
43 248 13 11 8
17 149 9 7 5
152 168 16 12 9
268 243 3 2 1
384 210 5 4 3
58 8 8 6 4
178 237 13 11 9
313 368 11 8 6
316 359 12 10 8
438 92 7 5 4
66 361 14 12 9
275 60 7 5 4
439 46 5 4 3
151 372 7 6 4
298 326 5 4 3
221 400 16 12 10
366 483 7 5 4
196 364 5 4 3
266 477 4 3 2
410 32 3 2 1
460 432 10 8 6
87 177 4 3 2
147 471 8 6 5
120 315 12 10 8
264 315 12 10 7
168 188 15 12 10
339 260 5 4 3
171 107 11 9 7
383 452 12 9 7
287 33 8 6 4
383 284 5 4 3
198 234 6 5 4
476 123 13 10 8
69 51 14 12 10
253 71 16 12 9
423 170 16 13 10
344 330 14 11 8
173 210 11 9 8
106 368 3 2 1
312 41 8 7 5
240 122 3 2 1
6 466 13 10 8
375 333 4 3 2
449 334 3 2 1
495 399 3 2 1
61 24 8 6 4
97 496 3 2 1
85 266 4 3 2
274 82 11 9 7
267 474 13 11 9
150 279 5 4 3
276 270 14 12 10
321 83 16 12 9
246 242 3 2 1
185 17 11 8 6
427 282 7 5 4
412 179 13 10 8
114 405 11 9 7
105 441 5 4 3
48 18 4 3 2
66 254 7 5 4
377 302 13 11 8
223 106 13 10 7
329 183 3 2 1
401 288 8 7 5
347 361 13 11 9
232 281 4 3 2
313 74 14 11 9
30 183 4 3 2
131 154 11 9 7
267 344 4 3 2
67 416 13 10 9
323 416 14 11 9
197 471 5 4 3
191 86 14 11 8
62 124 9 8 7
253 466 4 3 2
357 140 15 13 10
273 254 11 8 6
6 30 4 3 2
329 263 8 6 5
201 50 7 6 5
237 372 12 9 7
57 301 15 12 9
393 246 13 11 9
407 418 6 5 4
344 437 3 2 1
131 251 10 8 6
251 42 3 2 1
128 492 15 13 10
334 370 3 2 1
82 7 12 10 8
460 344 3 2 1
175 196 7 5 4
396 202 17 13 10
124 492 10 8 7
9 97 13 11 9
264 446 11 8 6
478 426 11 8 6
89 11 3 2 1
6 489 3 2 1
483 275 16 13 10
485 213 14 11 8
329 395 14 11 9
215 116 9 7 5
391 130 6 5 4
459 96 9 7 6
418 303 11 9 7
344 246 11 8 6
451 245 16 13 10
465 85 9 7 6
309 12 6 5 4
378 293 15 11 8
163 497 5 4 3
451 88 5 4 3
236 471 8 7 5
429 452 4 3 2
183 55 6 5 4
169 92 4 3 2
313 345 13 11 9
196 156 8 7 6
235 401 6 5 4
164 309 14 11 9
180 279 9 7 5
131 493 14 11 9
228 163 3 2 1
347 178 14 11 8
473 129 5 4 3
64 457 7 5 4
487 374 11 8 7
90 233 7 5 4
282 41 5 4 3
324 84 12 10 8
129 453 12 10 8
243 342 4 3 2
293 425 3 2 1
146 31 8 6 5
475 200 5 4 3
308 64 8 6 5
188 386 3 2 1
434 395 10 8 7
79 209 6 4 3
365 104 11 9 7
91 428 6 5 4
93 313 3 2 1
340 67 17 13 10
285 241 14 11 9
448 95 5 4 3
385 283 4 3 2
211 88 14 11 8
265 257 7 6 5
484 203 15 13 10
358 346 3 2 1
334 256 7 6 5
122 213 11 8 6
187 290 9 7 6
279 213 12 9 7
384 192 14 12 9
460 401 5 4 3
152 465 5 4 3
428 22 8 6 4
330 69 12 10 8
313 117 10 8 6
343 470 4 3 2
5 499 14 12 9
430 174 3 2 1
487 338 8 6 5
228 33 13 11 9
250 58 13 10 8
250 479 7 5 4
237 493 13 11 9
353 122 16 12 9
29 424 15 12 10
317 87 6 5 4
58 355 9 7 6
416 68 3 2 1
157 270 7 6 5
172 369 9 7 5
303 496 4 3 2
136 461 10 8 6
123 498 6 4 3
408 101 14 11 8
233 127 17 13 10
155 335 9 7 5
162 40 7 6 5
64 135 6 5 4
496 208 3 2 1
57 219 9 7 5
395 135 15 12 10
77 175 3 2 1
153 12 6 4 3
66 388 16 12 10
153 118 9 7 5
62 422 7 6 4
364 76 10 8 6
158 366 6 5 4
207 387 13 11 8
352 267 10 8 7
439 383 14 11 9
223 260 8 6 5
206 325 11 9 7
495 299 9 7 5
440 299 9 7 5
368 103 4 3 2
239 496 13 11 9
404 268 12 9 8
115 289 11 8 6
355 87 10 8 6
18 78 5 4 3
485 319 9 7 5
29 19 15 12 9
174 92 14 11 9
303 10 10 8 6
261 472 15 11 9
105 230 16 12 9
0 369 5 4 3
268 261 13 10 8
326 33 16 13 10
108 266 15 13 10
296 361 17 13 10
423 419 5 4 3
291 225 4 3 2
111 350 3 2 1
224 147 12 10 8
134 129 11 9 7
460 125 13 10 8
229 40 11 9 7
10 103 11 9 7
275 160 7 5 4
22 416 15 12 10
104 25 16 12 10
457 204 9 7 6
7 203 8 7 5
34 256 15 12 10
399 55 11 9 8
251 464 10 8 7
383 337 15 12 10
407 449 11 9 8
357 386 14 12 9
191 213 3 2 1
468 52 3 2 1
300 213 14 11 9
91 479 10 8 6
104 480 9 7 5
316 163 4 3 2
211 298 11 8 6
210 121 6 5 4
383 325 5 4 3
260 474 3 2 1
99 192 13 10 8
182 435 5 4 3
286 495 6 4 3
204 69 4 3 2
125 464 3 2 1
387 313 10 7 5
472 411 6 5 4
444 291 8 6 5
40 234 15 12 9
109 200 16 12 10
87 434 11 9 7
172 139 14 11 9
358 158 5 4 3
299 481 16 12 10
88 226 13 10 8
266 472 14 11 9
246 260 9 7 5
459 222 4 3 2
203 49 7 5 4
103 274 15 12 10
260 426 16 12 10
129 148 15 13 10
82 265 11 9 7
489 54 8 7 5
61 483 3 2 1
265 87 11 9 7
166 385 9 7 5
303 282 5 4 3
2 70 11 9 7
135 416 11 9 8
365 35 9 7 5
215 164 6 5 4
271 202 12 10 8
293 191 16 12 9
441 46 11 8 6
361 395 5 4 3
362 15 3 2 1
199 239 11 8 7
296 339 6 5 4
275 172 13 11 9
50 53 8 6 4
173 187 12 9 8
435 277 4 3 2
299 364 15 12 9
442 166 13 10 8
215 81 12 9 7
416 152 14 12 9
299 68 10 7 6
310 479 11 9 7
392 9 3 2 1
124 365 16 12 10
421 207 12 9 7
304 233 6 5 4
111 31 5 4 3
253 146 3 2 1
211 470 12 9 7
415 380 11 8 6
350 215 5 4 3
314 413 8 6 5
201 472 13 10 8
389 486 6 4 3
39 53 7 5 4
53 46 7 5 4
92 374 17 13 10
278 193 11 9 8
458 250 16 13 10
135 130 11 8 6
22 430 14 11 8
378 498 6 5 4
31 39 4 3 2
113 88 8 7 5
179 297 3 2 1
112 94 11 9 7
299 302 15 13 10
43 93 3 2 1
94 183 3 2 1
345 335 5 4 3
389 313 7 5 4
417 382 6 5 4
169 274 8 6 5
280 108 14 12 10
357 391 13 11 8
469 481 14 12 9
243 122 3 2 1
30 17 5 4 3
141 489 10 9 7
137 97 12 10 8
459 497 9 7 6
204 38 9 7 6
488 433 10 8 6
167 357 8 6 5
191 42 14 11 8
420 429 3 2 1
257 31 7 6 4
429 454 4 3 2
207 7 6 4 3
175 206 7 6 5
482 466 5 4 3
21 259 5 4 3
57 107 12 10 8
411 194 10 8 6
234 179 4 3 2
478 7 5 4 3
328 197 12 10 8
460 451 4 3 2
333 367 14 11 8
173 469 6 5 4
340 320 12 10 8
109 455 12 10 8
81 418 4 3 2
317 340 7 5 4
379 392 6 5 4
101 398 11 9 7
289 249 15 12 10
136 454 10 8 7
317 418 7 6 5
285 309 4 3 2
253 83 12 10 7
218 241 5 4 3
469 308 6 5 4
444 354 15 12 10
56 19 14 12 10
201 212 7 5 4
40 261 11 9 8
369 355 7 5 4
364 178 3 2 1
126 392 12 10 8
318 473 7 6 5
181 392 9 7 6
425 262 12 9 7
294 153 3 2 1
185 8 5 4 3
404 54 3 2 1
392 212 6 4 3
463 189 11 9 7
253 467 3 2 1
421 243 5 4 3
47 62 9 7 5
270 332 9 7 5
471 26 6 5 4
76 342 6 4 3
276 174 9 7 6
347 354 5 4 3
352 282 15 12 10
50 95 13 11 9
225 475 5 4 3
396 157 14 11 8
302 371 17 13 10
142 106 12 10 8
481 100 4 3 2
490 52 14 11 9
355 110 17 13 10
142 264 9 7 6
159 438 5 4 3
20 442 7 6 5
300 19 10 8 6
361 280 3 2 1
178 226 3 2 1
180 350 4 3 2
196 447 16 12 10
356 486 4 3 2
366 401 12 10 8
107 188 7 6 5
238 142 8 6 5
204 269 12 9 7
481 238 14 11 8
166 244 14 12 10
276 235 16 13 10
307 350 3 2 1
371 252 16 12 10
492 145 10 8 7
449 469 9 7 5
259 327 8 6 5
153 58 15 12 10
46 17 12 9 7
420 104 4 3 2
118 375 4 3 2
357 76 11 8 6
55 258 4 3 2
93 0 12 9 7
454 131 3 2 1
7 265 14 11 8
323 43 3 2 1
469 337 12 9 7
441 126 9 8 7
361 316 7 5 4
83 254 5 4 3
14 465 13 11 8
337 325 11 9 7
481 461 4 3 2
114 148 6 5 4
349 359 9 7 6
65 416 3 2 1
61 123 16 12 10
284 294 6 4 3
304 462 10 8 6
196 212 13 11 8
307 94 11 9 7
431 129 11 8 7
96 76 11 9 7
490 7 9 7 5
72 425 13 11 9
474 491 10 9 7
380 103 14 11 8
16 346 14 12 10
339 214 6 4 3
74 170 14 12 9
193 290 12 9 7
221 230 10 9 7
221 93 16 12 9
452 437 15 13 10
38 101 13 11 9
227 263 5 4 3
10 292 7 6 5
69 116 8 6 5
128 109 5 4 3
7 134 12 9 7
25 475 4 3 2
488 257 9 7 6
314 238 8 6 5
460 91 4 3 2
345 449 13 10 7
135 293 4 3 2
431 448 10 8 6
413 173 9 7 6
320 253 10 8 6
183 80 8 7 5
66 357 12 10 8
406 212 8 6 4
338 271 15 13 10
108 373 12 9 7
377 324 11 9 7
482 487 6 5 4
388 303 9 7 5
282 406 17 13 10
291 495 6 5 4
406 94 4 3 2
315 395 6 5 4
44 258 14 11 9
16 91 9 8 6
292 293 5 4 3
162 26 5 4 3
451 29 7 5 4
276 457 14 12 10
462 36 15 12 10
119 162 12 9 8
39 199 14 11 9
98 342 13 10 8
392 423 8 6 4
369 230 9 7 5
112 278 13 11 8
312 189 7 6 5
395 280 13 11 8
306 177 12 10 8
125 105 4 3 2
290 24 3 2 1
23 236 12 10 8
166 11 3 2 1
127 390 15 12 9
373 56 7 5 4
425 16 16 13 10
6 298 4 3 2
86 110 11 9 8
90 46 6 5 4
150 281 7 6 5
287 419 11 8 7
339 121 3 2 1
424 246 17 13 10
176 310 8 6 5
462 467 9 7 6
139 107 11 9 7
400 82 6 4 3
130 224 3 2 1
182 143 7 5 4
253 213 8 6 4
216 84 15 13 10
351 301 15 11 8
218 80 11 9 8
396 167 12 10 8
438 26 5 4 3
383 428 6 5 4
9 284 10 8 6
176 36 16 13 10
143 357 5 4 3
478 429 10 7 5
49 307 6 4 3
126 227 17 13 10
117 388 4 3 2
371 191 3 2 1
200 182 14 12 9
323 105 3 2 1
320 121 5 4 3
99 211 8 6 5
244 448 3 2 1
250 123 5 4 3
479 487 8 7 5
351 366 3 2 1
214 373 14 12 10
417 189 7 5 4
4 203 6 5 4
254 418 3 2 1
88 432 12 9 7
128 293 13 10 8
251 220 15 12 10
290 445 5 4 3
492 130 3 2 1
126 228 6 5 4
18 161 3 2 1
43 347 12 10 8
48 404 17 13 10
249 303 4 3 2
124 371 15 12 9
127 71 5 4 3
180 327 5 4 3
357 389 8 6 5
375 365 3 2 1
145 312 4 3 2
499 436 11 8 7
193 208 13 10 9
489 492 7 5 4
82 399 12 9 7
199 339 17 13 10
382 240 3 2 1
488 4 4 3 2
190 461 6 5 4
129 400 6 5 4
383 212 8 6 5
12 165 15 12 10
168 249 7 5 4
418 113 15 12 10
29 243 5 4 3
25 337 3 2 1
175 87 14 11 9
110 259 14 11 8
63 89 13 11 9
208 176 13 11 9
189 68 13 10 8
328 153 7 5 4
297 64 12 10 9
252 327 14 12 10
178 189 6 5 4
66 122 14 12 9
193 391 16 12 10
411 22 3 2 1
70 356 11 9 8
409 178 8 7 6
108 9 15 12 10
24 385 8 6 5
94 245 9 7 6
405 290 4 3 2
498 93 6 4 3
463 17 4 3 2
158 433 9 7 5
165 494 9 7 5
162 360 7 5 4
491 400 15 13 10
308 358 3 2 1
196 223 8 6 5
270 29 16 12 9
328 283 12 9 7
283 178 5 4 3
29 356 9 7 6
392 33 16 13 10
3 267 9 7 6
476 403 12 10 8
118 245 6 5 4
373 330 14 11 8
137 297 9 7 5
264 119 12 9 7
334 92 4 3 2
323 457 15 12 9
227 282 4 3 2
457 37 3 2 1
429 299 11 9 7
87 277 3 2 1
122 97 12 9 7
453 108 4 3 2
454 427 7 5 4
334 61 4 3 2
438 43 13 10 8
332 45 14 11 9
354 100 5 4 3
149 326 5 4 3
437 176 4 3 2
105 490 10 8 7
130 497 3 2 1
319 339 14 11 9
62 303 7 5 4
106 112 11 9 7
385 389 6 5 4
493 137 4 3 2
386 166 12 10 8
370 325 16 12 9
149 409 16 13 10
430 260 7 6 4
337 9 13 11 9
132 475 9 7 6
457 60 15 12 9
346 76 11 8 6
9 3 4 3 2
273 192 14 12 9
95 402 8 7 5
177 381 8 7 6
231 208 4 3 2
418 282 14 12 10
216 412 4 3 2
423 55 5 4 3
277 373 5 4 3
17 122 17 13 10
23 447 9 8 6
349 323 5 4 3
253 40 9 7 6
291 98 12 9 7
27 25 14 11 9
415 431 13 11 8
280 420 3 2 1
222 412 8 6 5
413 210 15 13 10
463 82 12 9 7
288 289 7 6 4
363 242 4 3 2
415 70 7 6 4
484 333 3 2 1
95 317 9 7 5
156 469 15 12 9
357 289 7 6 5
23 66 11 9 8
184 64 16 12 9
192 289 11 8 6
297 44 3 2 1
430 244 3 2 1
347 262 4 3 2
144 236 15 13 10
103 1 8 6 4
254 293 11 9 7
421 484 14 12 10
297 303 10 8 6
57 430 4 3 2
29 255 7 5 4
381 220 10 8 7
270 292 4 3 2
339 124 16 12 10
172 247 7 6 4
399 456 3 2 1
301 153 11 9 7
284 64 16 12 10
100 475 7 5 4
471 300 13 10 7
211 235 10 8 6
373 488 5 4 3
366 36 6 5 4
123 73 11 9 7
346 91 3 2 1
328 138 13 11 8
308 284 14 11 9
463 34 12 9 7
146 141 3 2 1
234 50 15 12 10
182 211 9 7 6
388 471 10 8 6
160 202 9 8 6
213 173 10 8 6
417 347 8 6 4
408 37 15 12 9
488 24 7 5 4
159 215 3 2 1
146 361 16 12 9
433 80 16 12 10
164 298 3 2 1
417 57 16 13 10
269 89 9 7 5
356 38 4 3 2
430 19 10 8 7
390 28 13 11 9
387 422 7 5 4
471 134 9 7 5
363 343 4 3 2
21 303 8 6 5
93 226 16 13 10
216 63 11 8 6
246 302 10 8 6
275 103 12 9 7
120 66 6 5 4
28 5 15 12 10
399 129 16 13 10
343 32 8 6 4
432 333 7 5 4
387 228 9 8 6
122 136 6 5 4
275 171 11 9 7
275 443 5 4 3
47 0 10 8 6
114 49 15 12 9
276 380 8 6 5
462 437 11 8 7
170 30 11 8 6
394 386 5 4 3
134 450 3 2 1
279 99 9 7 5
392 87 15 13 10
246 50 10 8 6
292 35 15 12 9
230 184 9 8 6
432 262 16 12 9
10 339 4 3 2
241 230 4 3 2
176 464 4 3 2
11 200 7 5 4
473 115 13 10 8
316 382 13 11 9
1 198 11 8 6
414 288 15 12 9
274 228 15 13 10
475 483 17 13 10
292 452 13 10 8
349 237 15 13 10
411 5 6 5 4
16 394 13 11 9
252 480 9 7 6
146 278 4 3 2
495 486 9 7 6
207 114 3 2 1
457 405 7 5 4
334 176 7 5 4
388 353 4 3 2
440 301 8 6 4
144 377 5 4 3
496 195 10 8 6
17 452 3 2 1
53 60 3 2 1
449 392 4 3 2
201 310 4 3 2
356 205 6 5 4
394 347 10 8 6
269 73 13 11 8
370 300 3 2 1
241 457 12 9 7
306 269 7 6 5
407 324 3 2 1
39 113 6 4 3
73 469 16 13 10
426 43 10 8 6
165 393 6 5 4
222 218 12 10 8
356 224 5 4 3
362 98 12 10 7
186 233 13 10 8
253 175 5 4 3
255 199 5 4 3
300 117 9 7 6
154 13 15 11 9
461 33 13 10 9
383 255 3 2 1
151 387 14 11 8
140 69 17 13 10
255 118 6 5 4
100 492 7 6 5
143 449 3 2 1
195 192 3 2 1
104 136 6 4 3
432 380 4 3 2
282 392 4 3 2
358 343 9 7 6
313 434 15 12 9
310 152 13 11 9
26 373 14 12 9
294 32 11 9 7
194 80 4 3 2
250 460 13 10 9
368 177 9 7 5
431 66 15 13 10
400 92 10 8 7
217 120 16 12 10
72 368 9 7 5
104 30 6 4 3
80 150 7 5 4
426 177 13 11 9
433 116 5 4 3
286 56 6 5 4
271 355 6 5 4
252 337 3 2 1
245 35 14 11 8
324 1 6 5 4
315 310 10 8 7
172 352 13 10 8
190 234 8 7 6
325 58 4 3 2
397 134 4 3 2
142 78 13 10 8
211 164 3 2 1
205 443 9 8 6
251 200 13 11 9
246 497 10 8 6
213 391 6 4 3
303 178 6 4 3
71 178 16 12 10
16 35 9 7 5
362 329 4 3 2
426 38 13 11 9
65 60 3 2 1
103 343 16 12 10
411 223 8 6 4
2 74 14 12 9
210 245 3 2 1
17 221 10 8 6
279 399 8 7 6
120 136 15 12 9
484 90 4 3 2
217 104 3 2 1
245 199 13 10 8
363 83 3 2 1
446 179 4 3 2
106 133 3 2 1
368 121 9 7 5
284 472 13 10 8
278 165 11 8 6
104 476 16 13 10
94 135 7 5 4
137 17 7 6 5
216 258 10 8 6
192 391 6 5 4
144 115 6 4 3
53 217 12 9 7
311 2 11 9 8
132 203 14 11 9
361 302 11 8 6
59 472 10 8 6
40 187 8 6 4
475 288 3 2 1
328 199 5 4 3
475 156 3 2 1
119 88 7 6 4
352 391 6 5 4
467 179 11 9 7
474 349 11 8 6
340 498 15 12 9
348 61 14 11 8
437 318 4 3 2
399 3 10 9 7
233 315 12 10 8
493 122 11 8 6
259 190 7 5 4
438 2 9 7 5
154 340 4 3 2
152 183 13 10 8
15 325 15 13 10
207 413 4 3 2
351 283 4 3 2
469 71 12 9 7
244 106 15 12 9
145 188 9 7 6
370 81 11 9 7
224 114 11 8 6
36 352 12 9 7
347 143 16 13 10
438 64 8 6 5
374 226 5 4 3
160 397 4 3 2
314 162 9 7 5
424 265 4 3 2
65 474 11 8 6
55 365 13 10 7
331 23 8 6 4
422 222 6 5 4
238 457 6 5 4
498 174 9 7 6
149 477 13 10 8
386 89 4 3 2
31 447 3 2 1
152 74 17 13 10
359 215 15 12 10
445 337 12 10 8
317 452 12 9 7
467 238 11 8 6
83 451 9 8 6
235 472 9 7 5
204 298 14 11 9
357 131 12 10 9
241 31 8 6 4
290 389 13 10 8
348 161 14 11 9
83 345 13 10 8
235 266 14 11 8
363 285 3 2 1
481 455 8 6 4
428 273 5 4 3
176 104 3 2 1
145 91 10 8 6
206 219 8 6 5
285 414 14 12 10
75 346 15 12 10
456 61 17 13 10
185 119 4 3 2
466 15 12 9 8
317 31 8 6 5
149 396 9 7 5
174 426 13 10 8
167 34 9 7 6
352 390 5 4 3
106 292 4 3 2
73 447 13 10 8
335 125 5 4 3
279 186 7 5 4
457 374 13 10 7
486 482 15 12 9
176 143 8 7 5
264 352 11 8 7
388 30 11 8 6
54 82 14 12 10
378 446 16 12 9
330 44 4 3 2
393 411 3 2 1
164 406 6 5 4
437 20 7 5 4
52 492 16 13 10
5 458 11 9 7
158 468 15 11 8
26 359 14 11 9
354 10 8 6 5
226 307 8 6 4
402 225 12 9 7
166 229 6 5 4
3 51 11 8 7
82 319 10 8 6
114 31 7 5 4
423 357 3 2 1
461 54 9 7 5
460 256 15 13 10
152 85 13 11 9
249 484 16 13 10
12 496 10 8 6
471 419 15 13 10
421 312 5 4 3
262 291 4 3 2
13 358 3 2 1
371 494 13 10 8
100 58 10 8 6
193 466 5 4 3
377 26 9 7 5
42 173 13 11 8
379 153 3 2 1
468 279 16 13 10
459 379 6 4 3
58 346 4 3 2
136 60 9 8 6
6 106 9 7 6
74 57 3 2 1
469 439 5 4 3
211 353 6 4 3
264 421 10 8 7
357 153 7 6 5
469 147 13 10 8
140 89 13 10 8
410 402 7 6 5
404 431 5 4 3
202 318 5 4 3
281 341 8 7 5
183 328 10 8 6
107 276 3 2 1
479 356 11 8 6
419 109 9 7 6
374 209 12 10 8
36 54 3 2 1
254 10 5 4 3
484 222 15 13 10
428 238 3 2 1
199 272 11 9 7
153 313 4 3 2
64 232 10 8 6
328 443 12 10 8
139 99 17 13 10
394 311 7 5 4
60 269 11 9 7
167 160 4 3 2
52 289 4 3 2
452 442 5 4 3
475 112 6 4 3
175 342 9 8 6
200 261 8 6 4
106 367 12 9 7
475 470 12 10 8
12 322 4 3 2
228 283 13 11 9
486 78 12 9 8
11 368 13 11 9
400 148 3 2 1
446 169 10 8 7
484 19 13 10 8
431 104 11 9 7
326 352 8 6 4
376 438 14 11 9
219 448 17 13 10
265 8 12 9 7
377 23 14 11 8
486 264 3 2 1
311 352 6 5 4
187 98 5 4 3
2 379 13 10 8
277 245 4 3 2
407 393 14 11 9
472 129 3 2 1
198 343 5 4 3
90 5 7 6 5
235 355 4 3 2
286 317 10 8 6
400 145 3 2 1
434 292 14 11 8
251 0 4 3 2
119 351 9 7 5
494 135 13 10 8
59 89 14 11 9
117 287 5 4 3
340 206 8 6 4
238 425 11 9 7
352 255 3 2 1
63 261 9 7 6
170 8 15 12 10
142 399 3 2 1
250 166 10 8 6
173 216 7 6 5
419 8 7 5 4
349 302 10 8 6
179 167 7 6 5
336 115 3 2 1
132 344 9 7 6
124 318 9 7 5
178 119 8 6 5
418 411 4 3 2
484 261 16 13 10
284 118 14 11 9
221 58 12 10 8
408 233 14 11 9
475 60 4 3 2
20 277 12 9 7
382 137 5 4 3
251 317 5 4 3
146 79 7 6 5
414 116 8 7 6
278 237 9 8 6
72 314 3 2 1
58 146 6 4 3
368 296 15 13 10
75 78 9 7 6
252 177 13 11 9
351 282 7 6 5
39 131 14 12 10
87 89 6 4 3
299 297 4 3 2
98 243 9 7 6
71 88 7 5 4
203 455 15 12 10
362 333 11 9 7
315 289 16 12 10
459 43 3 2 1
240 372 4 3 2
125 454 7 6 5
18 362 8 6 5
43 360 15 12 9
364 194 15 11 8
101 247 12 10 8
15 478 12 10 8
44 226 3 2 1
472 421 8 6 5
426 54 5 4 3
430 238 11 9 7
384 492 13 11 9
58 489 3 2 1
333 202 13 10 8
87 36 10 8 6
174 462 14 11 9
77 174 14 12 9
202 70 10 8 6
375 435 4 3 2
335 26 11 8 6
6
7
10
3
3
7
3
5
6
8
3
6
10
2
7
4
3
6
1
10
9
3
9
7
5
3
5
2
3
9
10
4
2
5
8
3
7
4
2
5
9
1
3
5
10
4
2
8
6
6
6
6
4
7
7
8
3
9
6
6
9
5
8
5
3
5
6
8
7
7
7
7
3
3
3
7
9
9
7
6
2
9
5
7
5
7
5
1
7
9
2
5
6
1
6
6
7
3
7
2
4
5
8
9
10
4
4
2
6
7
5
8
8
2
6
4
3
6
7
9
4
6
10
6
7
10
10
5
7
1
6
8
2
10
1
5
6
1
6
2
10
7
1
10
6
7
7
2
7
8
4
2
10
8
9
10
10
7
4
10
6
4
6
5
7
9
3
6
2
3
1
9
7
10
3
3
1
3
3
2
5
8
3
9
2
5
5
4
10
8
2
6
4
5
7
6
5
5
4
7
1
2
1
10
4
2
6
5
4
9
4
7
2
2
3
7
8
2
4
10
9
8
10
9
3
1
3
9
2
4
7
8
2
10
8
7
6
10
7
5
5
9
8
8
2
4
6
10
9
9
10
10
6
8
8
1
3
6
1
6
3
1
1
9
9
4
6
9
5
1
7
9
10
1
5
5
1
5
2
4
1
9
10
8
9
7
4
7
7
2
5
4
8
6
4
8
3
1
9
1
6
7
6
3
8
4
8
10
5
1
4
3
1
7
9
3
2
7
4
5
3
8
8
10
1
2
6
1
9
6
7
5
10
7
6
5
6
4
1
9
10
9
3
10
2
9
4
2
9
8
4
6
8
3
3
3
4
7
2
5
6
7
10
4
8
7
8
6
4
7
4
9
1
6
10
5
5
3
7
9
7
5
8
1
1
8
8
6
7
10
3
10
2
10
5
9
9
2
9
4
8
9
3
7
9
6
4
4
1
3
9
7
10
4
10
1
8
1
9
5
9
8
8
3
7
2
10
7
7
10
1
8
2
4
3
7
2
10
5
8
6
4
8
5
10
6
8
5
7
6
1
4
1
10
9
3
9
6
2
3
7
2
5
10
9
4
8
1
5
8
10
8
2
4
6
2
4
1
2
4
7
5
2
8
5
5
3
5
3
8
4
2
8
2
9
4
9
2
2
10
