500 2500
7 352 15 13 10
352 267 11 9 7
7 203 7 6 5
203 49 6 5 4
207 7 5 4 3
478 7 5 4 3
354 478 4 3 2
347 354 5 4 3
352 282 15 12 10
49 178 9 7 5
188 203 9 7 5
42 7 11 8 6
134 7 5 4 3
347 25 15 12 10
282 183 4 3 2
282 406 17 13 10
160 406 4 3 2
478 429 10 7 5
49 307 5 4 3
203 165 10 8 6
347 376 3 2 1
436 307 7 5 4
399 307 7 6 4
165 488 6 5 4
249 188 13 11 9
121 25 11 9 7
482 178 6 5 4
178 253 5 4 3
245 282 13 11 9
238 165 17 13 10
178 142 6 5 4
267 266 16 13 10
118 245 6 5 4
297 203 8 7 6
227 282 4 3 2
37 429 10 8 6
352 332 3 2 1
497 37 11 8 7
112 307 13 10 8
266 9 3 2 1
282 475 7 6 5
132 253 3 2 1
27 25 14 12 9
376 280 14 12 9
333 37 4 3 2
289 249 3 2 1
289 261 10 8 6
40 347 10 8 6
293 333 14 11 9
297 303 10 8 6
399 456 3 2 1
100 475 7 5 4
373 488 5 4 3
160 202 10 8 6
347 158 14 11 9
37 422 16 12 10
471 134 8 6 5
303 246 4 3 2
276 246 13 10 7
399 129 15 13 10
333 193 12 10 8
178 275 7 5 4
327 275 13 10 9
114 49 14 11 9
276 380 7 6 5
131 134 14 12 10
489 246 4 3 2
262 422 3 2 1
475 483 16 13 10
298 207 5 4 3
394 347 10 8 6
42 39 5 4 3
469 471 13 11 9
165 393 7 5 4
253 175 5 4 3
142 300 6 4 3
255 118 6 5 4
100 492 8 6 5
49 195 7 5 4
432 380 4 3 2
282 392 4 3 2
373 416 10 8 6
30 134 4 3 2
116 121 9 7 6
245 35 12 10 8
172 352 12 10 8
266 325 4 3 2
134 60 5 4 3
443 262 10 8 6
16 35 8 6 5
65 60 3 2 1
489 411 8 6 5
210 245 3 2 1
399 254 5 4 3
245 199 13 10 8
165 296 5 4 3
298 192 12 10 8
2 373 5 4 3
261 59 14 12 10
290 40 7 5 4
288 25 11 9 7
199 119 16 12 10
119 88 6 5 4
352 391 6 5 4
325 474 11 9 7
254 340 16 13 10
422 348 4 3 2
399 3 12 9 7
2 222 6 5 4
340 55 7 5 4
15 325 17 13 10
207 413 4 3 2
50 469 4 3 2
300 244 5 4 3
114 299 3 2 1
352 305 12 9 7
160 397 4 3 2
246 424 11 8 6
77 65 14 12 10
185 422 9 7 5
457 185 16 13 10
238 260 4 3 2
298 428 12 10 8
131 430 8 7 5
31 178 8 7 6
389 394 12 9 7
399 235 11 8 6
352 363 11 8 6
428 273 6 4 3
210 285 15 12 9
474 75 11 9 7
454 456 4 3 2
461 185 5 4 3
15 390 11 9 7
31 208 5 4 3
394 335 5 4 3
186 193 16 13 10
486 482 15 12 9
352 306 13 10 8
30 287 4 3 2
82 492 13 10 8
91 393 13 10 9
172 52 16 12 10
158 468 14 11 8
419 354 3 2 1
307 168 10 8 6
163 3 4 3 2
185 423 13 10 8
54 203 15 12 10
256 468 7 5 4
85 443 7 6 5
484 478 3 2 1
496 297 16 13 10
100 58 9 8 6
193 466 5 4 3
33 468 11 8 6
58 346 4 3 2
136 60 10 8 6
469 439 5 4 3
219 469 5 4 3
89 354 14 12 9
113 202 12 9 7
183 328 10 8 6
107 276 3 2 1
109 289 14 11 8
209 392 3 2 1
54 44 10 8 6
238 48 7 5 4
363 139 4 3 2
462 394 12 9 7
154 60 10 8 6
346 167 7 6 4
53 52 10 7 6
60 452 16 12 9
112 137 6 5 4
342 273 9 7 5
261 162 5 4 3
475 470 12 9 8
486 78 14 11 8
339 484 3 2 1
326 352 6 5 4
376 438 13 10 9
219 448 14 12 10
23 394 16 13 10
264 7 10 8 7
329 2 12 10 8
245 93 16 12 9
393 400 17 13 10
129 12 7 6 4
226 235 11 9 8
85 286 11 9 7
145 7 15 12 9
117 287 5 4 3
340 206 8 6 4
238 425 10 8 7
287 173 9 7 5
32 132 11 9 7
318 244 7 5 4
418 411 4 3 2
470 284 6 4 3
448 221 4 3 2
85 20 8 7 6
134 146 4 3 2
109 368 10 8 6
464 75 4 3 2
177 418 12 10 8
282 212 3 2 1
87 89 5 4 3
60 98 9 7 5
276 71 4 3 2
152 203 16 13 10
483 362 12 9 7
372 65 5 4 3
454 224 3 2 1
124 339 15 12 9
264 43 14 11 8
359 15 17 13 10
226 34 15 12 10
426 54 5 4 3
326 384 14 12 10
36 264 7 5 4
462 405 4 3 2
202 70 9 8 6
96 335 3 2 1
255 314 5 4 3
78 66 4 3 2
152 415 3 2 1
249 490 3 2 1
136 498 5 4 3
83 82 5 4 3
30 69 10 8 6
411 179 16 13 10
215 30 9 8 6
487 15 5 4 3
277 432 9 7 5
32 170 8 6 4
199 268 16 13 10
387 405 12 10 8
222 17 5 4 3
213 347 10 8 6
334 326 10 8 6
44 159 7 5 4
43 161 13 10 8
414 452 3 2 1
318 155 6 5 4
482 95 10 8 7
149 249 11 9 7
153 159 9 7 5
301 342 6 5 4
316 60 11 8 6
319 376 11 8 6
11 87 3 2 1
152 240 16 12 10
389 171 9 7 6
398 219 17 13 10
127 483 13 11 9
491 406 4 3 2
225 124 8 6 5
453 424 12 9 7
411 494 13 11 9
400 123 14 11 9
247 298 4 3 2
404 275 10 8 6
123 371 5 4 3
127 4 4 3 2
303 407 12 9 8
137 445 4 3 2
233 192 8 7 6
206 337 12 10 8
381 443 3 2 1
281 328 13 10 8
162 194 13 10 8
86 384 12 9 7
437 400 13 10 7
380 369 11 9 7
276 409 12 9 7
139 191 12 10 8
452 81 10 8 6
245 269 9 7 6
128 17 12 9 7
430 271 10 9 7
394 357 9 7 5
239 419 8 6 5
410 158 9 7 5
66 67 7 5 4
10 392 8 6 4
53 217 14 12 10
179 190 12 10 8
286 79 14 11 9
300 111 9 7 6
406 351 4 3 2
428 156 3 2 1
405 366 4 3 2
122 296 5 4 3
55 176 7 5 4
108 298 13 11 8
190 330 16 12 10
177 231 7 6 4
163 272 15 11 9
456 125 16 13 10
432 481 6 5 4
284 440 3 2 1
94 7 15 12 9
345 337 5 4 3
338 319 16 13 10
218 91 4 3 2
7 72 5 4 3
299 431 9 8 6
89 8 4 3 2
359 214 10 8 6
122 360 14 11 8
80 172 10 8 7
258 190 10 8 6
317 34 4 3 2
209 1 10 8 6
244 375 4 3 2
59 120 12 9 8
392 196 3 2 1
428 458 6 4 3
322 210 13 10 8
358 162 3 2 1
2 24 17 13 10
441 17 4 3 2
148 161 16 13 10
499 193 3 2 1
130 59 7 6 5
277 126 5 4 3
336 213 14 12 10
408 269 13 11 9
463 405 7 6 5
282 370 11 8 6
25 377 11 9 7
338 29 12 10 8
170 144 13 10 8
321 246 6 4 3
408 47 11 9 8
99 209 16 13 10
359 201 16 13 10
150 377 13 11 9
219 476 15 12 10
442 336 3 2 1
417 368 3 2 1
96 90 15 11 9
219 313 16 12 10
22 136 14 11 9
70 495 13 10 7
382 426 6 4 3
489 205 7 6 5
1 105 4 3 2
412 416 8 6 4
416 435 8 7 5
428 229 4 3 2
402 2 8 6 5
392 204 4 3 2
230 397 9 7 6
375 465 6 4 3
350 185 4 3 2
18 334 17 13 10
189 387 13 11 9
252 249 10 8 7
291 245 3 2 1
420 245 13 10 8
429 141 4 3 2
431 143 3 2 1
106 306 12 10 8
206 403 3 2 1
42 460 16 12 9
393 379 17 13 10
449 127 11 9 7
228 18 14 11 9
361 227 12 9 8
248 400 10 8 6
200 390 8 6 5
442 147 10 8 6
80 451 3 2 1
467 495 16 12 9
127 324 6 4 3
459 30 8 6 5
61 431 10 8 7
396 137 6 5 4
215 310 14 11 9
26 469 9 7 6
295 325 10 8 6
63 465 6 4 3
174 222 12 10 8
295 251 13 11 9
231 64 10 8 7
16 364 15 13 10
143 450 14 11 9
151 129 14 11 8
270 55 14 11 9
93 237 3 2 1
374 54 7 6 5
479 322 5 4 3
97 26 8 6 5
263 420 6 4 3
429 349 3 2 1
23 104 10 8 6
486 385 10 8 6
404 21 16 12 10
485 337 8 6 5
309 172 17 13 10
493 11 15 12 10
101 452 12 10 8
256 344 7 5 4
460 13 13 10 8
5 266 3 2 1
73 295 5 4 3
199 110 11 8 7
472 491 3 2 1
168 181 9 7 5
234 451 13 11 8
74 34 16 13 10
109 343 7 5 4
265 348 4 3 2
278 400 3 2 1
180 284 4 3 2
365 33 12 9 7
164 29 13 10 8
443 102 5 4 3
136 220 15 12 10
25 250 12 10 8
401 369 4 3 2
427 10 5 4 3
236 134 6 4 3
208 243 4 3 2
166 31 3 2 1
356 431 4 3 2
350 115 4 3 2
473 351 9 8 6
89 62 9 7 6
499 378 8 6 5
452 187 5 4 3
274 380 7 6 5
211 207 13 10 8
399 0 11 9 7
294 296 13 10 8
155 57 3 2 1
447 228 7 5 4
238 56 14 11 8
41 4 10 8 6
367 266 13 10 8
223 151 9 7 5
241 368 8 6 5
182 290 5 4 3
30 312 9 7 5
114 14 13 10 8
267 433 9 7 6
319 38 5 4 3
260 257 13 10 9
173 157 16 12 10
350 323 10 8 6
380 46 9 7 6
283 142 4 3 2
138 234 10 8 7
475 198 4 3 2
413 169 8 7 6
112 444 8 6 4
311 379 7 5 4
151 353 7 6 5
6 262 3 2 1
129 84 8 6 4
395 36 14 12 10
38 434 9 8 6
423 455 14 11 8
199 315 5 4 3
45 389 3 2 1
355 89 9 7 6
139 477 12 10 7
383 226 4 3 2
28 39 6 4 3
248 421 12 10 8
133 389 16 12 9
27 140 11 8 7
296 216 3 2 1
68 445 8 6 5
232 299 9 7 5
19 225 7 5 4
280 446 13 10 8
308 392 16 12 9
341 89 15 12 10
312 135 7 6 4
58 279 8 6 5
292 416 13 11 9
26 304 13 10 8
76 49 15 13 10
184 397 6 5 4
197 435 11 9 7
480 196 6 5 4
302 161 12 10 8
259 480 8 7 5
193 331 11 8 6
103 307 14 11 8
221 320 4 3 2
262 51 9 7 5
388 251 12 10 8
92 342 4 3 2
386 357 16 13 10
286 242 13 10 8
87 241 3 2 1
292 136 11 9 7
150 332 15 12 9
166 256 3 2 1
163 234 13 10 8
339 336 9 7 5
160 477 6 5 4
52 439 3 2 1
440 42 5 4 3
84 240 15 12 9
28 438 17 13 10
138 86 8 6 4
292 411 5 4 3
59 149 6 5 4
236 386 6 5 4
90 72 10 8 6
252 363 15 12 10
44 419 3 2 1
383 68 10 8 7
479 185 3 2 1
115 78 14 12 10
379 138 9 7 5
156 312 3 2 1
138 251 14 12 9
166 213 13 11 8
134 183 12 9 7
385 391 6 5 4
100 292 7 5 4
389 104 13 10 8
118 56 8 7 5
481 54 4 3 2
388 309 13 10 8
415 158 3 2 1
278 70 16 12 10
50 372 4 3 2
375 225 10 8 6
364 175 13 11 8
277 236 4 3 2
149 128 6 4 3
437 410 14 11 9
53 159 12 9 7
78 154 14 12 10
189 283 3 2 1
222 157 9 7 5
485 410 8 6 5
183 362 5 4 3
124 385 7 5 4
301 294 15 11 9
304 364 13 11 8
496 316 3 2 1
353 201 14 12 10
306 142 8 6 5
131 203 8 6 4
143 308 13 10 8
115 278 3 2 1
321 413 8 6 5
318 374 3 2 1
241 354 11 9 7
87 149 6 4 3
279 51 5 4 3
95 342 17 13 10
195 16 16 12 10
83 462 4 3 2
448 362 3 2 1
173 313 16 12 10
445 334 3 2 1
410 60 3 2 1
406 147 11 9 7
266 498 3 2 1
394 258 6 4 3
396 152 16 13 10
130 372 12 9 7
54 450 8 6 4
417 375 17 13 10
1 488 16 12 9
223 0 12 9 7
353 41 5 4 3
131 182 5 4 3
83 44 13 10 8
346 304 9 7 5
217 13 13 10 8
340 262 7 6 5
448 76 4 3 2
481 84 4 3 2
418 15 12 9 7
22 477 8 6 5
265 130 14 11 9
249 169 12 9 7
57 120 9 8 6
373 12 4 3 2
229 126 8 6 4
464 317 14 11 9
205 235 7 5 4
276 440 4 3 2
13 81 12 9 7
436 168 5 4 3
171 151 5 4 3
207 377 3 2 1
66 477 9 7 6
142 291 3 2 1
400 75 6 4 3
28 358 8 6 5
45 428 11 9 7
67 469 13 10 8
392 219 5 4 3
415 390 12 10 8
133 307 12 10 8
110 207 15 12 10
397 81 13 11 9
271 480 8 6 4
86 92 7 5 4
162 364 6 4 3
480 134 14 12 10
92 291 11 8 6
455 67 14 11 9
175 218 14 12 9
15 313 16 13 10
395 7 12 10 8
364 353 16 13 10
492 350 12 10 8
493 162 14 12 9
305 271 14 11 9
76 315 14 12 9
382 196 14 11 8
234 477 7 6 5
160 101 3 2 1
89 19 14 11 9
321 430 3 2 1
242 498 7 5 4
127 68 12 10 7
439 319 4 3 2
283 95 4 3 2
271 380 16 13 10
113 496 9 7 5
442 291 12 9 7
260 340 10 9 7
166 233 11 9 8
491 304 9 8 6
281 364 4 3 2
282 87 3 2 1
196 101 3 2 1
166 43 6 5 4
89 188 11 9 7
23 126 10 8 6
221 450 11 9 7
78 228 13 10 8
498 249 3 2 1
465 93 9 8 6
402 181 14 12 9
327 215 6 5 4
52 207 13 11 9
7 4 8 7 6
461 76 3 2 1
47 36 16 13 10
374 174 13 10 8
460 431 7 5 4
282 132 11 9 7
448 1 15 12 9
384 392 7 6 4
263 295 3 2 1
359 95 9 7 5
13 318 12 9 7
368 382 10 9 7
106 356 16 13 10
216 114 4 3 2
227 420 14 11 9
21 445 4 3 2
203 355 9 7 5
134 353 9 7 5
390 332 15 11 8
242 246 8 7 6
422 52 4 3 2
90 232 13 10 8
215 409 10 8 6
435 98 10 8 6
132 402 8 6 5
333 281 9 8 6
453 288 17 13 10
179 307 4 3 2
270 248 13 11 9
471 89 8 7 6
54 272 6 5 4
268 93 13 10 8
123 416 14 12 10
259 112 10 8 6
298 121 7 6 5
303 211 7 5 4
423 81 8 6 5
325 464 7 6 5
344 43 7 5 4
496 285 4 3 2
104 346 3 2 1
468 393 15 12 9
251 329 15 12 10
498 423 7 5 4
267 51 7 6 5
163 276 6 5 4
108 137 4 3 2
341 169 11 9 7
68 315 13 11 8
1 460 11 9 7
219 373 13 10 8
281 155 14 12 10
345 491 3 2 1
374 361 14 11 9
127 481 16 12 10
178 413 14 11 8
352 162 3 2 1
272 415 10 8 7
469 351 4 3 2
127 46 10 8 6
49 328 3 2 1
184 30 15 12 10
141 463 10 9 7
435 379 8 6 5
11 240 3 2 1
120 98 9 7 6
402 233 3 2 1
109 270 10 8 6
393 102 8 6 4
123 317 7 6 4
282 462 17 13 10
167 42 3 2 1
39 196 5 4 3
402 81 14 12 9
2 246 3 2 1
497 476 8 6 4
32 194 3 2 1
218 436 7 6 5
21 5 9 7 6
364 221 8 7 6
385 112 7 6 5
216 282 7 5 4
333 216 6 4 3
35 258 14 11 9
424 38 11 8 6
180 17 7 5 4
358 167 7 6 4
324 104 9 7 5
20 369 9 7 5
336 425 17 13 10
213 117 6 5 4
24 181 13 10 8
393 196 11 9 7
329 415 4 3 2
41 182 14 11 8
474 174 5 4 3
196 338 14 11 9
279 305 4 3 2
1 382 8 6 4
57 321 14 12 10
229 105 4 3 2
171 88 4 3 2
175 488 10 8 6
392 329 3 2 1
412 127 6 5 4
50 68 13 10 8
325 134 5 4 3
263 212 11 9 8
414 63 12 10 8
129 350 4 3 2
264 379 13 10 8
454 245 16 12 10
155 482 6 5 4
62 40 4 3 2
493 408 5 4 3
270 168 6 4 3
90 73 4 3 2
259 178 17 13 10
421 303 4 3 2
43 346 14 11 8
465 172 11 8 6
481 49 6 5 4
353 167 9 7 5
230 4 9 8 7
457 17 6 4 3
446 157 13 10 8
288 458 8 6 4
45 120 3 2 1
33 210 5 4 3
333 132 17 13 10
433 457 12 10 8
238 382 6 5 4
434 341 11 8 7
73 142 9 7 5
46 295 10 8 6
487 457 8 6 5
195 86 15 12 9
71 21 9 7 5
297 382 3 2 1
222 171 3 2 1
125 400 10 8 7
419 268 6 5 4
299 281 7 5 4
105 190 11 9 7
423 368 3 2 1
32 414 4 3 2
266 284 8 7 5
488 58 7 6 5
396 445 12 10 7
185 46 6 4 3
85 376 13 10 8
363 93 11 9 7
210 446 3 2 1
178 145 15 12 9
393 445 15 13 10
9 443 3 2 1
191 323 15 12 10
411 455 3 2 1
320 31 15 12 9
14 192 4 3 2
119 30 16 13 10
384 100 9 7 5
398 462 3 2 1
229 77 3 2 1
129 415 8 6 5
325 178 13 10 8
41 230 9 7 5
154 465 12 10 8
176 25 15 12 10
142 480 5 4 3
148 12 6 5 4
230 383 14 11 9
355 82 15 12 10
178 443 12 9 7
15 116 13 10 8
399 239 11 9 7
287 383 17 13 10
495 336 4 3 2
199 168 6 4 3
392 410 12 10 9
155 423 6 5 4
474 255 8 6 4
460 28 12 9 8
335 410 16 13 10
382 189 3 2 1
303 215 15 12 10
435 154 13 11 9
360 494 11 9 8
407 48 8 6 5
188 272 17 13 10
442 458 17 13 10
146 495 3 2 1
149 287 10 8 6
480 184 4 3 2
378 426 7 5 4
104 325 4 3 2
105 226 9 7 5
17 36 9 7 5
333 349 14 11 9
3 453 16 12 9
330 91 8 6 5
248 42 6 5 4
401 402 6 5 4
84 375 10 8 6
367 277 14 12 10
21 328 4 3 2
137 429 8 6 4
186 237 12 10 8
351 372 5 4 3
153 93 7 5 4
237 232 15 12 10
188 392 3 2 1
147 372 10 8 6
112 23 6 5 4
457 349 14 11 8
180 68 5 4 3
308 260 14 12 10
80 0 8 6 5
446 58 13 11 8
447 42 11 9 7
159 47 10 8 7
247 10 9 7 5
412 264 6 4 3
23 84 14 11 9
224 19 10 8 7
334 449 5 4 3
313 466 8 7 6
293 157 9 7 6
437 132 5 4 3
439 450 12 10 9
393 221 8 7 6
65 182 8 6 5
393 181 4 3 2
10 116 13 10 8
24 434 6 5 4
120 51 13 10 9
413 71 6 4 3
213 472 16 13 10
247 195 6 4 3
489 136 3 2 1
133 76 16 12 10
284 256 15 12 10
409 16 3 2 1
257 373 7 6 4
399 162 7 5 4
499 258 15 12 9
137 466 9 7 5
408 391 4 3 2
311 484 4 3 2
43 144 12 10 8
39 211 10 8 7
130 63 10 8 6
441 88 11 9 7
140 376 8 6 5
165 131 11 9 7
192 283 9 7 6
100 160 8 6 4
343 21 5 4 3
37 18 15 11 8
302 174 6 4 3
173 341 3 2 1
115 246 14 11 9
162 42 12 10 8
276 426 10 8 7
130 329 4 3 2
56 247 15 13 10
79 40 12 10 8
425 467 13 10 8
473 77 15 11 9
451 116 11 8 7
460 153 14 12 10
144 446 15 12 9
409 400 14 11 8
276 430 8 7 6
263 126 15 12 9
166 67 10 8 7
30 292 6 5 4
313 101 7 5 4
439 409 4 3 2
415 363 4 3 2
197 93 8 6 4
59 426 11 9 7
255 88 8 6 5
99 213 12 9 7
217 316 16 12 10
246 448 11 9 7
175 120 4 3 2
38 9 4 3 2
379 474 8 6 5
390 361 11 9 7
473 238 11 9 7
271 133 17 13 10
94 32 16 13 10
238 489 15 13 10
91 19 15 13 10
436 83 6 5 4
296 463 3 2 1
423 15 10 8 6
395 171 9 8 6
150 476 8 6 4
311 8 6 5 4
321 475 6 5 4
211 177 6 4 3
157 187 10 8 6
4 281 7 5 4
450 322 9 7 5
67 79 3 2 1
31 313 15 11 8
174 254 6 4 3
274 420 7 5 4
294 283 13 11 9
60 498 10 8 6
444 31 6 5 4
369 73 9 7 5
359 139 4 3 2
110 287 13 10 8
253 204 4 3 2
179 433 3 2 1
436 442 15 12 9
383 111 4 3 2
154 109 15 12 10
433 378 15 12 10
83 57 15 12 10
395 167 10 8 6
41 200 13 10 8
28 69 6 5 4
72 61 7 6 5
145 44 8 6 5
296 0 8 6 5
2 491 14 11 9
231 186 3 2 1
411 266 15 12 10
351 247 12 10 9
406 222 9 7 5
196 186 11 8 6
293 358 3 2 1
34 154 11 9 7
169 133 3 2 1
264 321 4 3 2
239 486 6 5 4
462 112 4 3 2
340 248 7 5 4
117 212 15 12 10
213 456 12 9 7
80 99 5 4 3
185 125 13 10 9
138 248 9 7 5
321 79 5 4 3
291 471 3 2 1
359 124 3 2 1
92 260 13 11 9
310 216 9 7 5
93 231 10 8 6
390 349 13 10 8
76 407 4 3 2
192 137 15 12 9
313 228 3 2 1
499 238 9 7 5
251 240 13 10 8
220 322 9 8 6
33 302 14 12 9
30 284 11 8 6
464 141 6 5 4
314 276 11 9 7
377 372 9 7 6
67 164 8 7 6
427 95 9 7 5
391 409 10 8 7
84 30 7 5 4
245 261 6 5 4
182 414 11 8 6
16 38 3 2 1
90 312 4 3 2
301 160 14 11 9
190 81 17 13 10
282 432 13 11 9
259 465 7 5 4
317 392 12 9 7
211 117 11 9 7
229 110 6 4 3
22 481 14 12 10
249 45 9 7 5
185 34 6 5 4
221 75 14 11 9
467 280 12 10 8
307 163 8 6 5
378 108 17 13 10
123 119 12 10 8
140 184 6 4 3
144 90 6 5 4
218 59 6 5 4
85 434 7 5 4
465 476 3 2 1
105 140 15 12 10
270 0 10 8 6
57 498 5 4 3
50 172 13 11 9
388 116 13 10 8
436 303 9 7 6
403 219 4 3 2
344 161 14 12 9
120 338 13 11 9
8 373 14 11 9
347 181 9 7 5
439 225 5 4 3
145 419 4 3 2
189 218 9 8 6
40 32 3 2 1
194 341 16 13 10
413 347 4 3 2
358 215 7 6 5
107 395 5 4 3
83 250 11 9 7
375 49 16 12 9
23 108 13 11 9
106 132 11 9 7
468 317 13 10 8
415 354 15 11 9
68 61 3 2 1
216 218 11 8 7
374 31 16 13 10
50 90 16 12 10
338 136 3 2 1
423 339 3 2 1
406 253 5 4 3
303 324 8 7 6
108 156 7 5 4
266 248 5 4 3
471 279 16 12 10
158 96 9 7 5
54 165 4 3 2
363 172 12 10 7
460 353 4 3 2
180 359 7 6 5
189 166 10 8 6
401 103 8 6 5
188 160 16 13 10
462 271 16 13 10
451 279 11 9 7
51 146 13 10 7
283 24 10 8 6
183 242 8 6 4
192 46 9 7 5
141 124 9 8 6
124 348 10 8 7
112 364 4 3 2
370 210 13 11 9
461 441 13 10 8
162 275 9 7 6
265 454 5 4 3
325 328 12 9 7
468 195 12 9 7
419 483 15 13 10
352 156 4 3 2
371 402 5 4 3
384 499 3 2 1
343 483 14 12 10
6 160 10 8 6
273 118 9 7 5
421 423 10 8 6
453 284 4 3 2
330 352 14 11 8
233 154 6 4 3
172 490 14 11 8
436 496 3 2 1
457 469 12 10 8
347 328 4 3 2
70 419 6 5 4
361 359 11 9 7
268 380 4 3 2
71 126 3 2 1
367 10 15 12 10
342 263 4 3 2
58 27 11 8 6
387 381 9 7 5
2 227 16 12 10
89 33 5 4 3
466 295 3 2 1
221 11 6 4 3
469 238 12 10 8
381 110 5 4 3
95 106 11 9 7
495 115 17 13 10
227 32 7 5 4
345 144 10 8 6
358 478 9 7 6
332 223 8 6 5
221 279 7 6 4
314 134 4 3 2
322 175 3 2 1
121 64 4 3 2
278 166 12 9 7
93 367 3 2 1
308 18 12 10 8
286 162 14 11 9
259 22 4 3 2
128 71 10 8 6
300 121 4 3 2
23 210 7 6 4
349 11 4 3 2
118 385 6 5 4
107 357 11 9 7
429 445 4 3 2
141 193 7 5 4
365 386 13 11 8
207 9 12 9 7
255 445 3 2 1
162 129 4 3 2
68 334 9 8 6
333 57 8 7 5
416 101 5 4 3
358 302 11 9 7
243 110 15 12 10
445 93 5 4 3
470 46 10 8 6
458 170 4 3 2
427 315 16 13 10
115 367 3 2 1
471 107 4 3 2
202 192 8 7 5
300 485 16 13 10
200 120 9 7 6
50 251 4 3 2
487 445 8 7 5
369 24 4 3 2
153 165 15 12 10
314 416 11 9 7
69 490 6 4 3
409 369 7 5 4
283 427 4 3 2
375 176 3 2 1
190 413 10 8 6
86 34 5 4 3
401 311 12 10 8
109 137 4 3 2
202 443 12 10 9
132 499 13 11 9
72 289 4 3 2
359 256 6 5 4
365 278 4 3 2
343 128 13 10 8
189 456 10 8 6
392 385 9 7 5
179 310 4 3 2
88 252 15 12 9
143 38 9 7 6
321 151 3 2 1
73 392 7 5 4
252 224 8 7 6
282 438 10 7 6
129 8 4 3 2
25 297 13 10 8
290 297 16 12 10
301 88 12 10 9
203 133 9 7 5
246 231 3 2 1
56 392 15 12 9
378 27 9 7 6
333 340 3 2 1
223 333 4 3 2
224 208 10 8 6
124 163 7 6 5
195 352 8 7 6
49 315 3 2 1
83 245 5 4 3
346 15 8 6 5
426 453 5 4 3
141 430 4 3 2
336 479 8 6 5
377 271 3 2 1
430 84 3 2 1
398 176 11 8 6
434 70 4 3 2
186 366 13 11 8
485 468 13 11 9
367 309 6 5 4
62 181 12 10 7
177 256 6 5 4
38 60 10 8 7
219 173 12 9 8
481 467 13 10 8
81 31 3 2 1
376 394 11 9 7
338 32 4 3 2
27 20 15 13 10
152 144 12 10 8
111 305 12 9 7
37 318 3 2 1
280 475 12 10 8
230 370 11 9 8
338 217 3 2 1
257 444 13 10 8
152 444 8 7 6
12 385 7 5 4
382 64 7 5 4
283 134 16 13 10
119 192 6 4 3
179 114 12 9 7
110 482 5 4 3
278 443 17 13 10
26 113 3 2 1
402 117 11 9 7
281 304 15 12 10
325 487 11 9 7
110 233 4 3 2
280 301 4 3 2
342 459 4 3 2
199 235 8 6 5
107 62 12 10 8
231 106 6 5 4
439 86 17 13 10
163 374 13 11 8
443 16 5 4 3
74 216 11 9 7
198 181 16 13 10
5 107 14 11 9
102 169 4 3 2
256 128 8 6 5
177 129 3 2 1
479 186 5 4 3
246 339 4 3 2
455 479 12 9 7
336 83 5 4 3
2 12 15 12 10
185 184 6 5 4
102 243 3 2 1
46 315 16 12 9
271 90 16 13 10
340 476 15 12 9
229 163 16 13 10
250 290 4 3 2
473 231 5 4 3
114 471 5 4 3
173 138 6 5 4
101 38 5 4 3
197 392 7 6 5
110 113 9 7 5
378 64 14 11 8
328 188 10 8 6
354 313 3 2 1
268 415 3 2 1
392 19 12 10 8
222 347 17 13 10
406 458 9 7 6
182 345 5 4 3
238 106 10 8 6
447 337 17 13 10
222 36 3 2 1
126 438 5 4 3
112 391 9 7 5
32 143 6 4 3
150 112 10 8 6
182 166 10 8 7
96 213 4 3 2
394 20 12 10 8
71 230 14 12 10
311 483 16 12 10
172 493 6 4 3
249 302 3 2 1
264 297 6 4 3
419 417 9 7 6
259 479 13 10 8
497 237 9 7 6
293 472 15 12 10
452 498 12 10 8
70 133 5 4 3
136 86 15 11 8
241 216 14 12 10
42 473 4 3 2
42 462 10 8 6
454 340 4 3 2
74 345 5 4 3
318 423 4 3 2
7 234 3 2 1
141 428 5 4 3
18 195 13 11 9
442 141 14 12 10
407 45 7 5 4
192 482 10 8 6
177 465 3 2 1
247 156 16 12 10
337 286 11 8 6
323 387 3 2 1
36 465 8 6 4
450 338 5 4 3
337 182 13 10 8
213 448 13 11 9
209 435 3 2 1
192 445 7 5 4
220 380 15 13 10
476 464 13 10 8
234 388 15 12 10
104 99 11 9 7
158 21 13 11 9
304 35 14 11 8
447 482 11 9 7
306 345 8 6 4
20 249 7 5 4
411 22 10 8 6
454 493 4 3 2
422 219 4 3 2
66 302 3 2 1
84 427 13 10 8
407 209 9 7 5
104 217 8 6 5
9 325 4 3 2
198 201 13 10 8
267 100 5 4 3
32 26 10 8 7
48 450 7 5 4
199 396 5 4 3
104 51 9 7 5
151 109 10 8 6
399 151 9 7 6
68 66 8 7 5
140 449 10 8 6
209 380 7 5 4
296 38 13 10 8
298 172 13 11 9
15 106 7 6 5
275 73 5 4 3
413 152 4 3 2
187 320 14 11 9
356 425 6 4 3
92 63 14 11 8
207 228 13 10 9
95 90 14 12 9
180 457 13 11 8
369 51 11 9 7
80 366 12 9 7
438 83 5 4 3
118 322 5 4 3
44 15 8 6 4
372 466 5 4 3
37 170 9 7 5
157 337 5 4 3
382 148 11 8 7
108 222 15 13 10
121 29 3 2 1
15 180 13 10 8
4 346 13 11 8
249 50 13 11 8
420 137 10 7 6
103 453 8 6 5
118 242 16 13 10
120 452 12 9 8
121 244 15 12 10
325 243 13 11 8
492 154 3 2 1
217 274 5 4 3
190 16 4 3 2
470 131 10 8 6
370 339 9 7 6
455 264 4 3 2
427 383 4 3 2
199 240 7 5 4
59 4 9 7 5
441 301 7 5 4
190 447 7 6 5
44 69 13 10 8
378 43 10 8 7
497 345 4 3 2
257 10 6 5 4
346 25 3 2 1
54 452 14 12 10
379 494 9 7 5
467 485 5 4 3
448 191 10 7 6
28 412 7 5 4
376 331 10 7 5
456 426 3 2 1
457 365 3 2 1
372 422 11 8 6
404 170 4 3 2
364 321 13 11 8
214 424 4 3 2
181 107 3 2 1
444 173 14 11 9
486 333 5 4 3
13 433 12 9 7
164 389 3 2 1
440 148 16 12 10
226 290 7 5 4
55 302 8 6 5
86 378 4 3 2
445 57 14 12 10
19 35 15 12 9
344 140 5 4 3
209 270 5 4 3
360 480 14 11 8
460 361 5 4 3
259 482 15 13 10
350 429 14 12 10
218 410 12 9 7
400 228 4 3 2
138 255 6 4 3
80 173 12 10 8
481 21 7 5 4
191 123 15 12 10
120 41 13 10 8
42 6 5 4 3
189 455 15 12 9
222 206 9 8 7
247 357 9 7 5
285 446 3 2 1
143 434 16 12 10
47 432 4 3 2
146 287 12 10 8
115 55 3 2 1
478 188 8 6 5
350 298 4 3 2
120 317 5 4 3
220 238 11 9 7
372 220 14 12 10
456 325 15 12 10
395 268 13 10 8
247 334 7 6 4
305 342 9 7 6
205 442 7 6 5
72 470 6 5 4
337 394 13 10 8
119 234 3 2 1
291 218 7 5 4
52 174 12 10 8
477 306 11 8 6
378 399 16 12 9
38 165 3 2 1
416 274 8 7 5
476 136 9 7 5
166 405 15 12 9
261 425 15 12 10
13 39 4 3 2
1 32 9 7 5
134 139 3 2 1
289 197 10 8 6
199 496 4 3 2
453 351 12 9 7
45 67 4 3 2
10 366 12 10 8
173 220 3 2 1
138 174 10 8 6
241 143 8 6 5
58 415 7 6 4
382 447 13 11 9
146 248 11 9 8
22 29 11 8 6
222 263 13 11 9
498 165 4 3 2
95 24 11 9 8
489 446 11 8 7
110 65 5 4 3
336 458 14 11 9
63 355 13 10 8
317 49 16 13 10
146 208 4 3 2
399 143 7 5 4
358 64 13 10 8
359 355 8 6 5
418 168 7 6 4
286 227 7 6 5
244 79 6 5 4
235 338 6 4 3
149 484 7 6 4
465 255 12 9 8
119 382 4 3 2
44 96 4 3 2
86 112 11 8 7
255 51 15 12 10
281 142 9 7 5
474 119 13 11 9
56 380 15 12 10
138 76 9 7 6
99 44 6 4 3
273 58 13 10 8
9 49 11 9 7
79 251 15 12 10
313 357 11 9 7
125 439 6 5 4
310 193 10 8 6
210 64 3 2 1
190 83 6 5 4
105 159 17 13 10
106 7 9 7 6
35 58 16 12 10
433 109 14 12 9
343 437 10 8 6
397 293 5 4 3
431 74 17 13 10
74 165 4 3 2
221 208 13 10 8
277 412 11 9 7
411 299 6 5 4
164 493 6 5 4
482 6 7 5 4
426 145 3 2 1
479 4 15 11 9
471 342 12 9 8
235 330 14 12 10
141 282 12 9 7
403 440 4 3 2
298 262 7 6 5
466 499 3 2 1
283 325 12 10 9
364 295 3 2 1
484 112 5 4 3
282 428 4 3 2
449 347 12 9 7
431 274 6 4 3
9 432 5 4 3
60 306 12 9 7
158 148 16 13 10
62 398 4 3 2
392 134 5 4 3
330 60 3 2 1
149 16 11 9 7
289 299 13 11 9
27 376 12 10 8
111 290 16 12 9
139 376 8 6 5
441 447 16 13 10
169 390 13 11 8
317 64 6 5 4
481 236 4 3 2
286 44 15 13 10
94 302 9 7 6
490 143 13 10 8
202 224 8 6 5
343 364 5 4 3
367 112 8 6 4
464 259 7 5 4
87 7 10 8 6
189 138 3 2 1
225 24 12 9 8
72 55 9 7 5
110 274 16 13 10
424 19 8 6 5
296 9 16 13 10
490 497 10 8 6
72 186 15 12 10
341 264 13 10 7
245 160 6 4 3
53 318 15 11 8
372 442 3 2 1
93 17 13 10 8
228 126 14 11 9
156 41 9 8 6
311 248 9 7 5
432 158 5 4 3
276 413 4 3 2
284 186 16 13 10
285 435 16 13 10
113 9 13 11 9
323 230 16 13 10
289 371 8 6 4
352 459 7 6 4
299 137 9 7 6
347 235 14 11 9
127 198 3 2 1
466 289 3 2 1
445 489 5 4 3
220 39 15 12 10
319 277 4 3 2
95 181 14 11 9
365 384 8 6 5
83 367 14 12 10
355 228 10 8 6
411 276 5 4 3
457 464 15 12 9
230 249 3 2 1
323 265 4 3 2
221 431 10 8 6
56 286 3 2 1
437 281 12 9 7
7 420 6 5 4
491 163 15 12 9
292 124 12 9 8
133 34 16 13 10
178 212 3 2 1
301 409 3 2 1
315 234 3 2 1
175 123 12 9 7
102 44 7 5 4
265 378 13 11 9
203 478 16 12 10
286 357 12 10 8
275 366 6 4 3
442 299 6 5 4
133 240 7 5 4
200 111 12 10 8
359 51 16 12 10
73 210 14 11 9
33 352 5 4 3
99 459 5 4 3
85 377 9 7 6
381 231 7 5 4
453 413 4 3 2
219 18 8 6 5
88 440 14 12 9
174 264 14 12 9
269 215 5 4 3
104 333 7 5 4
387 124 4 3 2
389 212 15 12 9
397 247 9 7 6
27 258 10 8 6
420 27 3 2 1
165 110 5 4 3
120 291 14 12 9
326 455 11 9 7
183 399 6 4 3
335 351 17 13 10
212 215 15 12 9
424 295 3 2 1
287 260 7 5 4
127 212 7 6 5
162 216 7 6 5
422 349 3 2 1
383 103 6 4 3
193 328 10 8 6
71 200 9 7 5
117 19 12 9 7
49 395 4 3 2
182 226 4 3 2
492 340 11 8 7
425 170 6 5 4
312 284 10 8 6
349 377 12 9 8
427 444 17 13 10
249 41 11 9 7
495 41 16 13 10
464 14 14 12 10
35 168 3 2 1
257 459 13 10 8
281 104 3 2 1
131 325 14 11 9
481 360 9 7 6
204 409 7 5 4
80 339 13 10 8
384 361 7 5 4
185 434 4 3 2
198 412 12 10 9
11 75 16 13 10
157 170 17 13 10
4 327 12 9 7
256 189 12 10 8
204 383 15 11 9
17 265 13 11 9
301 299 5 4 3
466 111 12 10 8
76 336 9 7 5
312 44 6 5 4
267 386 5 4 3
213 33 5 4 3
99 394 16 12 9
411 423 9 8 6
216 292 9 7 6
170 10 7 6 5
158 82 7 6 4
450 42 10 8 6
102 151 15 12 9
313 406 4 3 2
472 77 10 9 7
230 68 6 5 4
390 260 5 4 3
27 154 13 11 9
432 326 4 3 2
268 307 15 12 10
284 154 14 11 8
297 466 7 6 4
414 149 10 8 6
221 159 9 7 6
112 293 15 11 9
446 102 13 11 9
142 148 4 3 2
195 84 7 5 4
306 395 5 4 3
325 244 10 8 6
320 81 8 6 5
231 101 13 11 9
248 413 7 6 5
354 340 9 7 5
70 268 12 9 7
114 455 12 10 8
411 384 14 11 9
199 252 9 7 5
22 254 15 11 9
196 147 13 10 8
414 125 10 8 6
448 81 4 3 2
499 381 10 8 6
279 419 9 7 6
259 115 6 5 4
210 385 11 9 7
219 408 14 12 9
406 434 5 4 3
194 365 7 6 5
482 274 4 3 2
498 2 4 3 2
377 135 6 4 3
5 99 12 10 9
376 118 7 5 4
364 78 7 5 4
164 179 6 5 4
25 321 6 5 4
118 418 9 7 6
411 302 8 6 5
327 164 9 7 6
238 332 15 12 10
288 350 15 12 9
177 489 13 10 8
444 26 10 8 6
220 168 6 5 4
423 291 9 7 6
263 323 12 9 7
162 389 7 5 4
215 386 11 9 8
349 7 3 2 1
141 307 12 10 9
112 214 3 2 1
248 330 9 7 6
140 103 3 2 1
493 362 9 8 6
98 395 10 8 6
149 189 14 11 9
315 4 12 10 8
488 95 5 4 3
390 306 11 9 7
351 46 17 13 10
30 261 7 5 4
373 307 5 4 3
249 66 9 7 6
402 8 4 3 2
195 26 4 3 2
495 323 15 12 9
320 72 6 5 4
360 249 6 4 3
272 413 3 2 1
278 258 11 9 7
342 399 4 3 2
413 133 8 6 5
316 227 7 5 4
166 379 9 7 5
197 263 12 10 8
149 36 10 8 6
181 262 6 5 4
74 364 9 7 6
294 111 11 9 8
365 346 3 2 1
162 421 8 6 5
339 174 5 4 3
208 21 13 10 8
80 352 6 5 4
337 245 3 2 1
310 10 11 8 6
485 8 3 2 1
227 372 7 5 4
448 92 8 7 6
118 107 12 9 7
287 443 14 12 9
486 437 4 3 2
101 123 13 11 9
116 192 11 9 7
231 266 14 11 9
120 193 11 9 7
321 172 3 2 1
128 467 7 5 4
123 418 11 9 7
286 39 16 12 10
459 240 16 12 10
266 233 8 6 5
41 300 17 13 10
165 381 3 2 1
63 400 13 11 8
79 155 8 6 4
141 288 8 6 5
157 429 3 2 1
149 312 15 12 9
206 355 9 8 6
34 215 6 5 4
456 397 15 12 9
382 346 14 12 10
451 345 4 3 2
53 316 13 11 8
186 106 14 11 9
420 20 3 2 1
72 125 17 13 10
279 112 7 6 4
62 184 13 11 9
467 364 10 9 7
238 405 7 6 5
267 469 10 8 6
25 392 5 4 3
20 286 6 4 3
101 455 7 6 5
493 481 11 9 8
191 470 4 3 2
125 26 14 11 8
476 57 4 3 2
347 227 9 7 5
303 16 4 3 2
494 56 4 3 2
259 455 3 2 1
43 491 10 8 6
449 76 10 8 6
487 459 8 6 4
373 39 11 9 7
334 380 16 12 9
328 270 8 7 5
151 312 15 12 10
42 382 12 9 7
143 403 3 2 1
167 234 15 12 10
171 60 6 5 4
434 45 3 2 1
408 347 12 10 8
182 72 4 3 2
488 153 4 3 2
407 223 5 4 3
10 270 6 4 3
10 113 3 2 1
120 11 15 12 10
442 9 9 7 6
41 297 17 13 10
269 195 9 7 6
312 199 16 12 9
476 443 16 13 10
4 260 13 11 8
86 26 11 9 7
398 113 5 4 3
328 381 3 2 1
350 480 4 3 2
205 194 16 12 10
96 252 7 6 5
67 215 7 5 4
163 224 4 3 2
197 146 10 8 7
256 233 11 9 7
473 24 3 2 1
453 150 3 2 1
451 389 4 3 2
473 86 6 5 4
337 491 16 12 10
129 327 16 13 10
193 303 9 7 5
201 415 13 10 8
405 346 10 8 7
364 105 12 10 8
280 327 17 13 10
422 418 11 8 7
395 65 5 4 3
187 424 14 11 8
498 40 15 13 10
248 280 6 4 3
117 340 4 3 2
268 318 4 3 2
185 284 12 9 7
495 96 5 4 3
160 102 3 2 1
6 435 4 3 2
277 267 5 4 3
106 228 6 4 3
277 361 17 13 10
383 442 9 7 5
166 89 12 10 8
218 310 14 12 10
440 37 9 8 6
41 437 8 7 6
453 112 13 11 8
101 134 3 2 1
462 121 12 9 7
16 26 9 8 6
449 307 12 10 8
191 254 5 4 3
236 221 5 4 3
19 417 15 11 9
332 346 16 13 10
328 277 12 10 8
249 165 9 7 5
437 205 3 2 1
152 149 10 8 7
349 84 10 8 6
126 193 5 4 3
451 200 16 13 10
425 133 11 8 6
238 20 12 10 8
479 384 5 4 3
227 315 15 13 10
174 375 15 12 9
331 219 14 11 8
205 92 7 6 5
184 415 13 10 9
242 275 10 7 6
142 425 4 3 2
308 17 16 12 10
366 432 9 7 6
142 409 7 5 4
12 123 6 4 3
50 355 12 9 7
159 68 13 11 9
306 107 17 13 10
461 419 4 3 2
304 18 11 9 7
7 171 8 6 5
144 402 13 10 8
322 498 9 7 6
337 239 10 8 6
17 416 7 6 5
446 472 14 11 8
409 253 7 5 4
366 119 9 7 5
284 184 4 3 2
139 209 3 2 1
375 166 10 7 5
64 244 16 12 10
82 313 3 2 1
212 248 6 5 4
479 92 12 10 8
478 470 14 12 9
105 282 7 5 4
474 346 11 8 7
374 90 4 3 2
353 152 7 6 5
232 290 4 3 2
124 54 11 8 7
206 454 13 10 8
59 305 5 4 3
379 478 4 3 2
441 474 10 8 6
57 493 4 3 2
403 332 10 8 6
494 44 8 6 5
426 17 13 11 8
24 163 5 4 3
83 465 4 3 2
261 140 12 9 7
94 190 11 8 6
157 68 4 3 2
476 113 7 6 5
472 95 8 6 4
404 85 13 10 8
137 201 6 5 4
391 213 13 11 9
213 405 8 6 4
349 379 17 13 10
268 412 12 9 7
373 22 3 2 1
360 445 11 9 7
157 490 5 4 3
117 180 8 6 5
467 56 14 12 10
482 357 13 11 9
76 45 3 2 1
294 449 14 12 9
341 97 9 7 6
16 327 12 9 7
291 211 15 11 9
196 50 15 12 10
58 241 5 4 3
6 305 10 8 7
1 16 6 5 4
469 47 10 8 7
2 33 12 10 8
266 243 11 8 6
77 342 4 3 2
243 362 6 5 4
206 476 12 10 8
231 456 3 2 1
56 197 3 2 1
330 118 3 2 1
79 59 11 9 7
163 132 10 8 6
190 449 6 5 4
436 452 6 4 3
484 325 9 7 5
360 442 3 2 1
290 107 10 8 6
228 335 3 2 1
210 3 14 12 9
146 55 12 10 8
150 260 16 12 9
231 216 14 12 10
47 175 10 8 6
167 110 5 4 3
253 285 12 10 8
101 60 9 7 5
283 187 9 8 6
34 103 4 3 2
109 230 6 5 4
302 466 4 3 2
297 123 4 3 2
73 34 4 3 2
177 452 5 4 3
198 190 6 4 3
317 21 3 2 1
103 11 6 4 3
35 465 4 3 2
361 138 5 4 3
314 101 8 7 5
181 432 3 2 1
497 76 17 13 10
306 55 16 13 10
0 334 13 11 9
237 322 15 12 10
273 332 9 7 5
235 168 4 3 2
372 358 6 4 3
327 145 10 8 6
314 38 3 2 1
216 201 5 4 3
31 1 9 7 5
180 306 15 13 10
148 311 12 10 8
283 482 8 6 4
76 421 14 12 10
262 341 10 8 7
401 206 8 6 5
101 244 6 5 4
220 62 8 6 5
216 61 9 8 6
207 292 10 8 6
283 135 12 10 8
252 410 7 5 4
61 165 3 2 1
498 470 3 2 1
8 413 11 9 7
383 422 4 3 2
53 499 14 12 9
310 210 7 6 5
482 349 8 6 5
159 473 7 6 4
114 494 14 11 9
106 169 17 13 10
305 135 5 4 3
59 429 9 7 6
372 74 5 4 3
364 90 17 13 10
295 36 11 9 7
334 468 3 2 1
202 116 10 8 6
482 14 3 2 1
41 107 8 6 5
317 183 9 7 6
244 125 17 13 10
214 250 16 12 10
397 262 13 10 8
439 5 8 6 4
234 272 4 3 2
412 196 3 2 1
130 264 15 12 10
70 91 8 7 5
203 221 7 5 4
13 346 4 3 2
262 439 13 10 8
461 386 8 6 5
430 175 9 7 5
100 332 17 13 10
148 383 10 8 6
276 89 16 12 9
54 148 10 8 6
256 459 7 5 4
19 38 16 13 10
311 151 9 7 5
296 169 13 10 9
34 184 3 2 1
361 398 6 5 4
496 346 4 3 2
457 224 15 12 9
410 261 11 9 7
150 427 13 10 8
303 271 4 3 2
122 104 7 5 4
43 74 14 11 8
91 39 4 3 2
168 94 10 8 6
23 481 3 2 1
76 142 12 10 8
129 163 4 3 2
300 430 3 2 1
281 212 4 3 2
385 66 14 11 8
95 268 12 9 7
77 209 12 9 7
463 360 9 7 6
406 18 8 6 5
178 84 8 6 5
316 272 3 2 1
136 348 17 13 10
195 90 9 7 5
312 202 10 8 6
10 90 11 8 6
172 30 4 3 2
131 5 4 3 2
13 387 3 2 1
321 42 14 12 10
25 273 4 3 2
372 450 16 13 10
2 160 12 9 7
370 486 9 7 6
27 197 14 11 9
485 149 14 11 9
180 38 6 4 3
128 84 10 8 6
437 350 8 6 4
98 409 15 12 10
88 314 11 9 7
124 2 14 11 8
165 330 10 8 7
56 446 4 3 2
386 303 15 13 10
310 351 3 2 1
304 493 5 4 3
55 406 15 12 10
341 36 7 5 4
375 190 8 7 6
23 136 3 2 1
137 24 11 8 6
75 484 16 13 10
364 238 7 5 4
81 0 3 2 1
141 364 8 7 5
429 443 11 9 7
72 390 4 3 2
39 305 8 6 5
49 58 14 11 9
456 22 3 2 1
12 371 3 2 1
221 492 6 4 3
8 18 13 10 9
319 418 3 2 1
430 251 3 2 1
42 35 17 13 10
52 224 12 10 8
133 32 7 6 5
464 247 11 8 6
62 139 15 13 10
65 229 11 8 7
35 414 12 9 8
468 255 4 3 2
119 210 11 9 7
489 317 3 2 1
75 39 11 9 7
210 91 9 7 5
139 12 5 4 3
259 339 17 13 10
345 246 4 3 2
243 468 17 13 10
486 207 15 13 10
98 53 13 11 9
250 237 6 4 3
26 178 16 13 10
31 21 16 12 10
411 281 6 4 3
117 214 10 8 6
347 242 7 5 4
269 263 3 2 1
29 480 8 6 5
429 388 15 12 10
196 441 17 13 10
436 180 5 4 3
133 393 4 3 2
256 454 4 3 2
9 138 8 7 6
2 94 10 7 5
81 455 4 3 2
412 169 14 11 9
225 227 5 4 3
395 158 11 9 7
484 141 7 6 5
428 162 9 7 5
258 437 17 13 10
96 40 7 5 4
375 202 16 12 10
203 209 4 3 2
261 234 5 4 3
322 33 5 4 3
368 334 17 13 10
99 486 16 12 10
16 315 4 3 2
118 377 6 5 4
240 76 12 9 8
50 357 4 3 2
321 352 12 10 8
299 448 4 3 2
453 293 8 7 6
302 322 8 6 5
226 446 9 7 5
244 144 14 11 9
499 374 5 4 3
172 290 6 5 4
0 393 16 13 10
495 490 13 10 8
350 421 16 12 10
15 461 5 4 3
140 143 8 6 5
482 344 5 4 3
465 254 4 3 2
481 476 15 12 10
334 52 4 3 2
5 20 7 5 4
185 163 7 6 5
33 122 8 6 5
272 469 17 13 10
419 203 4 3 2
491 187 16 13 10
168 231 5 4 3
220 292 5 4 3
371 412 13 11 9
315 416 5 4 3
314 250 7 6 5
169 207 5 4 3
76 284 11 8 6
221 169 4 3 2
126 119 16 12 9
380 350 6 5 4
176 191 14 12 10
406 132 12 10 8
409 170 12 9 7
136 40 3 2 1
268 237 4 3 2
286 444 14 11 8
351 292 3 2 1
235 27 15 13 10
163 436 11 9 7
378 60 12 9 7
301 147 15 12 9
346 349 9 7 5
295 198 5 4 3
143 427 7 6 4
210 9 16 12 9
252 55 14 11 8
65 455 8 6 4
302 373 16 12 10
231 234 14 11 9
370 153 9 7 6
249 419 17 13 10
496 106 11 9 8
253 51 17 13 10
350 436 8 6 4
67 232 16 12 9
230 246 15 13 10
436 403 14 12 10
60 390 4 3 2
264 128 4 3 2
280 337 13 10 8
125 0 7 5 4
248 376 15 12 9
129 432 8 6 5
160 396 6 5 4
117 372 6 4 3
480 449 4 3 2
122 280 4 3 2
71 105 11 9 7
21 466 10 8 7
303 196 14 12 10
298 356 15 12 9
364 26 12 9 7
376 317 4 3 2
91 211 8 6 5
291 381 9 7 5
473 124 11 9 8
168 222 10 8 6
304 447 12 9 7
57 160 6 5 4
137 179 8 6 4
439 171 3 2 1
259 168 13 11 9
200 406 8 6 5
4 406 3 2 1
311 440 3 2 1
474 305 8 6 5
252 355 12 9 8
177 88 13 11 9
496 128 12 9 7
333 135 8 6 5
320 439 14 12 9
334 354 5 4 3
333 221 9 7 5
476 351 14 11 8
248 184 8 6 5
280 270 9 7 5
187 100 7 5 4
492 71 4 3 2
486 135 14 11 9
331 351 8 6 5
284 493 5 4 3
140 278 4 3 2
33 297 14 12 9
295 331 9 7 5
436 433 12 10 8
392 44 8 6 5
286 347 13 11 9
310 313 9 7 5
363 439 3 2 1
287 201 4 3 2
219 318 5 4 3
378 240 12 9 7
100 421 17 13 10
188 3 8 6 5
332 335 4 3 2
128 269 16 13 10
141 146 5 4 3
63 379 4 3 2
126 384 9 7 5
487 166 5 4 3
265 347 6 5 4
494 199 15 12 9
239 376 6 5 4
305 108 4 3 2
257 396 4 3 2
6 341 6 5 4
461 18 3 2 1
267 379 3 2 1
367 158 5 4 3
6 317 5 4 3
255 263 9 7 5
249 381 14 12 9
143 113 3 2 1
207 202 16 13 10
449 310 6 4 3
5 199 3 2 1
310 149 12 10 8
100 192 5 4 3
129 223 3 2 1
329 246 8 6 5
181 374 9 7 6
246 263 9 7 6
116 170 3 2 1
115 239 4 3 2
493 43 12 9 7
79 33 4 3 2
110 17 15 12 10
192 70 13 11 9
166 367 14 12 9
412 58 3 2 1
180 203 13 10 8
399 242 6 4 3
299 147 14 12 10
197 130 4 3 2
447 403 8 6 4
274 219 12 9 7
296 17 15 13 10
445 348 6 5 4
272 131 12 10 8
276 244 6 4 3
86 218 8 6 5
481 277 5 4 3
489 170 3 2 1
432 111 3 2 1
62 263 10 8 6
159 366 9 8 6
367 125 14 12 10
322 240 11 9 7
407 148 13 10 8
298 383 4 3 2
444 132 9 7 5
39 463 12 9 7
97 40 10 9 7
399 448 3 2 1
383 142 4 3 2
474 7 12 9 8
389 491 9 8 6
191 59 12 10 8
134 42 8 6 5
270 275 4 3 2
19 175 13 11 8
460 245 6 4 3
478 261 15 12 10
20 473 13 10 8
317 260 4 3 2
38 358 10 8 6
42 480 3 2 1
93 351 14 12 10
118 100 4 3 2
473 252 5 4 3
40 26 11 9 7
139 421 13 10 8
192 455 8 7 5
15 211 7 5 4
198 29 5 4 3
72 58 5 4 3
292 468 3 2 1
448 0 6 5 4
266 217 15 12 9
499 116 5 4 3
416 84 9 7 5
54 491 6 4 3
180 443 16 12 10
56 193 10 8 7
0 332 11 8 6
64 51 5 4 3
70 4 11 9 7
259 248 9 7 6
146 103 9 7 6
325 496 10 8 7
398 90 16 13 10
356 164 3 2 1
120 475 11 9 7
397 60 13 10 8
450 417 4 3 2
481 262 13 10 8
122 251 9 7 6
39 313 9 7 5
255 100 3 2 1
26 147 7 6 5
47 173 3 2 1
321 456 3 2 1
71 77 5 4 3
139 352 5 4 3
236 119 12 10 8
334 350 15 12 10
171 16 7 5 4
183 404 13 11 9
407 287 11 9 7
158 165 3 2 1
87 475 8 7 5
383 248 5 4 3
180 42 8 6 5
230 232 13 11 8
163 492 4 3 2
105 310 12 10 8
99 346 7 6 5
423 477 6 5 4
252 68 11 8 6
338 126 12 10 9
434 241 6 5 4
121 297 12 9 7
124 366 12 10 8
18 240 13 11 8
97 345 3 2 1
339 14 14 11 9
431 131 5 4 3
72 26 11 9 7
463 103 6 4 3
272 13 5 4 3
289 234 15 11 8
155 367 14 12 9
299 300 13 11 9
411 426 13 11 9
234 348 8 6 5
71 418 10 8 6
339 283 15 12 10
183 358 11 9 8
256 298 13 10 8
77 327 4 3 2
9 99 14 12 9
1 148 9 7 6
252 58 12 10 8
429 493 13 10 7
129 205 6 5 4
107 15 3 2 1
6
7
10
3
3
7
3
5
6
8
3
6
10
2
7
4
3
6
1
10
9
3
9
7
5
3
5
2
3
9
10
4
2
5
8
3
7
4
2
5
9
1
3
5
10
4
2
8
6
6
6
6
4
7
7
8
3
9
6
6
9
5
8
5
3
5
6
8
7
7
7
7
3
3
3
7
9
9
7
6
2
9
5
7
5
7
5
1
7
9
2
5
6
1
6
6
7
3
7
2
4
5
8
9
10
4
4
2
6
7
5
8
8
2
6
4
3
6
7
9
4
6
10
6
7
10
10
5
7
1
6
8
2
10
1
5
6
1
6
2
10
7
1
10
6
7
7
2
7
8
4
2
10
8
9
10
10
7
4
10
6
4
6
5
7
9
3
6
2
3
1
9
7
10
3
3
1
3
3
2
5
8
3
9
2
5
5
4
10
8
2
6
4
5
7
6
5
5
4
7
1
2
1
10
4
2
6
5
4
9
4
7
2
2
3
7
8
2
4
10
9
8
10
9
3
1
3
9
2
4
7
8
2
10
8
7
6
10
7
5
5
9
8
8
2
4
6
10
9
9
10
10
6
8
8
1
3
6
1
6
3
1
1
9
9
4
6
9
5
1
7
9
10
1
5
5
1
5
2
4
1
9
10
8
9
7
4
7
7
2
5
4
8
6
4
8
3
1
9
1
6
7
6
3
8
4
8
10
5
1
4
3
1
7
9
3
2
7
4
5
3
8
8
10
1
2
6
1
9
6
7
5
10
7
6
5
6
4
1
9
10
9
3
10
2
9
4
2
9
8
4
6
8
3
3
3
4
7
2
5
6
7
10
4
8
7
8
6
4
7
4
9
1
6
10
5
5
3
7
9
7
5
8
1
1
8
8
6
7
10
3
10
2
10
5
9
9
2
9
4
8
9
3
7
9
6
4
4
1
3
9
7
10
4
10
1
8
1
9
5
9
8
8
3
7
2
10
7
7
10
1
8
2
4
3
7
2
10
5
8
6
4
8
5
10
6
8
5
7
6
1
4
1
10
9
3
9
6
2
3
7
2
5
10
9
4
8
1
5
8
10
8
2
4
6
2
4
1
2
4
7
5
2
8
5
5
3
5
3
8
4
2
8
2
9
4
9
2
2
10
