100 4950
0 1 22 19 15
0 2 88 79 62
0 3 60 48 37
0 4 54 42 32
0 5 121 99 77
0 6 85 68 61
0 7 76 65 57
0 8 79 65 52
0 9 55 42 35
0 10 94 80 65
0 11 78 61 53
0 12 80 63 52
0 13 86 75 64
0 14 91 72 59
0 15 89 70 61
0 16 51 40 31
0 17 63 57 45
0 18 124 97 79
0 19 46 39 35
0 20 104 86 74
0 21 66 55 46
0 22 46 41 32
0 23 17 15 13
0 24 64 57 50
0 25 98 77 59
0 26 105 87 77
0 27 80 68 58
0 28 110 89 76
0 29 97 82 67
0 30 80 68 59
0 31 83 68 60
0 32 72 61 49
0 33 98 86 77
0 34 44 36 30
0 35 65 55 43
0 36 38 31 24
0 37 114 97 81
0 38 95 76 63
0 39 79 63 53
0 40 107 93 78
0 41 80 64 53
0 42 64 54 48
0 43 96 75 63
0 44 24 20 15
0 45 89 70 54
0 46 53 44 38
0 47 62 49 43
0 48 108 84 68
0 49 36 29 23
0 50 64 52 41
0 51 48 39 34
0 52 90 79 71
0 53 38 34 27
0 54 32 28 25
0 55 110 96 75
0 56 88 69 62
0 57 28 22 19
0 58 37 29 23
0 59 100 82 63
0 60 57 51 40
0 61 75 62 49
0 62 72 64 51
0 63 87 67 53
0 64 80 68 61
0 65 14 11 9
0 66 56 49 42
0 67 40 32 27
0 68 23 19 15
0 69 26 22 18
0 70 105 88 75
0 71 53 44 39
0 72 51 43 33
0 73 93 82 65
0 74 22 17 13
0 75 97 80 64
0 76 35 28 23
0 77 90 79 61
0 78 103 82 73
0 79 25 20 15
0 80 99 79 66
0 81 57 49 43
0 82 65 53 46
0 83 88 76 65
0 84 46 35 28
0 85 85 68 58
0 86 93 73 61
0 87 41 35 28
0 88 79 71 62
0 89 25 21 17
0 90 32 27 23
0 91 116 92 79
0 92 71 54 47
0 93 115 94 78
0 94 70 55 46
0 95 119 98 77
0 96 89 71 59
0 97 65 55 43
0 98 35 27 21
0 99 67 58 48
1 2 86 69 60
1 3 70 54 43
1 4 58 50 39
1 5 85 73 64
1 6 70 56 49
1 7 88 68 53
1 8 57 44 38
1 9 30 25 21
1 10 88 78 62
1 11 56 44 39
1 12 80 68 58
1 13 80 64 52
1 14 59 50 45
1 15 68 56 47
1 16 28 23 20
1 17 52 44 34
1 18 99 88 72
1 19 67 54 46
1 20 90 70 62
1 21 59 52 40
1 22 40 34 26
1 23 6 4 3
1 24 54 43 37
1 25 72 57 46
1 26 92 73 63
1 27 87 70 54
1 28 84 74 61
1 29 77 65 54
1 30 82 66 53
1 31 66 58 47
1 32 84 68 55
1 33 91 71 62
1 34 50 44 35
1 35 68 60 46
1 36 29 23 19
1 37 113 93 76
1 38 92 77 62
1 39 61 53 45
1 40 90 72 64
1 41 65 53 42
1 42 80 68 54
1 43 85 72 62
1 44 39 35 27
1 45 72 62 51
1 46 64 54 43
1 47 50 42 36
1 48 90 71 58
1 49 21 16 13
1 50 37 32 28
1 51 25 22 19
1 52 91 73 58
1 53 19 16 14
1 54 52 41 34
1 55 99 79 62
1 56 86 76 62
1 57 10 8 6
1 58 54 44 36
1 59 81 70 61
1 60 43 38 30
1 61 66 51 40
1 62 57 48 37
1 63 97 79 65
1 64 77 59 48
1 65 28 24 19
1 66 58 48 37
1 67 47 37 30
1 68 3 2 1
1 69 36 30 24
1 70 103 86 71
1 71 34 28 24
1 72 53 44 39
1 73 85 71 57
1 74 41 31 25
1 75 87 77 60
1 76 45 36 28
1 77 66 56 50
1 78 85 76 66
1 79 11 8 6
1 80 81 63 54
1 81 73 64 51
1 82 71 58 45
1 83 81 65 50
1 84 57 48 38
1 85 73 56 44
1 86 78 65 51
1 87 62 51 40
1 88 68 61 54
1 89 26 22 19
1 90 29 24 21
1 91 108 89 71
1 92 74 60 50
1 93 90 75 64
1 94 55 46 36
1 95 100 78 68
1 96 66 56 45
1 97 45 37 31
1 98 41 35 28
1 99 71 62 56
2 3 142 125 99
2 4 56 49 41
2 5 72 63 55
2 6 64 56 47
2 7 12 10 9
2 8 111 92 81
2 9 86 77 69
2 10 8 6 5
2 11 77 69 55
2 12 46 39 33
2 13 70 54 48
2 14 106 94 82
2 15 118 104 87
2 16 113 96 78
2 17 113 101 89
2 18 39 33 26
2 19 79 66 52
2 20 77 66 51
2 21 33 28 24
2 22 56 45 35
2 23 78 69 59
2 24 135 104 84
2 25 118 107 87
2 26 120 107 96
2 27 15 13 11
2 28 129 104 93
2 29 86 75 58
2 30 29 24 18
2 31 90 70 55
2 32 51 46 35
2 33 137 112 96
2 34 133 119 92
2 35 36 28 24
2 36 104 88 78
2 37 38 30 25
2 38 5 4 3
2 39 47 37 29
2 40 148 122 96
2 41 145 123 95
2 42 44 38 32
2 43 9 7 5
2 44 73 64 55
2 45 16 13 10
2 46 148 125 100
2 47 129 114 95
2 48 59 53 42
2 49 74 59 49
2 50 76 67 54
2 51 83 65 56
2 52 87 68 55
2 53 105 88 69
2 54 74 59 46
2 55 80 68 58
2 56 15 12 10
2 57 82 73 56
2 58 113 100 82
2 59 3 2 1
2 60 54 48 41
2 61 42 34 30
2 62 92 83 68
2 63 91 70 61
2 64 125 103 90
2 65 83 66 55
2 66 41 32 26
2 67 52 45 37
2 68 75 67 59
2 69 67 59 46
2 70 24 18 16
2 71 100 78 68
2 72 49 41 36
2 73 37 29 25
2 74 88 71 58
2 75 16 12 9
2 76 59 48 41
2 77 59 52 43
2 78 41 33 26
2 79 96 84 66
2 80 68 57 47
2 81 59 52 41
2 82 23 19 16
2 83 109 90 80
2 84 75 63 50
2 85 93 76 61
2 86 46 39 34
2 87 85 72 55
2 88 37 33 27
2 89 59 52 45
2 90 66 53 41
2 91 52 40 31
2 92 172 133 108
2 93 138 116 96
2 94 152 118 91
2 95 53 44 34
2 96 119 100 79
2 97 78 60 46
2 98 66 51 44
2 99 52 46 40
3 4 97 83 66
3 5 156 127 105
3 6 125 100 90
3 7 129 108 93
3 8 93 74 63
3 9 76 65 52
3 10 134 115 102
3 11 105 94 79
3 12 123 98 86
3 13 151 116 93
3 14 119 93 71
3 15 96 84 71
3 16 55 46 39
3 17 67 55 45
3 18 171 134 114
3 19 90 75 64
3 20 168 133 104
3 21 111 96 82
3 22 94 85 67
3 23 60 49 43
3 24 81 71 58
3 25 87 76 68
3 26 129 108 86
3 27 156 124 95
3 28 124 112 86
3 29 118 107 94
3 30 131 112 94
3 31 117 96 86
3 32 109 93 83
3 33 125 99 86
3 34 13 11 9
3 35 106 89 80
3 36 45 36 29
3 37 191 151 117
3 38 130 115 100
3 39 138 109 87
3 40 135 106 88
3 41 73 63 52
3 42 103 93 82
3 43 158 123 100
3 44 73 61 47
3 45 146 113 91
3 46 9 7 5
3 47 49 40 33
3 48 130 114 100
3 49 90 69 55
3 50 99 83 68
3 51 84 70 59
3 52 149 125 99
3 53 65 57 44
3 54 84 69 59
3 55 154 121 102
3 56 163 126 99
3 57 66 59 48
3 58 34 28 23
3 59 139 120 100
3 60 116 90 72
3 61 116 94 83
3 62 102 84 71
3 63 130 100 78
3 64 96 84 68
3 65 66 58 45
3 66 117 92 78
3 67 87 75 64
3 68 74 57 44
3 69 76 64 55
3 70 147 130 112
3 71 86 66 57
3 72 89 77 69
3 73 128 114 100
3 74 68 54 44
3 75 159 129 101
3 76 84 76 60
3 77 139 107 92
3 78 140 121 108
3 79 54 46 38
3 80 130 117 96
3 81 113 87 75
3 82 121 94 83
3 83 119 91 80
3 84 90 73 59
3 85 104 93 82
3 86 134 118 94
3 87 81 64 56
3 88 138 124 97
3 89 85 70 54
3 90 80 71 60
3 91 176 135 114
3 92 15 13 11
3 93 113 100 88
3 94 67 52 44
3 95 142 124 111
3 96 125 96 74
3 97 110 95 73
3 98 87 67 57
3 99 120 96 80
4 5 101 91 78
4 6 93 74 63
4 7 60 49 39
4 8 108 89 74
4 9 84 69 58
4 10 65 57 45
4 11 98 76 62
4 12 31 27 21
4 13 110 86 66
4 14 105 91 80
4 15 106 95 83
4 16 92 77 59
4 17 106 94 73
4 18 91 71 64
4 19 23 17 13
4 20 111 92 74
4 21 54 48 38
4 22 44 37 30
4 23 52 42 37
4 24 106 88 75
4 25 113 97 82
4 26 140 114 97
4 27 71 55 42
4 28 154 121 95
4 29 111 85 73
4 30 61 54 46
4 31 101 81 67
4 32 28 22 18
4 33 147 113 97
4 34 87 72 60
4 35 29 22 18
4 36 86 71 54
4 37 96 78 65
4 38 55 46 41
4 39 76 60 47
4 40 139 109 98
4 41 125 96 81
4 42 23 20 17
4 43 63 49 40
4 44 30 23 19
4 45 53 45 36
4 46 94 78 67
4 47 103 87 73
4 48 105 82 66
4 49 49 43 35
4 50 72 61 53
4 51 68 60 49
4 52 97 83 74
4 53 68 61 52
4 54 13 10 8
4 55 119 95 78
4 56 60 47 37
4 57 59 49 38
4 58 65 57 46
4 59 64 54 42
4 60 68 53 44
4 61 59 51 44
4 62 107 87 68
4 63 38 34 30
4 64 110 99 84
4 65 35 30 23
4 66 49 41 35
4 67 21 17 14
4 68 58 47 38
4 69 21 18 15
4 70 91 73 56
4 71 79 66 59
4 72 11 8 6
4 73 69 62 55
4 74 32 27 22
4 75 75 59 46
4 76 17 14 12
4 77 96 75 61
4 78 82 69 60
4 79 61 49 43
4 80 97 75 67
4 81 19 15 12
4 82 37 32 28
4 83 125 98 82
4 84 13 11 9
4 85 111 90 69
4 86 78 68 56
4 87 24 18 15
4 88 74 61 54
4 89 31 26 21
4 90 40 31 24
4 91 108 86 67
4 92 97 87 76
4 93 137 117 98
4 94 109 85 74
4 95 98 77 67
4 96 114 101 78
4 97 77 65 50
4 98 16 14 12
4 99 23 19 17
5 6 25 19 16
5 7 68 61 48
5 8 76 64 54
5 9 73 63 55
5 10 75 60 52
5 11 36 32 27
5 12 113 95 83
5 13 20 17 14
5 14 71 62 50
5 15 82 67 54
5 16 99 79 69
5 17 106 87 73
5 18 61 49 40
5 19 119 107 90
5 20 9 7 5
5 21 61 50 41
5 22 75 58 50
5 23 94 82 66
5 24 99 76 60
5 25 86 66 56
5 26 74 65 54
5 27 66 56 45
5 28 80 65 52
5 29 20 16 14
5 30 60 50 39
5 31 32 25 20
5 32 118 98 82
5 33 84 66 54
5 34 125 111 97
5 35 102 84 67
5 36 116 90 77
5 37 71 58 45
5 38 97 76 58
5 39 47 40 32
5 40 73 59 53
5 41 108 92 73
5 42 117 96 80
5 43 86 69 60
5 44 117 99 81
5 45 70 57 50
5 46 152 122 104
5 47 114 96 84
5 48 19 16 14
5 49 75 66 54
5 50 52 43 38
5 51 65 54 47
5 52 9 8 7
5 53 97 75 62
5 54 121 100 78
5 55 9 8 6
5 56 89 76 65
5 57 88 78 60
5 58 154 128 99
5 59 77 66 55
5 60 55 48 37
5 61 51 42 34
5 62 53 46 40
5 63 174 138 106
5 64 95 74 59
5 65 105 84 75
5 66 65 56 44
5 67 103 79 66
5 68 94 75 64
5 69 100 81 71
5 70 70 58 50
5 71 77 60 51
5 72 111 92 73
5 73 47 39 31
5 74 119 103 81
5 75 72 59 48
5 76 91 82 69
5 77 25 20 17
5 78 49 39 34
5 79 108 83 69
5 80 20 16 12
5 81 111 100 85
5 82 84 67 55
5 83 62 54 42
5 84 125 96 84
5 85 40 33 26
5 86 33 29 23
5 87 134 108 89
5 88 41 36 29
5 89 92 75 66
5 90 85 75 58
5 91 42 37 33
5 92 164 139 110
5 93 84 64 53
5 94 105 91 74
5 95 37 33 26
5 96 66 53 45
5 97 44 39 34
5 98 102 87 72
5 99 127 113 87
6 7 59 50 39
6 8 68 57 45
6 9 61 52 42
6 10 62 52 45
6 11 22 18 14
6 12 96 81 70
6 13 5 4 3
6 14 63 52 42
6 15 68 58 47
6 16 68 61 55
6 17 83 72 61
6 18 56 48 39
6 19 115 94 75
6 20 23 18 14
6 21 41 34 28
6 22 46 41 35
6 23 76 63 50
6 24 72 56 50
6 25 73 59 48
6 26 70 62 52
6 27 54 47 36
6 28 76 58 49
6 29 17 14 12
6 30 42 36 30
6 31 16 13 10
6 32 92 77 69
6 33 73 58 52
6 34 135 105 82
6 35 75 60 54
6 36 87 72 62
6 37 61 52 44
6 38 69 56 49
6 39 29 22 19
6 40 74 57 51
6 41 80 71 62
6 42 102 84 67
6 43 77 64 51
6 44 90 80 65
6 45 61 50 40
6 46 128 116 89
6 47 101 81 72
6 48 19 16 12
6 49 59 48 38
6 50 34 28 23
6 51 45 40 32
6 52 17 13 11
6 53 67 56 48
6 54 86 73 63
6 55 24 19 15
6 56 87 72 55
6 57 60 51 44
6 58 107 93 83
6 59 71 58 47
6 60 29 25 21
6 61 28 24 21
6 62 43 37 30
6 63 144 118 92
6 64 73 61 52
6 65 83 66 59
6 66 44 37 29
6 67 74 64 51
6 68 66 57 49
6 69 77 63 55
6 70 71 57 46
6 71 54 43 38
6 72 84 71 59
6 73 35 29 24
6 74 90 76 66
6 75 63 50 40
6 76 80 70 54
6 77 8 6 4
6 78 51 39 31
6 79 76 60 53
6 80 9 8 6
6 81 113 87 71
6 82 63 49 42
6 83 57 48 37
6 84 90 78 69
6 85 27 22 17
6 86 21 17 14
6 87 111 96 74
6 88 31 24 21
6 89 70 59 50
6 90 65 56 43
6 91 49 38 34
6 92 128 111 96
6 93 77 67 52
6 94 95 81 63
6 95 38 33 28
6 96 56 46 38
6 97 27 22 18
6 98 85 67 57
6 99 121 96 74
7 8 103 92 72
7 9 81 71 61
7 10 16 12 10
7 11 76 59 46
7 12 50 44 36
7 13 54 48 40
7 14 110 95 74
7 15 118 91 78
7 16 103 80 70
7 17 118 95 81
7 18 38 29 25
7 19 72 61 51
7 20 68 55 44
7 21 22 19 16
7 22 37 33 27
7 23 80 68 53
7 24 102 87 76
7 25 103 88 78
7 26 126 106 87
7 27 6 5 4
7 28 129 102 85
7 29 76 60 50
7 30 14 12 10
7 31 69 54 47
7 32 53 45 37
7 33 134 105 87
7 34 120 102 86
7 35 30 27 23
7 36 103 86 71
7 37 39 32 26
7 38 18 14 11
7 39 30 23 20
7 40 125 98 87
7 41 124 98 86
7 42 45 40 34
7 43 21 16 13
7 44 85 66 52
7 45 5 4 3
7 46 125 111 94
7 47 133 111 88
7 48 56 44 35
7 49 68 55 42
7 50 71 58 45
7 51 70 54 48
7 52 60 53 47
7 53 91 78 61
7 54 59 53 43
7 55 74 59 51
7 56 23 19 17
7 57 74 64 49
7 58 122 97 78
7 59 17 13 10
7 60 45 40 32
7 61 29 24 21
7 62 90 78 60
7 63 87 77 63
7 64 125 105 82
7 65 76 61 50
7 66 27 21 18
7 67 53 41 32
7 68 72 62 53
7 69 61 47 41
7 70 28 23 19
7 71 90 72 59
7 72 47 40 34
7 73 31 24 19
7 74 71 63 54
7 75 14 11 8
7 76 55 46 37
7 77 55 46 35
7 78 30 26 22
7 79 86 70 59
7 80 60 46 39
7 81 62 52 42
7 82 19 15 12
7 83 105 87 71
7 84 70 58 48
7 85 76 66 52
7 86 39 33 26
7 87 76 68 53
7 88 29 24 20
7 89 58 50 40
7 90 46 40 34
7 91 44 36 29
7 92 129 113 102
7 93 131 101 88
7 94 121 99 83
7 95 44 35 30
7 96 110 89 70
7 97 49 41 37
7 98 54 48 40
7 99 62 53 42
8 9 25 20 17
8 10 119 99 81
8 11 49 40 31
8 12 120 107 91
8 13 66 56 46
8 14 13 11 9
8 15 14 12 10
8 16 33 29 25
8 17 33 27 21
8 18 116 93 81
8 19 114 102 83
8 20 80 69 55
8 21 85 75 57
8 22 67 58 50
8 23 67 53 41
8 24 11 9 7
8 25 13 10 8
8 26 38 29 26
8 27 118 91 71
8 28 38 31 25
8 29 63 54 41
8 30 88 78 67
8 31 52 41 36
8 32 124 99 88
8 33 40 31 26
8 34 88 71 56
8 35 108 97 76
8 36 50 42 36
8 37 126 102 86
8 38 133 106 83
8 39 88 71 55
8 40 40 33 28
8 41 31 24 19
8 42 119 101 86
8 43 119 103 84
8 44 91 82 64
8 45 107 89 72
8 46 84 69 60
8 47 53 41 34
8 48 88 72 56
8 49 64 50 39
8 50 41 32 28
8 51 43 33 26
8 52 72 61 48
8 53 37 30 26
8 54 101 80 70
8 55 76 60 49
8 56 119 102 87
8 57 60 48 37
8 58 96 79 67
8 59 120 97 81
8 60 58 50 41
8 61 87 68 52
8 62 22 19 15
8 63 146 117 102
8 64 18 14 11
8 65 83 66 57
8 66 79 67 55
8 67 91 76 62
8 68 61 48 39
8 69 88 78 60
8 70 136 105 86
8 71 24 19 15
8 72 103 93 73
8 73 103 84 66
8 74 90 77 63
8 75 107 95 77
8 76 87 75 62
8 77 79 62 48
8 78 112 89 74
8 79 54 44 37
8 80 72 56 49
8 81 136 108 86
8 82 99 78 69
8 83 25 20 18
8 84 101 90 75
8 85 45 35 29
8 86 81 69 56
8 87 115 98 77
8 88 95 80 62
8 89 79 61 54
8 90 66 57 51
8 91 109 97 77
8 92 100 78 64
8 93 41 35 28
8 94 36 28 22
8 95 107 87 71
8 96 17 14 12
8 97 61 47 36
8 98 81 71 64
8 99 131 104 90
9 10 91 80 70
9 11 41 36 28
9 12 117 98 75
9 13 73 57 44
9 14 36 28 24
9 15 37 32 27
9 16 22 17 15
9 17 31 26 21
9 18 108 94 74
9 19 89 79 66
9 20 82 64 54
9 21 64 56 46
9 22 52 42 36
9 23 36 28 24
9 24 27 21 18
9 25 40 31 25
9 26 56 50 42
9 27 85 69 60
9 28 52 46 41
9 29 68 53 42
9 30 93 73 57
9 31 57 44 36
9 32 110 90 72
9 33 56 50 42
9 34 58 50 44
9 35 83 73 61
9 36 39 32 24
9 37 126 98 78
9 38 105 82 71
9 39 70 60 46
9 40 64 50 44
9 41 43 34 26
9 42 102 83 70
9 43 93 81 72
9 44 70 56 47
9 45 88 68 60
9 46 73 56 50
9 47 46 36 31
9 48 87 67 53
9 49 35 28 23
9 50 30 23 19
9 51 20 15 13
9 52 66 59 48
9 53 16 13 10
9 54 70 60 53
9 55 66 57 51
9 56 120 92 74
9 57 32 25 20
9 58 83 66 52
9 59 95 82 69
9 60 42 34 30
9 61 60 48 42
9 62 28 23 19
9 63 127 103 85
9 64 36 31 27
9 65 58 50 40
9 66 70 54 43
9 67 72 55 46
9 68 35 27 22
9 69 66 52 43
9 70 108 94 76
9 71 9 7 5
9 72 84 68 57
9 73 95 75 58
9 74 67 59 46
9 75 103 84 67
9 76 67 60 46
9 77 65 50 44
9 78 99 79 67
9 79 31 26 21
9 80 68 56 47
9 81 109 90 69
9 82 83 71 56
9 83 47 38 30
9 84 94 73 58
9 85 46 35 31
9 86 70 60 49
9 87 81 72 60
9 88 82 64 55
9 89 59 46 37
9 90 45 40 35
9 91 101 84 71
9 92 82 70 56
9 93 67 55 44
9 94 34 27 23
9 95 91 74 66
9 96 33 29 25
9 97 40 33 27
9 98 69 58 47
9 99 121 96 74
10 11 69 62 54
10 12 60 50 38
10 13 60 52 46
10 14 116 102 82
10 15 127 102 86
10 16 115 93 79
10 17 149 118 91
10 18 34 27 22
10 19 82 66 56
10 20 74 60 48
10 21 38 30 25
10 22 54 43 37
10 23 90 81 62
10 24 128 98 85
10 25 124 98 87
10 26 130 116 95
10 27 15 13 10
10 28 139 119 93
10 29 93 72 56
10 30 23 19 16
10 31 78 62 54
10 32 50 44 39
10 33 137 107 95
10 34 127 109 94
10 35 42 34 28
10 36 123 95 80
10 37 30 25 21
10 38 10 8 6
10 39 41 32 28
10 40 142 111 95
10 41 143 121 95
10 42 50 44 37
10 43 14 11 8
10 44 79 69 59
10 45 18 14 12
10 46 141 116 103
10 47 144 119 97
10 48 56 47 39
10 49 75 59 51
10 50 85 70 54
10 51 85 66 57
10 52 69 60 52
10 53 109 86 70
10 54 69 61 50
10 55 83 73 56
10 56 23 17 14
10 57 92 73 58
10 58 122 96 86
10 59 6 5 4
10 60 67 52 41
10 61 40 33 29
10 62 103 88 68
10 63 96 76 65
10 64 140 107 90
10 65 95 74 58
10 66 39 34 27
10 67 61 50 40
10 68 91 75 62
10 69 65 57 49
10 70 18 15 11
10 71 100 77 68
10 72 61 49 40
10 73 30 26 22
10 74 92 72 61
10 75 8 6 5
10 76 68 53 45
10 77 56 47 41
10 78 29 25 22
10 79 97 82 68
10 80 63 55 45
10 81 62 53 45
10 82 30 26 20
10 83 120 94 79
10 84 76 66 54
10 85 88 78 60
10 86 41 37 32
10 87 91 71 59
10 88 34 29 25
10 89 69 61 48
10 90 60 48 43
10 91 38 31 27
10 92 154 126 111
10 93 145 121 95
10 94 132 107 92
10 95 44 39 31
10 96 106 90 78
10 97 65 56 46
10 98 70 60 48
10 99 68 58 45
11 12 94 84 73
11 13 22 19 16
11 14 47 39 30
11 15 53 41 34
11 16 69 55 42
11 17 63 54 47
11 18 72 62 51
11 19 99 86 73
11 20 38 30 26
11 21 48 40 32
11 22 49 40 33
11 23 57 51 41
11 24 55 46 36
11 25 53 41 35
11 26 63 53 42
11 27 59 49 44
11 28 56 47 39
11 29 21 17 15
11 30 57 45 39
11 31 12 10 8
11 32 108 90 71
11 33 55 47 42
11 34 94 79 71
11 35 96 74 57
11 36 71 62 50
11 37 75 65 56
11 38 83 67 57
11 39 36 30 27
11 40 61 49 41
11 41 72 61 48
11 42 99 85 69
11 43 88 71 59
11 44 80 66 59
11 45 64 56 46
11 46 113 89 77
11 47 78 68 58
11 48 38 31 26
11 49 44 37 31
11 50 17 14 12
11 51 32 26 21
11 52 30 24 21
11 53 55 42 36
11 54 88 78 60
11 55 36 30 24
11 56 90 70 62
11 57 57 45 35
11 58 118 91 74
11 59 83 67 55
11 60 31 24 19
11 61 40 34 26
11 62 23 19 16
11 63 130 111 91
11 64 64 50 39
11 65 80 66 53
11 66 46 40 32
11 67 70 62 49
11 68 62 50 39
11 69 68 59 51
11 70 84 70 57
11 71 34 30 24
11 72 91 76 59
11 73 54 43 36
11 74 88 74 60
11 75 70 58 50
11 76 66 57 51
11 77 26 23 18
11 78 64 50 44
11 79 62 51 43
11 80 30 24 19
11 81 106 84 72
11 82 67 52 47
11 83 38 31 26
11 84 97 77 66
11 85 13 10 8
11 86 40 31 26
11 87 101 88 70
11 88 55 42 33
11 89 60 52 45
11 90 66 51 39
11 91 67 53 47
11 92 126 109 84
11 93 62 53 42
11 94 75 62 49
11 95 56 49 41
11 96 39 31 25
11 97 16 14 12
11 98 71 61 54
11 99 123 98 75
12 13 117 93 72
12 14 128 108 95
12 15 163 128 99
12 16 129 102 78
12 17 145 115 92
12 18 91 76 59
12 19 33 28 25
12 20 101 87 78
12 21 62 53 43
12 22 55 49 42
12 23 80 66 56
12 24 146 113 92
12 25 127 110 98
12 26 160 124 111
12 27 62 50 40
12 28 152 138 109
12 29 122 104 81
12 30 68 57 46
12 31 111 95 76
12 32 6 5 4
12 33 166 139 111
12 34 107 91 80
12 35 25 21 17
12 36 116 91 74
12 37 91 72 58
12 38 49 38 32
12 39 81 67 52
12 40 139 124 112
12 41 158 124 99
12 42 9 7 5
12 43 42 37 30
12 44 64 49 40
12 45 48 39 34
12 46 138 112 88
12 47 126 109 93
12 48 112 87 69
12 49 80 67 52
12 50 107 84 67
12 51 97 77 65
12 52 109 95 80
12 53 99 79 71
12 54 40 36 28
12 55 110 94 84
12 56 37 29 25
12 57 80 65 57
12 58 93 79 65
12 59 53 44 34
12 60 83 67 55
12 61 69 60 50
12 62 133 106 82
12 63 44 36 29
12 64 144 124 101
12 65 59 48 43
12 66 61 54 42
12 67 45 38 29
12 68 95 75 57
12 69 47 41 35
12 70 81 62 48
12 71 117 96 76
12 72 32 25 20
12 73 89 70 55
12 74 63 49 42
12 75 65 53 41
12 76 40 35 31
12 77 100 84 68
12 78 93 75 58
12 79 90 79 63
12 80 109 87 72
12 81 21 16 12
12 82 40 33 28
12 83 140 125 96
12 84 37 32 28
12 85 117 100 80
12 86 95 75 60
12 87 46 41 32
12 88 87 69 55
12 89 63 49 39
12 90 63 51 40
12 91 100 82 64
12 92 125 108 96
12 93 170 145 112
12 94 143 112 93
12 95 104 82 66
12 96 135 112 93
12 97 79 69 61
12 98 45 37 32
12 99 13 11 9
13 14 61 54 44
13 15 64 57 48
13 16 80 70 58
13 17 97 82 63
13 18 59 49 38
13 19 116 91 78
13 20 16 13 11
13 21 49 37 30
13 22 52 46 37
13 23 83 64 53
13 24 79 67 52
13 25 66 57 50
13 26 75 66 52
13 27 56 48 37
13 28 77 62 50
13 29 16 13 11
13 30 44 38 31
13 31 18 14 11
13 32 108 93 72
13 33 73 60 52
13 34 125 104 85
13 35 83 72 56
13 36 95 79 65
13 37 60 50 43
13 38 71 60 50
13 39 36 27 21
13 40 76 66 51
13 41 99 76 64
13 42 88 78 69
13 43 75 58 52
13 44 98 82 68
13 45 59 46 41
13 46 149 120 92
13 47 116 95 74
13 48 14 12 10
13 49 55 48 41
13 50 35 31 26
13 51 49 38 34
13 52 16 12 9
13 53 71 59 50
13 54 101 80 66
13 55 20 16 13
13 56 87 68 56
13 57 61 55 47
13 58 131 102 86
13 59 68 55 48
13 60 33 28 24
13 61 33 29 23
13 62 46 37 31
13 63 139 111 94
13 64 79 68 53
13 65 98 78 62
13 66 49 40 32
13 67 82 65 53
13 68 76 65 52
13 69 90 72 58
13 70 71 55 46
13 71 57 47 40
13 72 92 75 61
13 73 36 29 25
13 74 93 77 68
13 75 61 49 41
13 76 95 73 57
13 77 8 6 5
13 78 46 38 31
13 79 81 63 56
13 80 5 4 3
13 81 99 86 74
13 82 60 51 44
13 83 54 46 38
13 84 115 89 71
13 85 29 24 18
13 86 24 19 15
13 87 113 95 76
13 88 33 26 22
13 89 78 66 53
13 90 64 57 46
13 91 54 42 33
13 92 145 129 99
13 93 82 65 52
13 94 91 74 65
13 95 35 30 26
13 96 51 44 39
13 97 33 27 21
13 98 99 76 60
13 99 110 86 76
14 15 9 7 5
14 16 46 40 34
14 17 42 35 29
14 18 115 93 80
14 19 127 110 89
14 20 70 58 51
14 21 92 74 59
14 22 86 67 54
14 23 73 61 48
14 24 23 18 14
14 25 11 9 7
14 26 28 22 18
14 27 106 91 72
14 28 24 21 17
14 29 55 46 37
14 30 107 84 67
14 31 48 37 33
14 32 138 106 93
14 33 28 24 18
14 34 85 75 64
14 35 129 103 80
14 36 72 57 44
14 37 126 100 85
14 38 117 100 85
14 39 82 66 55
14 40 30 24 20
14 41 40 31 25
14 42 130 109 91
14 43 126 105 86
14 44 100 89 71
14 45 95 85 74
14 46 103 81 68
14 47 64 52 42
14 48 89 70 54
14 49 61 53 45
14 50 43 37 30
14 51 43 38 31
14 52 65 52 44
14 53 43 38 33
14 54 109 95 76
14 55 71 58 45
14 56 138 114 89
14 57 60 52 43
14 58 109 84 75
14 59 107 95 83
14 60 68 56 43
14 61 84 65 53
14 62 22 19 15
14 63 154 125 108
14 64 15 13 10
14 65 89 74 64
14 66 82 65 58
14 67 94 83 67
14 68 68 55 45
14 69 88 74 66
14 70 130 109 86
14 71 31 27 21
14 72 126 102 78
14 73 88 79 65
14 74 91 82 70
14 75 106 93 78
14 76 92 79 68
14 77 61 52 46
14 78 100 88 73
14 79 71 55 45
14 80 75 58 46
14 81 127 103 91
14 82 107 83 72
14 83 15 12 10
14 84 115 102 81
14 85 38 30 26
14 86 84 70 55
14 87 103 93 84
14 88 98 79 62
14 89 88 71 60
14 90 79 71 56
14 91 124 95 76
14 92 118 92 72
14 93 30 24 20
14 94 43 34 30
14 95 102 86 69
14 96 7 6 5
14 97 57 44 37
14 98 106 83 69
14 99 126 109 95
15 16 48 41 35
15 17 40 34 27
15 18 122 98 84
15 19 141 110 92
15 20 88 69 55
15 21 89 75 63
15 22 91 70 58
15 23 79 65 50
15 24 19 17 14
15 25 8 6 4
15 26 22 19 16
15 27 113 91 76
15 28 22 19 16
15 29 60 50 41
15 30 88 79 71
15 31 55 44 37
15 32 125 113 96
15 33 22 19 16
15 34 93 81 64
15 35 126 108 83
15 36 58 52 45
15 37 130 108 90
15 38 139 112 89
15 39 82 73 60
15 40 28 24 18
15 41 31 27 23
15 42 142 115 94
15 43 121 105 90
15 44 99 81 73
15 45 110 97 78
15 46 99 79 68
15 47 58 51 41
15 48 95 76 58
15 49 70 60 48
15 50 53 44 34
15 51 55 42 34
15 52 70 61 48
15 53 46 40 35
15 54 114 89 79
15 55 71 59 48
15 56 132 110 93
15 57 69 55 46
15 58 115 90 76
15 59 142 111 87
15 60 67 59 47
15 61 87 68 57
15 62 28 23 19
15 63 161 127 111
15 64 10 8 6
15 65 94 84 66
15 66 82 69 62
15 67 96 85 71
15 68 72 57 48
15 69 115 89 69
15 70 128 114 90
15 71 35 29 24
15 72 114 90 81
15 73 101 80 69
15 74 103 89 72
15 75 115 96 82
15 76 90 81 71
15 77 69 60 50
15 78 112 89 77
15 79 70 59 47
15 80 72 57 51
15 81 123 109 94
15 82 123 96 76
15 83 19 15 13
15 84 131 108 84
15 85 41 36 30
15 86 85 66 59
15 87 124 109 86
15 88 94 82 66
15 89 93 79 63
15 90 91 75 60
15 91 110 90 80
15 92 98 88 71
15 93 24 20 18
15 94 48 37 29
15 95 114 89 74
15 96 16 13 10
15 97 63 49 41
15 98 105 87 72
15 99 141 124 99
16 17 22 18 15
16 18 131 105 86
16 19 89 74 64
16 20 92 82 68
16 21 92 71 56
16 22 63 53 43
16 23 33 27 23
16 24 31 26 22
16 25 50 42 32
16 26 72 58 50
16 27 92 78 70
16 28 78 61 50
16 29 73 65 56
16 30 98 88 68
16 31 73 60 50
16 32 115 98 75
16 33 68 58 50
16 34 42 37 31
16 35 103 85 66
16 36 17 14 11
16 37 143 111 90
16 38 118 91 79
16 39 85 68 58
16 40 80 67 52
16 41 36 30 23
16 42 112 87 73
16 43 109 98 80
16 44 61 50 44
16 45 89 80 68
16 46 54 46 36
16 47 29 24 18
16 48 91 76 66
16 49 48 37 29
16 50 48 41 33
16 51 36 31 25
16 52 81 73 62
16 53 13 10 9
16 54 77 67 53
16 55 89 80 65
16 56 126 103 81
16 57 35 29 23
16 58 64 50 42
16 59 102 91 78
16 60 61 47 41
16 61 71 63 54
16 62 44 39 32
16 63 125 99 83
16 64 46 38 33
16 65 63 49 38
16 66 75 67 52
16 67 78 64 49
16 68 32 24 21
16 69 65 50 44
16 70 109 97 87
16 71 29 23 19
16 72 91 72 59
16 73 99 79 70
16 74 66 51 43
16 75 118 95 77
16 76 71 55 48
16 77 77 67 57
16 78 119 94 79
16 79 24 20 17
16 80 87 75 61
16 81 95 80 71
16 82 98 79 63
16 83 60 48 42
16 84 91 73 57
16 85 58 52 45
16 86 101 81 62
16 87 84 67 58
16 88 101 82 67
16 89 57 46 39
16 90 57 48 40
16 91 123 98 84
16 92 63 54 42
16 93 67 58 52
16 94 25 21 16
16 95 112 88 79
16 96 48 43 36
16 97 59 49 39
16 98 78 61 48
16 99 124 97 76
17 18 142 112 95
17 19 117 95 79
17 20 103 84 73
17 21 96 75 67
17 22 78 64 56
17 23 60 47 37
17 24 24 20 15
17 25 36 27 24
17 26 63 49 42
17 27 115 96 81
17 28 62 51 42
17 29 92 75 59
17 30 108 89 78
17 31 77 60 53
17 32 120 102 89
17 33 61 52 42
17 34 63 50 39
17 35 111 93 79
17 36 35 29 23
17 37 143 122 99
17 38 136 111 91
17 39 101 86 67
17 40 64 56 44
17 41 13 11 9
17 42 126 112 87
17 43 128 107 92
17 44 92 74 59
17 45 107 90 80
17 46 59 52 41
17 47 21 16 14
17 48 90 80 72
17 49 61 48 42
17 50 56 47 40
17 51 54 42 34
17 52 85 74 66
17 53 32 26 22
17 54 91 76 67
17 55 93 83 68
17 56 122 109 93
17 57 52 47 36
17 58 76 62 54
17 59 127 104 90
17 60 78 60 51
17 61 91 77 63
17 62 46 38 33
17 63 153 123 98
17 64 37 30 24
17 65 80 67 52
17 66 101 78 64
17 67 96 80 63
17 68 57 45 35
17 69 81 68 58
17 70 144 122 97
17 71 36 29 24
17 72 95 82 73
17 73 119 103 79
17 74 80 72 57
17 75 124 103 88
17 76 95 73 62
17 77 97 83 64
17 78 128 99 87
17 79 49 40 31
17 80 82 74 66
17 81 132 106 85
17 82 105 90 75
17 83 52 44 38
17 84 104 85 71
17 85 66 56 47
17 86 100 81 70
17 87 106 93 72
17 88 119 96 76
17 89 69 61 53
17 90 77 68 53
17 91 117 104 92
17 92 68 57 45
17 93 57 49 44
17 94 4 3 2
17 95 126 99 87
17 96 47 40 32
17 97 65 56 48
17 98 85 69 62
17 99 129 104 90
18 19 113 97 76
18 20 49 41 35
18 21 45 40 33
18 22 67 57 48
18 23 103 81 72
18 24 129 107 86
18 25 120 96 86
18 26 136 106 90
18 27 33 28 22
18 28 133 109 87
18 29 72 57 48
18 30 29 25 21
18 31 67 54 48
18 32 80 70 60
18 33 126 100 90
18 34 157 123 106
18 35 79 62 48
18 36 135 104 90
18 37 11 8 6
18 38 41 35 27
18 39 45 35 29
18 40 117 104 89
18 41 133 109 98
18 42 87 67 57
18 43 38 32 29
18 44 115 94 75
18 45 45 36 28
18 46 189 146 114
18 47 163 133 104
18 48 43 35 29
18 49 80 69 60
18 50 81 68 56
18 51 83 74 62
18 52 65 55 42
18 53 109 93 77
18 54 105 83 68
18 55 70 57 44
18 56 54 46 35
18 57 95 81 67
18 58 148 131 101
18 59 37 29 25
18 60 58 52 45
18 61 47 39 33
18 62 92 80 67
18 63 117 101 86
18 64 123 102 89
18 65 96 84 73
18 66 62 48 37
18 67 80 66 56
18 68 90 81 72
18 69 102 79 65
18 70 18 15 13
18 71 100 90 71
18 72 83 72 59
18 73 27 21 16
18 74 125 99 77
18 75 28 22 19
18 76 86 74 61
18 77 48 40 35
18 78 12 10 8
18 79 116 101 78
18 80 52 46 36
18 81 98 82 66
18 82 53 44 37
18 83 98 85 75
18 84 98 86 72
18 85 87 70 55
18 86 40 32 26
18 87 99 89 78
18 88 30 23 20
18 89 99 76 63
18 90 78 66 56
18 91 13 10 8
18 92 174 145 122
18 93 121 105 89
18 94 161 125 97
18 95 20 17 14
18 96 116 97 76
18 97 72 60 48
18 98 90 72 64
18 99 96 74 66
19 20 115 98 86
19 21 65 56 50
19 22 58 51 41
19 23 55 49 43
19 24 111 92 83
19 25 131 104 90
19 26 158 131 106
19 27 91 70 54
19 28 154 122 105
19 29 121 106 85
19 30 81 73 58
19 31 126 98 79
19 32 35 28 22
19 33 155 131 106
19 34 79 67 59
19 35 43 34 29
19 36 98 75 58
19 37 114 89 76
19 38 73 66 51
19 39 82 73 60
19 40 143 120 107
19 41 123 108 87
19 42 33 27 23
19 43 69 61 50
19 44 27 24 21
19 45 73 56 48
19 46 96 76 66
19 47 121 95 77
19 48 111 99 78
19 49 68 53 45
19 50 101 79 64
19 51 84 66 59
19 52 129 102 86
19 53 85 72 59
19 54 19 17 14
19 55 148 116 90
19 56 72 58 47
19 57 69 58 46
19 58 61 49 42
19 59 88 69 53
19 60 81 71 56
19 61 77 66 56
19 62 122 95 78
19 63 31 25 20
19 64 127 111 93
19 65 42 32 27
19 66 76 61 47
19 67 36 31 25
19 68 56 50 45
19 69 30 26 23
19 70 106 87 67
19 71 88 78 68
19 72 23 20 18
19 73 89 76 67
19 74 31 27 23
19 75 82 72 58
19 76 32 25 22
19 77 106 86 74
19 78 106 85 73
19 79 62 53 48
19 80 118 101 79
19 81 21 18 14
19 82 54 45 40
19 83 122 110 92
19 84 12 10 8
19 85 118 94 80
19 86 106 89 69
19 87 13 10 8
19 88 102 84 67
19 89 44 37 30
19 90 54 44 35
19 91 118 101 79
19 92 106 83 74
19 93 167 132 108
19 94 126 100 80
19 95 120 94 80
19 96 127 107 87
19 97 79 70 61
19 98 27 23 20
19 99 26 21 18
20 21 59 48 37
20 22 64 58 47
20 23 97 80 64
20 24 91 77 61
20 25 86 71 57
20 26 86 72 57
20 27 67 52 41
20 28 80 66 54
20 29 23 19 15
20 30 57 44 34
20 31 30 24 20
20 32 113 88 78
20 33 78 70 57
20 34 134 105 95
20 35 98 80 63
20 36 103 89 75
20 37 65 50 41
20 38 73 65 53
20 39 35 31 27
20 40 92 72 56
20 41 112 94 73
20 42 98 88 75
20 43 75 64 55
20 44 107 91 77
20 45 74 58 46
20 46 152 120 102
20 47 114 98 84
20 48 15 13 10
20 49 76 58 52
20 50 51 43 36
20 51 73 57 45
20 52 13 10 8
20 53 89 69 61
20 54 105 89 75
20 55 12 10 9
20 56 80 71 60
20 57 93 71 57
20 58 142 113 97
20 59 78 63 51
20 60 52 43 34
20 61 44 38 30
20 62 61 50 40
20 63 135 117 102
20 64 97 79 61
20 65 105 87 72
20 66 63 51 40
20 67 92 71 62
20 68 100 79 62
20 69 104 84 67
20 70 70 54 46
20 71 72 63 50
20 72 105 88 69
20 73 38 29 26
20 74 107 90 78
20 75 60 49 43
20 76 102 80 66
20 77 25 19 14
20 78 43 36 29
20 79 100 87 67
20 80 14 11 9
20 81 117 96 81
20 82 67 58 51
20 83 59 49 44
20 84 117 92 80
20 85 35 30 26
20 86 28 24 19
20 87 131 108 85
20 88 35 28 24
20 89 95 81 62
20 90 82 67 55
20 91 50 38 29
20 92 144 122 109
20 93 85 71 56
20 94 108 89 74
20 95 28 25 22
20 96 70 59 46
20 97 48 39 32
20 98 112 87 69
20 99 115 93 83
21 22 21 17 15
21 23 61 51 40
21 24 92 72 61
21 25 103 80 64
21 26 104 89 73
21 27 23 19 15
21 28 89 79 71
21 29 63 51 39
21 30 19 15 13
21 31 49 44 35
21 32 63 55 42
21 33 110 88 73
21 34 105 89 74
21 35 41 33 27
21 36 96 75 58
21 37 60 47 36
21 38 38 32 26
21 39 17 13 10
21 40 107 85 73
21 41 94 84 71
21 42 61 47 39
21 43 43 34 28
21 44 74 58 45
21 45 24 18 15
21 46 111 92 82
21 47 97 82 73
21 48 48 38 29
21 49 45 37 28
21 50 42 37 30
21 51 52 40 33
21 52 58 45 38
21 53 70 55 47
21 54 59 45 39
21 55 54 48 42
21 56 47 37 30
21 57 54 45 36
21 58 99 86 69
21 59 35 30 25
21 60 23 20 17
21 61 13 10 8
21 62 65 55 45
21 63 95 81 66
21 64 94 85 67
21 65 67 52 41
21 66 7 5 4
21 67 41 36 27
21 68 55 45 40
21 69 52 43 34
21 70 47 39 32
21 71 68 53 44
21 72 46 37 33
21 73 28 22 19
21 74 69 54 46
21 75 32 26 22
21 76 50 38 31
21 77 37 30 25
21 78 38 33 27
21 79 71 60 46
21 80 39 34 30
21 81 72 56 45
21 82 25 19 15
21 83 85 66 57
21 84 66 57 45
21 85 53 44 39
21 86 28 23 19
21 87 73 63 50
21 88 24 20 17
21 89 43 36 31
21 90 35 30 24
21 91 48 38 33
21 92 129 101 90
21 93 105 91 74
21 94 96 75 68
21 95 46 36 32
21 96 83 67 55
21 97 34 27 23
21 98 49 40 34
21 99 75 61 47
22 23 35 30 26
22 24 80 63 53
22 25 88 74 58
22 26 101 86 70
22 27 40 34 28
22 28 104 88 68
22 29 64 52 44
22 30 38 33 28
22 31 59 46 38
22 32 55 47 40
22 33 101 82 70
22 34 84 69 59
22 35 36 32 26
22 36 66 52 44
22 37 74 59 51
22 38 50 41 36
22 39 34 27 22
22 40 89 79 71
22 41 95 74 62
22 42 58 45 37
22 43 59 45 37
22 44 46 36 32
22 45 35 30 26
22 46 96 81 67
22 47 103 80 61
22 48 57 49 39
22 49 22 18 15
22 50 36 31 26
22 51 33 28 24
22 52 60 53 45
22 53 53 41 35
22 54 46 37 29
22 55 83 64 49
22 56 48 43 38
22 57 32 26 22
22 58 79 71 54
22 59 56 44 35
22 60 23 18 15
22 61 26 23 18
22 62 61 51 41
22 63 85 75 59
22 64 84 76 61
22 65 36 30 27
22 66 16 13 11
22 67 26 20 17
22 68 38 31 26
22 69 32 25 21
22 70 66 51 45
22 71 53 41 36
22 72 38 31 26
22 73 51 40 34
22 74 48 38 33
22 75 57 44 35
22 76 33 26 20
22 77 50 39 34
22 78 61 48 42
22 79 48 42 32
22 80 56 44 39
22 81 57 46 39
22 82 34 26 20
22 83 85 67 55
22 84 57 45 35
22 85 61 47 40
22 86 48 37 31
22 87 56 46 39
22 88 40 35 31
22 89 27 22 17
22 90 16 13 10
22 91 73 60 48
22 92 101 86 76
22 93 100 88 71
22 94 83 74 57
22 95 72 56 46
22 96 73 64 51
22 97 30 24 21
22 98 32 28 23
22 99 61 49 43
23 24 53 45 40
23 25 72 62 48
23 26 92 83 65
23 27 68 61 53
23 28 98 80 64
23 29 90 71 56
23 30 75 66 53
23 31 66 59 49
23 32 79 67 53
23 33 100 78 65
23 34 55 45 34
23 35 67 52 44
23 36 30 26 20
23 37 118 91 76
23 38 103 80 61
23 39 62 54 45
23 40 99 86 67
23 41 65 55 45
23 42 77 65 51
23 43 92 72 61
23 44 39 30 24
23 45 66 58 51
23 46 63 52 42
23 47 59 49 38
23 48 79 66 59
23 49 19 15 13
23 50 49 38 30
23 51 31 25 22
23 52 90 69 60
23 53 24 19 16
23 54 45 39 31
23 55 88 78 64
23 56 79 68 61
23 57 10 8 7
23 58 56 43 34
23 59 84 70 60
23 60 46 39 31
23 61 57 48 41
23 62 59 50 39
23 63 89 78 62
23 64 69 59 50
23 65 23 20 17
23 66 55 43 36
23 67 46 35 28
23 68 5 4 3
23 69 32 26 22
23 70 100 79 70
23 71 36 32 27
23 72 54 45 37
23 73 78 67 58
23 74 38 29 23
23 75 86 74 60
23 76 34 29 26
23 77 70 59 51
23 78 92 79 66
23 79 11 8 7
23 80 91 73 56
23 81 77 63 49
23 82 66 55 44
23 83 84 66 53
23 84 56 44 35
23 85 67 57 46
23 86 85 66 52
23 87 49 43 37
23 88 71 61 55
23 89 23 20 17
23 90 26 22 19
23 91 106 82 72
23 92 62 56 50
23 93 103 87 67
23 94 56 48 38
23 95 86 77 69
23 96 68 61 47
23 97 45 39 32
23 98 38 32 26
23 99 79 69 54
24 25 19 14 11
24 26 46 35 29
24 27 108 84 75
24 28 46 35 29
24 29 68 59 47
24 30 103 90 71
24 31 64 51 42
24 32 115 103 90
24 33 43 37 29
24 34 77 64 51
24 35 114 89 78
24 36 45 39 33
24 37 152 117 91
24 38 131 101 86
24 39 85 67 59
24 40 44 38 31
24 41 19 16 13
24 42 130 109 88
24 43 130 105 88
24 44 83 74 63
24 45 115 90 75
24 46 74 64 55
24 47 41 36 28
24 48 95 81 62
24 49 59 47 41
24 50 49 41 32
24 51 39 34 29
24 52 75 60 54
24 53 35 30 24
24 54 106 84 70
24 55 86 69 55
24 56 134 116 90
24 57 59 48 37
24 58 93 75 64
24 59 118 99 85
24 60 72 57 45
24 61 88 69 56
24 62 32 27 21
24 63 147 114 102
24 64 16 13 11
24 65 77 63 56
24 66 84 75 59
24 67 91 77 64
24 68 61 47 38
24 69 84 75 60
24 70 127 106 90
24 71 26 20 17
24 72 102 87 74
24 73 100 82 71
24 74 89 79 62
24 75 115 99 82
24 76 84 71 63
24 77 81 66 53
24 78 128 103 79
24 79 59 47 36
24 80 89 69 55
24 81 139 111 87
24 82 98 84 72
24 83 35 31 24
24 84 113 89 75
24 85 50 41 35
24 86 89 72 61
24 87 109 98 77
24 88 102 80 67
24 89 86 66 55
24 90 75 62 53
24 91 121 95 83
24 92 90 71 59
24 93 45 39 31
24 94 24 21 16
24 95 125 99 77
24 96 26 21 18
24 97 57 47 40
24 98 99 83 64
24 99 124 111 91
25 26 27 22 19
25 27 119 92 77
25 28 31 24 19
25 29 69 53 43
25 30 93 84 72
25 31 61 49 39
25 32 126 110 96
25 33 30 23 19
25 34 91 76 61
25 35 119 101 83
25 36 57 50 42
25 37 125 113 91
25 38 121 108 89
25 39 86 68 60
25 40 33 27 21
25 41 32 25 19
25 42 139 113 93
25 43 114 101 91
25 44 106 90 72
25 45 117 101 78
25 46 87 76 65
25 47 59 48 37
25 48 78 70 60
25 49 64 58 47
25 50 50 44 34
25 51 55 43 34
25 52 71 58 50
25 53 49 41 33
25 54 118 92 77
25 55 72 59 51
25 56 126 103 93
25 57 68 57 44
25 58 109 93 74
25 59 123 104 88
25 60 70 60 47
25 61 79 65 58
25 62 31 25 20
25 63 154 132 110
25 64 6 5 4
25 65 85 74 64
25 66 79 69 62
25 67 103 87 70
25 68 64 55 46
25 69 98 79 68
25 70 134 118 91
25 71 38 29 23
25 72 125 97 80
25 73 102 81 71
25 74 91 79 70
25 75 103 93 83
25 76 103 88 70
25 77 77 61 52
25 78 115 90 78
25 79 68 52 45
25 80 81 67 52
25 81 153 120 93
25 82 115 99 76
25 83 23 19 16
25 84 119 98 82
25 85 48 41 32
25 86 85 73 60
25 87 114 102 85
25 88 100 81 67
25 89 97 76 62
25 90 84 72 59
25 91 124 105 81
25 92 94 78 68
25 93 32 27 21
25 94 33 29 25
25 95 107 91 75
25 96 19 16 12
25 97 59 52 42
25 98 91 81 71
25 99 151 121 98
26 27 128 101 85
26 28 6 4 3
26 29 64 53 43
26 30 120 95 80
26 31 57 49 42
26 32 183 142 109
26 33 3 2 1
26 34 112 89 80
26 35 136 117 96
26 36 88 71 61
26 37 153 122 95
26 38 133 109 98
26 39 92 80 68
26 40 5 4 3
26 41 50 42 36
26 42 166 129 107
26 43 141 116 100
26 44 137 109 88
26 45 129 112 88
26 46 119 106 83
26 47 83 66 55
26 48 94 80 62
26 49 96 77 62
26 50 63 50 45
26 51 69 61 48
26 52 71 59 50
26 53 86 66 51
26 54 125 106 93
26 55 63 56 49
26 56 152 118 103
26 57 91 79 61
26 58 139 113 92
26 59 146 115 96
26 60 76 65 58
26 61 98 76 67
26 62 46 38 30
26 63 178 140 125
26 64 31 24 19
26 65 130 105 81
26 66 111 88 73
26 67 121 95 84
26 68 88 74 63
26 69 117 106 83
26 70 144 114 97
26 71 61 47 39
26 72 137 119 95
26 73 108 92 76
26 74 135 108 87
26 75 123 110 91
26 76 124 109 85
26 77 88 69 56
26 78 110 99 83
26 79 87 77 63
26 80 72 63 55
26 81 150 123 108
26 82 130 109 87
26 83 25 22 17
26 84 134 115 98
26 85 55 44 36
26 86 91 76 65
26 87 140 119 101
26 88 103 82 73
26 89 102 86 77
26 90 100 84 73
26 91 133 105 84
26 92 135 110 86
26 93 5 4 3
26 94 63 49 43
26 95 109 92 78
26 96 27 23 19
26 97 70 60 52
26 98 124 104 87
26 99 141 125 112
27 28 110 92 83
27 29 75 58 47
27 30 11 9 7
27 31 69 57 45
27 32 56 49 40
27 33 133 106 85
27 34 125 101 87
27 35 35 31 27
27 36 102 84 72
27 37 34 29 24
27 38 24 19 14
27 39 24 21 18
27 40 137 106 85
27 41 133 107 86
27 42 62 50 38
27 43 21 17 15
27 44 78 64 54
27 45 10 8 7
27 46 137 118 95
27 47 127 108 88
27 48 48 40 32
27 49 66 55 42
27 50 55 49 44
27 51 68 60 48
27 52 68 56 44
27 53 86 72 61
27 54 72 59 46
27 55 69 57 48
27 56 30 25 20
27 57 73 61 49
27 58 105 93 80
27 59 18 15 12
27 60 41 36 31
27 61 30 23 19
27 62 81 70 58
27 63 95 79 66
27 64 114 90 81
27 65 82 63 52
27 66 27 23 18
27 67 52 46 35
27 68 69 61 53
27 69 56 49 43
27 70 25 22 17
27 71 81 71 59
27 72 50 44 37
27 73 22 19 16
27 74 91 70 56
27 75 10 8 7
27 76 63 48 39
27 77 45 36 32
27 78 28 23 19
27 79 93 75 60
27 80 55 43 36
27 81 64 55 45
27 82 21 18 15
27 83 112 88 69
27 84 71 58 51
27 85 63 56 50
27 86 36 29 23
27 87 80 67 56
27 88 25 21 17
27 89 64 49 42
27 90 50 41 36
27 91 35 29 25
27 92 130 115 103
27 93 116 104 85
27 94 122 99 83
27 95 37 33 27
27 96 95 81 68
27 97 59 46 36
27 98 67 53 43
27 99 72 55 46
28 29 64 50 40
28 30 110 88 77
28 31 62 50 40
28 32 157 137 107
28 33 5 4 3
28 34 118 91 79
28 35 145 121 94
28 36 93 76 60
28 37 146 120 93
28 38 143 110 96
28 39 85 75 65
28 40 5 4 3
28 41 53 46 36
28 42 171 135 105
28 43 133 120 97
28 44 130 110 87
28 45 112 96 85
28 46 126 108 83
28 47 85 66 55
28 48 87 74 59
28 49 86 71 60
28 50 65 52 43
28 51 65 57 46
28 52 76 60 47
28 53 69 61 50
28 54 140 110 92
28 55 63 54 46
28 56 158 126 101
28 57 89 75 59
28 58 132 115 92
28 59 130 105 94
28 60 83 65 56
28 61 88 75 64
28 62 40 36 28
28 63 188 161 124
28 64 26 22 19
28 65 104 90 80
28 66 104 85 70
28 67 123 94 82
28 68 79 70 62
28 69 105 95 82
28 70 138 122 95
28 71 52 42 38
28 72 123 109 93
28 73 101 88 73
28 74 116 96 86
28 75 120 102 88
28 76 130 100 83
28 77 79 65 53
28 78 111 93 80
28 79 92 72 62
28 80 85 67 52
28 81 157 126 106
28 82 125 99 85
28 83 22 19 14
28 84 142 109 97
28 85 52 41 33
28 86 101 80 63
28 87 130 113 100
28 88 106 83 70
28 89 109 95 76
28 90 103 81 71
28 91 116 105 82
28 92 114 101 86
28 93 5 4 3
28 94 58 51 43
28 95 109 84 75
28 96 27 21 18
28 97 73 62 49
28 98 118 100 85
28 99 156 128 110
29 30 58 47 41
29 31 12 10 8
29 32 121 104 80
29 33 66 53 43
29 34 131 107 85
29 35 93 78 65
29 36 92 82 65
29 37 83 65 53
29 38 87 72 60
29 39 50 39 31
29 40 60 49 42
29 41 92 75 59
29 42 117 90 78
29 43 90 73 62
29 44 102 82 73
29 45 80 62 51
29 46 118 106 92
29 47 99 83 71
29 48 30 25 20
29 49 73 57 45
29 50 39 30 27
29 51 45 39 35
29 52 12 9 8
29 53 75 65 50
29 54 114 88 72
29 55 14 12 9
29 56 103 80 67
29 57 76 63 49
29 58 122 109 89
29 59 88 69 58
29 60 39 34 30
29 61 44 39 32
29 62 39 31 27
29 63 140 116 102
29 64 73 60 46
29 65 93 83 67
29 66 60 49 40
29 67 87 72 60
29 68 75 61 54
29 69 94 75 64
29 70 84 65 56
29 71 59 46 38
29 72 98 84 69
29 73 49 42 35
29 74 105 89 73
29 75 78 60 52
29 76 99 82 63
29 77 25 19 15
29 78 61 51 41
29 79 89 70 58
29 80 17 14 12
29 81 112 92 82
29 82 72 60 54
29 83 39 33 29
29 84 117 102 78
29 85 21 16 13
29 86 34 29 25
29 87 122 99 83
29 88 43 37 32
29 89 75 65 58
29 90 76 62 52
29 91 60 49 42
29 92 144 124 98
29 93 67 53 42
29 94 99 79 61
29 95 53 43 35
29 96 49 38 32
29 97 34 29 25
29 98 91 75 66
29 99 134 109 85
30 31 57 44 39
30 32 60 52 46
30 33 107 96 80
30 34 135 109 86
30 35 51 41 31
30 36 97 84 70
30 37 35 28 24
30 38 30 26 20
30 39 19 15 12
30 40 114 91 79
30 41 112 95 82
30 42 65 50 43
30 43 30 25 22
30 44 83 69 56
30 45 17 14 12
30 46 137 113 94
30 47 116 102 85
30 48 37 31 25
30 49 60 51 40
30 50 59 51 40
30 51 72 55 44
30 52 57 45 38
30 53 80 72 59
30 54 71 60 49
30 55 58 46 41
30 56 43 33 26
30 57 65 55 48
30 58 116 99 81
30 59 25 21 18
30 60 40 33 27
30 61 22 18 15
30 62 80 64 53
30 63 99 82 71
30 64 122 97 76
30 65 87 67 53
30 66 27 21 17
30 67 56 47 37
30 68 80 66 52
30 69 63 55 45
30 70 30 25 20
30 71 80 66 55
30 72 68 52 41
30 73 17 13 10
30 74 83 68 58
30 75 18 15 12
30 76 63 54 42
30 77 42 32 26
30 78 22 18 15
30 79 97 75 58
30 80 45 36 30
30 81 69 61 50
30 82 32 25 19
30 83 95 83 64
30 84 84 66 54
30 85 74 58 45
30 86 24 19 17
30 87 78 69 59
30 88 16 14 11
30 89 60 50 43
30 90 51 43 36
30 91 33 27 22
30 92 133 116 102
30 93 104 94 80
30 94 125 97 80
30 95 34 26 22
30 96 89 74 63
30 97 49 41 32
30 98 70 54 45
30 99 68 57 51
31 32 106 88 75
31 33 64 51 42
31 34 117 91 78
31 35 98 78 60
31 36 90 71 58
31 37 74 60 54
31 38 82 70 58
31 39 40 34 27
31 40 61 54 42
31 41 76 63 54
31 42 94 83 73
31 43 85 73 59
31 44 94 75 66
31 45 76 62 48
31 46 122 105 85
31 47 106 84 65
31 48 33 27 21
31 49 53 44 38
31 50 29 23 19
31 51 37 32 28
31 52 19 16 13
31 53 60 49 43
31 54 100 79 66
31 55 26 21 16
31 56 93 78 63
31 57 62 52 42
31 58 127 105 82
31 59 77 65 56
31 60 35 31 24
31 61 45 36 27
31 62 31 26 21
31 63 130 111 96
31 64 65 53 42
31 65 85 72 60
31 66 48 42 35
31 67 80 64 54
31 68 68 52 47
31 69 75 63 57
31 70 78 64 55
31 71 44 36 31
31 72 90 70 63
31 73 57 44 34
31 74 93 82 66
31 75 76 62 50
31 76 86 72 57
31 77 21 18 14
31 78 53 46 41
31 79 79 67 51
31 80 19 16 14
31 81 125 99 76
31 82 66 59 49
31 83 39 35 27
31 84 107 90 72
31 85 12 10 8
31 86 37 29 23
31 87 117 91 76
31 88 42 36 31
31 89 70 61 51
31 90 71 59 45
31 91 59 48 43
31 92 121 103 91
31 93 64 54 42
31 94 82 64 55
31 95 56 43 37
31 96 35 31 28
31 97 30 24 18
31 98 92 73 60
31 99 118 92 79
32 33 162 127 109
32 34 120 93 77
32 35 27 21 16
32 36 97 81 71
32 37 91 76 59
32 38 47 39 34
32 39 65 58 51
32 40 148 134 110
32 41 134 115 97
32 42 5 4 3
32 43 48 39 32
32 44 50 41 36
32 45 47 39 34
32 46 140 108 85
32 47 148 117 90
32 48 92 77 69
32 49 69 58 49
32 50 97 78 65
32 51 86 70 63
32 52 112 89 80
32 53 109 88 68
32 54 42 32 25
32 55 126 108 84
32 56 41 34 27
32 57 79 66 54
32 58 81 69 62
32 59 50 39 35
32 60 75 67 53
32 61 78 61 49
32 62 122 99 80
32 63 39 33 27
32 64 130 116 99
32 65 54 47 40
32 66 58 49 41
32 67 42 32 27
32 68 74 62 54
32 69 49 41 32
32 70 67 55 49
32 71 109 86 73
32 72 24 20 17
32 73 83 67 55
32 74 49 44 39
32 75 61 53 42
32 76 47 37 28
32 77 91 81 67
32 78 76 68 59
32 79 88 72 59
32 80 106 90 72
32 81 16 12 9
32 82 43 35 28
32 83 146 121 94
32 84 35 27 24
32 85 104 88 78
32 86 91 71 60
32 87 43 35 28
32 88 92 72 55
32 89 54 45 36
32 90 57 44 38
32 91 104 81 65
32 92 143 110 93
32 93 143 123 110
32 94 146 116 90
32 95 91 77 67
32 96 129 105 91
32 97 92 75 60
32 98 38 34 28
32 99 9 7 6
33 34 121 99 79
33 35 137 116 95
33 36 78 68 61
33 37 123 111 95
33 38 134 115 98
33 39 96 81 68
33 40 5 4 3
33 41 55 45 35
33 42 149 125 107
33 43 141 124 100
33 44 143 110 88
33 45 135 109 87
33 46 117 106 83
33 47 79 67 55
33 48 84 71 62
33 49 86 69 62
33 50 60 51 45
33 51 71 54 48
33 52 71 58 50
33 53 67 57 51
33 54 122 110 93
33 55 78 63 49
33 56 137 115 103
33 57 82 69 61
33 58 133 116 92
33 59 147 122 96
33 60 94 72 58
33 61 96 77 67
33 62 47 39 30
33 63 181 144 125
33 64 25 22 18
33 65 118 104 81
33 66 103 90 72
33 67 122 101 84
33 68 89 73 63
33 69 126 108 83
33 70 154 119 97
33 71 58 45 39
33 72 150 122 95
33 73 99 85 76
33 74 121 100 87
33 75 134 104 91
33 76 123 110 85
33 77 85 71 56
33 78 120 100 83
33 79 88 73 62
33 80 77 66 54
33 81 146 124 108
33 82 122 99 87
33 83 25 20 16
33 84 149 121 98
33 85 50 42 36
33 86 92 73 65
33 87 161 130 101
33 88 103 88 73
33 89 118 94 77
33 90 108 88 73
33 91 108 94 84
33 92 134 105 86
33 93 5 4 3
33 94 58 51 43
33 95 113 91 78
33 96 28 23 19
33 97 76 62 51
33 98 133 107 87
33 99 177 144 112
34 35 115 89 73
34 36 31 25 21
34 37 150 122 109
34 38 147 114 93
34 39 103 89 79
34 40 130 103 82
34 41 68 59 47
34 42 119 98 76
34 43 150 118 93
34 44 62 51 41
34 45 116 103 83
34 46 16 12 9
34 47 44 35 28
34 48 142 115 92
34 49 69 54 47
34 50 88 76 60
34 51 70 62 51
34 52 124 105 91
34 53 56 44 36
34 54 87 69 53
34 55 129 110 94
34 56 125 103 92
34 57 59 48 40
34 58 30 24 20
34 59 138 116 92
34 60 96 77 64
34 61 106 86 75
34 62 83 71 63
34 63 108 90 75
34 64 92 72 61
34 65 59 46 39
34 66 101 88 70
34 67 83 66 57
34 68 53 43 35
34 69 71 62 48
34 70 155 119 104
34 71 70 57 49
34 72 82 72 62
34 73 144 115 91
34 74 51 45 38
34 75 136 117 93
34 76 78 67 53
34 77 122 108 83
34 78 134 117 100
34 79 47 37 30
34 80 119 98 87
34 81 108 91 70
34 82 119 95 76
34 83 108 84 72
34 84 83 69 54
34 85 96 85 74
34 86 133 109 85
34 87 75 63 52
34 88 113 99 89
34 89 68 53 47
34 90 80 67 52
34 91 159 130 106
34 92 30 23 17
34 93 120 93 82
34 94 56 47 38
34 95 143 129 102
34 96 108 84 66
34 97 84 72 64
34 98 87 67 51
34 99 119 92 75
35 36 84 71 63
35 37 68 61 48
35 38 31 27 23
35 39 58 44 36
35 40 147 116 96
35 41 114 96 86
35 42 22 17 13
35 43 31 27 23
35 44 52 40 34
35 45 28 24 21
35 46 114 95 81
35 47 126 104 82
35 48 82 68 54
35 49 58 49 38
35 50 75 63 51
35 51 69 60 50
35 52 96 82 64
35 53 92 74 57
35 54 34 26 23
35 55 107 87 68
35 56 31 24 20
35 57 65 50 43
35 58 87 78 61
35 59 38 29 24
35 60 58 50 39
35 61 53 41 34
35 62 83 73 66
35 63 59 50 40
35 64 126 106 86
35 65 52 42 35
35 66 36 32 25
35 67 28 21 17
35 68 66 59 45
35 69 37 32 26
35 70 59 51 39
35 71 94 79 61
35 72 19 17 13
35 73 61 50 41
35 74 51 44 37
35 75 43 38 30
35 76 35 27 21
35 77 82 66 52
35 78 65 54 45
35 79 69 59 51
35 80 77 69 57
35 81 26 21 19
35 82 22 17 13
35 83 102 90 80
35 84 38 31 27
35 85 97 81 64
35 86 65 50 45
35 87 47 41 32
35 88 69 53 41
35 89 40 33 28
35 90 34 29 26
35 91 78 60 52
35 92 130 113 90
35 93 135 120 96
35 94 107 90 80
35 95 88 68 53
35 96 105 90 77
35 97 64 54 45
35 98 35 29 23
35 99 29 25 21
36 37 127 113 93
36 38 104 91 80
36 39 78 70 61
36 40 94 76 63
36 41 49 38 32
36 42 99 82 70
36 43 122 99 80
36 44 55 49 38
36 45 87 78 69
36 46 38 32 28
36 47 32 25 20
36 48 113 92 72
36 49 45 37 30
36 50 53 46 40
36 51 42 37 31
36 52 99 86 70
36 53 24 20 15
36 54 71 61 48
36 55 100 84 73
36 56 126 97 80
36 57 30 27 23
36 58 46 36 32
36 59 114 88 79
36 60 68 53 46
36 61 86 67 57
36 62 60 51 42
36 63 100 84 76
36 64 67 52 43
36 65 50 39 32
36 66 80 65 54
36 67 66 58 47
36 68 30 24 19
36 69 55 48 40
36 70 120 101 89
36 71 45 37 28
36 72 77 64 55
36 73 119 93 74
36 74 49 41 36
36 75 102 87 78
36 76 61 53 44
36 77 92 73 64
36 78 119 95 83
36 79 17 15 13
36 80 99 78 68
36 81 85 74 66
36 82 92 77 63
36 83 78 67 52
36 84 71 57 51
36 85 76 63 53
36 86 100 77 67
36 87 75 65 51
36 88 95 84 71
36 89 53 47 36
36 90 54 47 39
36 91 130 106 88
36 92 49 40 34
36 93 90 78 63
36 94 36 30 23
36 95 132 102 84
36 96 60 54 46
36 97 59 52 45
36 98 63 49 43
36 99 100 88 71
37 38 37 31 26
37 39 44 38 33
37 40 134 104 94
37 41 149 123 103
37 42 89 73 57
37 43 43 34 28
37 44 109 93 77
37 45 42 37 29
37 46 162 143 117
37 47 148 130 108
37 48 48 41 34
37 49 91 78 63
37 50 84 68 60
37 51 98 78 66
37 52 64 58 47
37 53 110 99 81
37 54 109 89 69
37 55 71 60 49
37 56 43 37 33
37 57 95 83 71
37 58 155 134 103
37 59 36 31 25
37 60 71 63 49
37 61 55 48 37
37 62 99 83 72
37 63 112 100 86
37 64 133 119 94
37 65 96 87 75
37 66 53 45 40
37 67 79 71 58
37 68 106 90 75
37 69 113 87 67
37 70 18 14 11
37 71 103 85 76
37 72 99 77 60
37 73 34 27 21
37 74 125 102 79
37 75 28 22 19
37 76 94 73 63
37 77 59 46 40
37 78 20 16 13
37 79 112 93 81
37 80 65 50 41
37 81 103 82 66
37 82 60 50 38
37 83 120 99 80
37 84 102 87 73
37 85 81 72 61
37 86 47 40 31
37 87 119 101 79
37 88 34 30 25
37 89 90 78 65
37 90 88 70 59
37 91 19 17 13
37 92 200 156 125
37 93 153 121 95
37 94 153 127 101
37 95 26 22 19
37 96 122 103 81
37 97 79 63 52
37 98 90 78 66
37 99 98 76 65
38 39 47 37 31
38 40 143 122 98
38 41 137 114 96
38 42 47 38 31
38 43 5 4 3
38 44 81 70 56
38 45 19 15 12
38 46 153 125 101
38 47 135 109 97
38 48 62 55 44
38 49 73 57 50
38 50 85 67 56
38 51 84 65 58
38 52 81 70 57
38 53 105 87 70
38 54 69 53 46
38 55 79 67 60
38 56 15 11 8
38 57 86 66 58
38 58 109 93 83
38 59 5 4 3
38 60 61 51 43
38 61 46 39 32
38 62 97 81 70
38 63 89 72 60
38 64 117 105 93
38 65 85 69 55
38 66 44 35 28
38 67 48 42 37
38 68 96 79 61
38 69 68 54 46
38 70 25 19 16
38 71 100 87 70
38 72 56 46 36
38 73 38 33 28
38 74 80 66 58
38 75 18 14 11
38 76 61 50 42
38 77 74 59 46
38 78 45 35 28
38 79 106 83 67
38 80 70 61 49
38 81 62 49 40
38 82 27 22 17
38 83 111 91 82
38 84 82 64 50
38 85 93 77 63
38 86 48 42 36
38 87 78 70 55
38 88 41 35 29
38 89 72 55 46
38 90 59 47 42
38 91 47 42 33
38 92 145 125 109
38 93 132 112 98
38 94 153 118 93
38 95 53 44 36
38 96 116 99 81
38 97 69 59 48
38 98 65 54 45
38 99 59 48 39
39 40 97 82 67
39 41 100 84 71
39 42 67 60 49
39 43 51 41 33
39 44 79 61 53
39 45 33 26 21
39 46 135 104 87
39 47 105 87 75
39 48 27 23 19
39 49 51 39 32
39 50 39 31 28
39 51 48 39 34
39 52 44 36 29
39 53 80 63 49
39 54 64 55 49
39 55 53 42 33
39 56 50 45 37
39 57 54 46 40
39 58 115 92 76
39 59 42 34 29
39 60 25 21 17
39 61 9 7 5
39 62 60 52 41
39 63 112 94 75
39 64 96 75 64
39 65 73 58 49
39 66 18 16 13
39 67 49 42 36
39 68 56 50 44
39 69 64 53 43
39 70 46 39 31
39 71 63 49 44
39 72 69 54 43
39 73 19 16 13
39 74 80 71 55
39 75 34 30 24
39 76 61 47 40
39 77 26 21 16
39 78 31 25 22
39 79 83 65 50
39 80 28 24 21
39 81 73 65 54
39 82 36 29 24
39 83 76 60 52
39 84 81 70 54
39 85 50 40 33
39 86 14 11 9
39 87 93 73 60
39 88 17 13 10
39 89 56 49 39
39 90 47 39 31
39 91 40 33 27
39 92 138 116 95
39 93 104 81 68
39 94 93 79 69
39 95 32 29 24
39 96 70 58 51
39 97 32 26 20
39 98 56 50 43
39 99 84 65 56
40 41 58 45 38
40 42 147 131 107
40 43 154 129 100
40 44 128 100 90
40 45 120 107 87
40 46 120 101 85
40 47 81 66 57
40 48 97 78 61
40 49 94 72 63
40 50 65 57 46
40 51 82 63 49
40 52 80 61 48
40 53 71 63 52
40 54 150 121 94
40 55 81 62 47
40 56 144 128 103
40 57 90 80 62
40 58 133 112 94
40 59 127 109 96
40 60 83 73 58
40 61 94 82 66
40 62 44 34 30
40 63 160 145 126
40 64 32 26 21
40 65 130 100 82
40 66 104 85 73
40 67 124 108 85
40 68 93 80 65
40 69 121 109 84
40 70 138 110 96
40 71 56 45 40
40 72 138 112 95
40 73 116 93 75
40 74 131 115 89
40 75 118 101 90
40 76 113 96 86
40 77 83 72 55
40 78 108 97 82
40 79 95 80 64
40 80 83 64 53
40 81 155 126 109
40 82 129 100 87
40 83 27 23 17
40 84 146 128 99
40 85 46 39 35
40 86 86 75 64
40 87 137 119 102
40 88 106 85 72
40 89 110 90 78
40 90 113 94 74
40 91 107 93 83
40 92 115 99 88
40 93 3 2 1
40 94 60 54 45
40 95 120 93 76
40 96 30 24 20
40 97 76 63 52
40 98 127 114 88
40 99 173 134 113
41 42 138 107 95
41 43 142 119 98
41 44 112 86 67
41 45 111 96 85
41 46 65 55 49
41 47 30 25 20
41 48 102 92 74
41 49 66 55 49
41 50 60 50 43
41 51 59 48 39
41 52 83 74 66
41 53 42 33 29
41 54 123 97 75
41 55 102 81 68
41 56 135 121 99
41 57 61 48 43
41 58 93 75 62
41 59 130 112 95
41 60 76 63 55
41 61 97 80 67
41 62 50 40 33
41 63 153 119 106
41 64 25 21 18
41 65 78 70 60
41 66 85 77 69
41 67 97 86 71
41 68 65 53 43
41 69 98 85 66
41 70 146 117 101
41 71 46 36 28
41 72 133 104 81
41 73 110 91 82
41 74 104 81 65
41 75 128 110 92
41 76 88 77 69
41 77 87 73 65
41 78 131 103 91
41 79 55 45 39
41 80 91 78 67
41 81 126 106 93
41 82 124 102 81
41 83 49 42 35
41 84 117 92 79
41 85 66 53 47
41 86 110 91 72
41 87 109 95 81
41 88 121 98 79
41 89 82 70 61
41 90 85 76 60
41 91 148 121 94
41 92 76 59 51
41 93 56 45 38
41 94 13 11 9
41 95 119 105 89
41 96 48 37 29
41 97 65 57 51
41 98 102 84 70
41 99 145 117 98
42 43 44 39 30
42 44 48 40 35
42 45 51 40 32
42 46 129 101 84
42 47 149 116 89
42 48 102 78 66
42 49 73 58 47
42 50 88 79 62
42 51 99 78 60
42 52 118 95 77
42 53 95 78 66
42 54 34 29 24
42 55 114 96 81
42 56 38 32 25
42 57 74 59 52
42 58 99 77 62
42 59 46 41 33
42 60 75 58 51
42 61 69 58 47
42 62 112 100 78
42 63 43 37 29
42 64 136 107 96
42 65 56 50 39
42 66 61 47 38
42 67 39 32 25
42 68 86 68 53
42 69 49 38 31
42 70 62 54 47
42 71 107 84 71
42 72 20 17 15
42 73 82 63 52
42 74 60 46 38
42 75 52 44 39
42 76 35 30 26
42 77 96 82 64
42 78 81 67 56
42 79 85 65 58
42 80 110 85 69
42 81 15 12 10
42 82 40 32 25
42 83 137 108 91
42 84 39 31 24
42 85 110 96 76
42 86 87 70 57
42 87 43 34 29
42 88 76 60 53
42 89 47 42 35
42 90 53 42 36
42 91 88 73 62
42 92 123 110 92
42 93 155 130 108
42 94 129 112 89
42 95 90 71 64
42 96 122 110 88
42 97 82 65 57
42 98 38 32 27
42 99 15 11 9
43 44 78 70 56
43 45 21 16 13
43 46 153 125 101
43 47 153 122 98
43 48 65 51 46
43 49 70 58 51
43 50 73 66 57
43 51 82 68 60
43 52 88 74 59
43 53 108 85 71
43 54 71 57 46
43 55 88 76 62
43 56 10 8 6
43 57 86 67 58
43 58 124 99 83
43 59 7 6 5
43 60 61 52 44
43 61 49 41 34
43 62 92 80 72
43 63 87 72 58
43 64 137 109 94
43 65 82 64 55
43 66 47 38 29
43 67 57 44 37
43 68 84 75 61
43 69 72 56 46
43 70 29 23 18
43 71 105 82 71
43 72 52 44 35
43 73 45 38 30
43 74 82 67 58
43 75 22 17 13
43 76 69 53 42
43 77 77 59 47
43 78 42 36 30
43 79 94 80 68
43 80 72 60 51
43 81 54 44 39
43 82 26 22 18
43 83 126 97 84
43 84 79 62 49
43 85 91 81 65
43 86 57 45 38
43 87 78 68 54
43 88 48 38 31
43 89 68 60 47
43 90 65 53 42
43 91 52 46 35
43 92 176 136 109
43 93 146 127 100
43 94 145 112 94
43 95 56 47 38
43 96 117 97 82
43 97 66 56 50
43 98 73 57 44
43 99 55 44 38
44 45 72 63 49
44 46 71 58 49
44 47 82 66 57
44 48 104 88 70
44 49 49 37 29
44 50 70 56 49
44 51 60 48 42
44 52 99 84 75
44 53 62 50 40
44 54 17 15 12
44 55 122 100 79
44 56 78 61 53
44 57 44 35 28
44 58 43 34 28
44 59 74 64 56
44 60 66 55 44
44 61 63 57 49
44 62 88 70 61
44 63 54 44 39
44 64 104 88 74
44 65 13 10 8
44 66 65 54 41
44 67 32 26 20
44 68 43 33 26
44 69 16 13 11
44 70 100 80 69
44 71 74 58 50
44 72 33 29 22
44 73 87 78 63
44 74 5 4 3
44 75 91 71 59
44 76 22 17 15
44 77 88 77 64
44 78 111 88 71
44 79 41 34 28
44 80 113 88 69
44 81 41 33 29
44 82 67 52 40
44 83 110 85 75
44 84 24 18 14
44 85 102 78 66
44 86 90 78 62
44 87 19 17 14
44 88 95 78 62
44 89 22 18 15
44 90 35 30 23
44 91 107 92 77
44 92 84 73 57
44 93 145 117 90
44 94 90 78 60
44 95 104 90 76
44 96 99 88 70
44 97 69 54 48
44 98 21 16 12
44 99 50 43 35
45 46 134 106 92
45 47 113 98 86
45 48 60 47 37
45 49 53 46 40
45 50 68 59 45
45 51 75 58 47
45 52 63 55 49
45 53 84 73 60
45 54 63 52 40
45 55 84 67 52
45 56 22 19 16
45 57 68 57 47
45 58 112 97 75
45 59 14 12 10
45 60 51 41 32
45 61 30 26 21
45 62 89 73 59
45 63 89 76 60
45 64 121 95 81
45 65 67 52 47
45 66 28 22 17
45 67 42 36 30
45 68 74 60 51
45 69 58 45 39
45 70 32 27 21
45 71 96 75 59
45 72 52 40 31
45 73 32 25 22
45 74 84 65 51
45 75 16 14 11
45 76 52 42 34
45 77 48 42 36
45 78 40 32 25
45 79 77 65 57
45 80 63 48 41
45 81 57 49 39
45 82 15 11 9
45 83 106 87 71
45 84 63 55 45
45 85 72 59 53
45 86 43 33 28
45 87 71 60 50
45 88 36 29 22
45 89 61 48 38
45 90 51 40 32
45 91 46 38 32
45 92 148 116 100
45 93 124 105 88
45 94 114 102 82
45 95 48 37 33
45 96 98 80 70
45 97 53 44 37
45 98 55 44 38
45 99 52 45 40
46 47 47 37 29
46 48 140 121 99
46 49 69 61 55
46 50 113 87 67
46 51 84 68 58
46 52 147 116 97
46 53 64 50 42
46 54 85 67 60
46 55 153 118 100
46 56 130 115 100
46 57 71 59 48
46 58 34 30 26
46 59 151 120 101
46 60 108 87 71
46 61 115 94 82
46 62 83 75 68
46 63 102 90 81
46 64 107 83 65
46 65 67 57 47
46 66 116 92 78
46 67 96 80 65
46 68 64 53 43
46 69 83 73 56
46 70 157 141 112
46 71 90 71 55
46 72 103 90 70
46 73 143 123 99
46 74 69 55 46
46 75 156 120 101
46 76 82 69 61
46 77 133 103 91
46 78 163 132 108
46 79 53 45 37
46 80 123 104 94
46 81 109 91 77
46 82 120 104 84
46 83 99 88 77
46 84 100 77 61
46 85 105 91 80
46 86 125 106 93
46 87 93 72 59
46 88 128 110 96
46 89 80 71 55
46 90 101 78 60
46 91 164 144 114
46 92 14 11 9
46 93 119 103 85
46 94 64 51 41
46 95 155 136 110
46 96 93 80 71
46 97 108 90 72
46 98 89 77 59
46 99 118 106 83
47 48 106 95 83
47 49 77 59 47
47 50 69 59 50
47 51 55 48 42
47 52 104 92 78
47 53 40 33 27
47 54 94 75 67
47 55 113 95 80
47 56 146 125 98
47 57 58 51 40
47 58 68 60 46
47 59 160 123 96
47 60 84 69 59
47 61 112 88 71
47 62 67 54 46
47 63 125 113 95
47 64 59 46 37
47 65 73 61 51
47 66 111 85 70
47 67 101 80 65
47 68 52 47 37
47 69 95 73 59
47 70 147 128 104
47 71 55 42 34
47 72 102 88 74
47 73 143 114 88
47 74 76 64 54
47 75 118 105 94
47 76 101 80 63
47 77 120 92 74
47 78 146 113 96
47 79 44 39 31
47 80 117 93 77
47 81 120 103 85
47 82 124 104 80
47 83 73 60 51
47 84 96 82 70
47 85 81 73 59
47 86 103 90 79
47 87 98 82 70
47 88 122 95 84
47 89 70 62 55
47 90 82 70 56
47 91 143 117 101
47 92 41 35 31
47 93 90 69 57
47 94 20 16 13
47 95 132 118 96
47 96 70 55 45
47 97 90 74 57
47 98 92 75 62
47 99 146 115 90
48 49 77 59 46
48 50 53 41 34
48 51 67 52 42
48 52 23 18 14
48 53 88 73 58
48 54 109 84 67
48 55 25 20 17
48 56 78 63 51
48 57 79 67 53
48 58 119 102 91
48 59 69 55 42
48 60 47 38 29
48 61 35 29 22
48 62 63 50 41
48 63 126 111 94
48 64 88 72 63
48 65 91 77 66
48 66 51 40 31
48 67 74 61 54
48 68 81 70 58
48 69 78 69 60
48 70 62 48 38
48 71 76 59 49
48 72 81 72 61
48 73 26 22 17
48 74 101 85 72
48 75 52 45 34
48 76 79 65 58
48 77 14 12 9
48 78 35 27 22
48 79 87 76 63
48 80 13 10 8
48 81 104 86 72
48 82 63 49 42
48 83 72 57 47
48 84 103 84 72
48 85 38 31 28
48 86 14 12 10
48 87 110 89 78
48 88 25 19 15
48 89 91 70 56
48 90 63 57 48
48 91 33 28 23
48 92 157 130 106
48 93 103 79 61
48 94 109 93 74
48 95 22 19 16
48 96 68 56 49
48 97 42 35 28
48 98 87 74 61
48 99 112 87 74
49 50 27 24 20
49 51 24 19 15
49 52 67 55 49
49 53 32 27 21
49 54 47 38 32
49 55 82 64 52
49 56 73 61 52
49 57 13 10 8
49 58 70 55 46
49 59 69 61 50
49 60 28 24 18
49 61 40 31 28
49 62 44 39 33
49 63 91 73 64
49 64 76 63 50
49 65 32 27 22
49 66 35 31 24
49 67 33 26 23
49 68 20 16 12
49 69 38 29 22
49 70 78 69 59
49 71 35 31 25
49 72 46 41 34
49 73 64 57 45
49 74 48 37 29
49 75 68 56 49
49 76 32 27 24
49 77 53 44 39
49 78 72 60 53
49 79 28 23 18
49 80 74 58 44
49 81 71 61 47
49 82 55 43 34
49 83 81 63 48
49 84 57 44 37
49 85 58 45 37
49 86 54 44 39
49 87 66 51 41
49 88 62 53 42
49 89 25 20 16
49 90 17 14 12
49 91 89 77 59
49 92 88 79 63
49 93 82 73 63
49 94 61 53 44
49 95 80 62 56
49 96 59 51 43
49 97 28 24 21
49 98 36 30 25
49 99 71 58 51
50 51 14 11 9
50 52 44 36 31
50 53 36 31 25
50 54 82 66 51
50 55 49 41 35
50 56 94 72 60
50 57 33 29 23
50 58 97 80 63
50 59 78 69 54
50 60 22 17 14
50 61 40 32 25
50 62 23 20 16
50 63 118 98 83
50 64 53 44 37
50 65 67 52 42
50 66 46 36 29
50 67 56 46 40
50 68 38 33 28
50 69 62 48 41
50 70 92 77 59
50 71 22 18 16
50 72 69 58 51
50 73 55 45 40
50 74 67 57 49
50 75 67 58 50
50 76 68 53 42
50 77 33 29 25
50 78 69 59 48
50 79 47 37 32
50 80 43 36 29
50 81 100 83 64
50 82 65 53 43
50 83 50 38 30
50 84 78 64 56
50 85 28 22 17
50 86 43 38 30
50 87 86 68 60
50 88 54 42 36
50 89 52 43 35
50 90 40 36 30
50 91 76 62 52
50 92 96 83 73
50 93 69 56 46
50 94 59 52 42
50 95 72 60 47
50 96 41 36 27
50 97 12 9 8
50 98 66 57 44
50 99 100 81 68
51 52 61 49 40
51 53 30 23 17
51 54 58 51 46
51 55 64 54 44
51 56 85 70 61
51 57 24 18 15
51 58 92 71 54
51 59 87 68 57
51 60 24 21 17
51 61 48 38 30
51 62 28 22 19
51 63 113 98 78
51 64 56 44 37
51 65 53 46 35
51 66 45 38 31
51 67 60 47 37
51 68 29 24 20
51 69 51 43 36
51 70 91 81 64
51 71 18 14 12
51 72 68 57 47
51 73 62 53 46
51 74 66 51 42
51 75 87 69 54
51 76 57 46 38
51 77 53 41 33
51 78 87 68 54
51 79 36 29 23
51 80 53 44 37
51 81 101 79 61
51 82 65 50 44
51 83 47 39 34
51 84 63 57 51
51 85 38 30 25
51 86 49 43 37
51 87 89 70 55
51 88 71 56 43
51 89 41 35 30
51 90 39 31 26
51 91 90 76 59
51 92 108 85 65
51 93 73 58 49
51 94 55 43 36
51 95 84 68 55
51 96 43 36 29
51 97 25 19 15
51 98 56 45 39
51 99 98 81 65
52 53 78 66 56
52 54 111 86 74
52 55 6 5 4
52 56 102 80 64
52 57 71 61 54
52 58 154 119 93
52 59 82 68 55
52 60 50 39 32
52 61 50 41 31
52 62 52 41 33
52 63 156 131 103
52 64 77 59 53
52 65 104 84 70
52 66 57 50 40
52 67 82 68 61
52 68 92 75 58
52 69 98 84 66
52 70 79 62 51
52 71 61 51 44
52 72 104 90 70
52 73 43 36 31
52 74 111 89 76
52 75 71 57 48
52 76 94 75 65
52 77 20 17 13
52 78 56 43 35
52 79 80 71 63
52 80 12 10 8
52 81 109 98 82
52 82 68 61 52
52 83 51 43 36
52 84 116 95 80
52 85 27 21 19
52 86 31 27 22
52 87 131 101 84
52 88 48 37 28
52 89 89 70 61
52 90 81 65 53
52 91 57 45 36
52 92 142 125 104
52 93 70 62 49
52 94 101 79 68
52 95 41 34 29
52 96 65 51 39
52 97 44 35 28
52 98 99 80 68
52 99 122 107 84
53 54 68 56 47
53 55 88 68 59
53 56 102 92 72
53 57 22 18 15
53 58 61 48 43
53 59 96 83 70
53 60 45 39 33
53 61 72 55 45
53 62 38 34 28
53 63 127 100 78
53 64 52 42 35
53 65 47 37 32
53 66 66 58 44
53 67 59 50 42
53 68 18 16 14
53 69 49 44 37
53 70 109 95 78
53 71 22 17 14
53 72 76 66 52
53 73 84 68 61
53 74 51 42 38
53 75 94 77 68
53 76 59 49 41
53 77 74 63 50
53 78 96 82 70
53 79 16 14 12
53 80 73 61 53
53 81 91 71 64
53 82 90 69 54
53 83 57 51 40
53 84 82 64 51
53 85 63 50 39
53 86 86 70 54
53 87 74 62 53
53 88 88 72 58
53 89 45 40 32
53 90 48 38 32
53 91 111 93 75
53 92 68 59 49
53 93 83 66 53
53 94 32 27 23
53 95 106 84 71
53 96 49 38 34
53 97 52 41 31
53 98 61 51 41
53 99 98 88 69
54 55 108 88 78
54 56 58 50 43
54 57 48 38 34
54 58 61 50 39
54 59 67 53 47
54 60 64 54 43
54 61 61 52 45
54 62 87 76 65
54 63 54 43 33
54 64 112 96 80
54 65 22 18 16
54 66 54 43 36
54 67 18 15 13
54 68 49 40 33
54 69 14 12 10
54 70 96 77 61
54 71 81 67 55
54 72 17 13 11
54 73 77 64 57
54 74 19 17 15
54 75 78 64 51
54 76 16 12 10
54 77 81 69 62
54 78 105 83 64
54 79 57 45 37
54 80 103 87 67
54 81 28 22 19
54 82 50 39 32
54 83 113 98 79
54 84 9 7 6
54 85 94 80 67
54 86 85 72 58
54 87 16 14 11
54 88 73 62 56
54 89 25 19 16
54 90 37 28 22
54 91 105 82 70
54 92 115 90 69
54 93 133 118 94
54 94 99 88 68
54 95 94 82 70
54 96 109 84 74
54 97 76 59 48
54 98 11 9 7
54 99 41 31 24
55 56 108 84 67
55 57 92 73 57
55 58 157 125 97
55 59 73 64 58
55 60 50 43 36
55 61 59 46 35
55 62 50 43 35
55 63 134 120 107
55 64 72 62 54
55 65 109 93 73
55 66 65 53 44
55 67 106 85 65
55 68 86 72 62
55 69 94 82 70
55 70 83 68 54
55 71 68 55 47
55 72 103 84 74
55 73 56 43 34
55 74 112 97 80
55 75 84 64 51
55 76 95 81 69
55 77 24 20 17
55 78 59 48 38
55 79 87 76 66
55 80 18 14 12
55 81 112 97 86
55 82 84 66 56
55 83 57 48 37
55 84 121 106 84
55 85 30 25 21
55 86 39 31 25
55 87 127 110 88
55 88 41 36 32
55 89 89 73 64
55 90 94 74 57
55 91 57 47 37
55 92 160 124 107
55 93 77 59 48
55 94 98 86 70
55 95 46 36 31
55 96 55 46 40
55 97 46 39 32
55 98 121 94 72
55 99 129 99 88
56 57 82 72 59
56 58 122 103 81
56 59 14 12 10
56 60 66 57 47
56 61 54 48 37
56 62 106 89 75
56 63 82 68 53
56 64 139 121 97
56 65 83 68 54
56 66 53 41 32
56 67 53 43 36
56 68 99 77 62
56 69 62 51 45
56 70 34 30 23
56 71 116 95 73
56 72 45 40 32
56 73 51 42 35
56 74 85 65 56
56 75 26 22 18
56 76 66 51 40
56 77 68 61 52
56 78 48 41 35
56 79 106 81 68
56 80 75 63 56
56 81 47 40 35
56 82 31 25 19
56 83 129 111 87
56 84 65 57 46
56 85 93 83 69
56 86 65 54 43
56 87 77 62 51
56 88 50 44 36
56 89 71 55 46
56 90 64 52 42
56 91 64 52 40
56 92 155 125 108
56 93 152 132 104
56 94 126 110 95
56 95 67 57 44
56 96 120 107 85
56 97 74 59 53
56 98 58 48 42
56 99 48 41 33
57 58 55 49 40
57 59 72 64 57
57 60 39 31 25
57 61 50 42 35
57 62 52 44 34
57 63 109 84 66
57 64 77 60 47
57 65 31 25 21
57 66 48 42 32
57 67 43 34 28
57 68 9 7 5
57 69 41 32 24
57 70 111 86 66
57 71 36 27 22
57 72 53 47 38
57 73 79 64 52
57 74 41 32 27
57 75 91 70 56
57 76 40 33 27
57 77 69 55 45
57 78 85 76 61
57 79 16 14 11
57 80 64 57 49
57 81 70 63 50
57 82 62 53 41
57 83 67 54 47
57 84 64 51 39
57 85 57 48 40
57 86 66 57 46
57 87 60 48 41
57 88 68 55 49
57 89 30 23 18
57 90 28 22 18
57 91 97 79 66
57 92 77 65 55
57 93 92 79 62
57 94 61 50 38
57 95 86 73 63
57 96 60 48 42
57 97 35 31 26
57 98 43 34 28
57 99 72 65 55
58 59 120 99 83
58 60 91 79 63
58 61 99 82 71
58 62 113 87 70
58 63 77 68 56
58 64 101 90 75
58 65 44 35 29
58 66 87 74 65
58 67 64 57 46
58 68 49 41 35
58 69 58 47 37
58 70 126 106 96
58 71 84 70 57
58 72 68 57 49
58 73 136 113 87
58 74 38 32 25
58 75 129 103 86
58 76 65 50 42
58 77 126 99 84
58 78 137 122 95
58 79 44 38 32
58 80 140 108 89
58 81 81 67 54
58 82 92 78 67
58 83 116 91 82
58 84 54 43 38
58 85 108 89 79
58 86 130 107 84
58 87 52 45 35
58 88 143 110 85
58 89 60 51 39
58 90 70 54 45
58 91 156 126 102
58 92 43 37 33
58 93 125 108 94
58 94 77 67 54
58 95 160 123 99
58 96 103 92 76
58 97 107 82 66
58 98 60 46 39
58 99 92 76 59
59 60 58 48 41
59 61 43 37 30
59 62 110 89 69
59 63 98 75 61
59 64 125 105 91
59 65 82 65 55
59 66 41 36 27
59 67 49 42 37
59 68 93 73 60
59 69 74 60 46
59 70 23 18 15
59 71 90 81 68
59 72 52 43 37
59 73 39 31 25
59 74 83 74 59
59 75 12 10 8
59 76 65 51 42
59 77 66 54 43
59 78 34 28 25
59 79 93 82 66
59 80 67 56 47
59 81 59 49 42
59 82 27 21 17
59 83 123 102 80
59 84 80 65 50
59 85 93 76 61
59 86 54 44 34
59 87 83 66 56
59 88 39 33 27
59 89 73 59 46
59 90 56 46 41
59 91 45 38 31
59 92 158 142 109
59 93 146 115 96
59 94 131 110 92
59 95 55 44 34
59 96 124 98 79
59 97 66 53 46
59 98 57 50 45
59 99 66 52 41
60 61 20 17 13
60 62 40 35 29
60 63 101 82 73
60 64 62 56 50
60 65 56 48 38
60 66 24 20 16
60 67 44 36 31
60 68 48 38 29
60 69 45 38 34
60 70 69 55 47
60 71 47 36 28
60 72 53 46 41
60 73 48 38 29
60 74 68 58 45
60 75 53 43 38
60 76 44 38 34
60 77 29 25 21
60 78 56 45 38
60 79 52 41 35
60 80 37 31 26
60 81 80 65 54
60 82 45 39 30
60 83 62 49 42
60 84 83 64 49
60 85 36 30 26
60 86 30 25 22
60 87 71 61 53
60 88 35 30 26
60 89 47 38 29
60 90 33 28 22
60 91 65 51 43
60 92 123 102 79
60 93 78 65 58
60 94 83 66 53
60 95 65 50 39
60 96 57 44 39
60 97 11 9 7
60 98 55 45 37
60 99 87 68 57
61 62 53 46 39
61 63 97 83 72
61 64 95 73 62
61 65 63 54 45
61 66 15 12 10
61 67 45 38 32
61 68 62 50 40
61 69 60 48 38
61 70 48 41 34
61 71 55 49 40
61 72 64 50 40
61 73 25 22 17
61 74 74 63 50
61 75 39 30 26
61 76 48 43 36
61 77 27 22 18
61 78 39 34 26
61 79 67 59 46
61 80 30 26 23
61 81 81 64 51
61 82 34 29 23
61 83 76 63 51
61 84 72 60 51
61 85 48 42 32
61 86 17 15 13
61 87 77 69 56
61 88 24 19 15
61 89 46 41 34
61 90 40 32 27
61 91 50 40 32
61 92 138 106 90
61 93 91 74 67
61 94 86 76 65
61 95 43 35 29
61 96 72 56 49
61 97 25 21 17
61 98 58 47 40
61 99 76 68 54
62 63 133 112 97
62 64 37 30 23
62 65 78 64 54
62 66 60 52 44
62 67 71 63 55
62 68 55 48 37
62 69 82 67 55
62 70 94 82 72
62 71 20 16 14
62 72 94 75 66
62 73 73 66 51
62 74 98 78 61
62 75 89 73 64
62 76 77 66 56
62 77 51 39 33
62 78 84 70 59
62 79 57 44 39
62 80 47 40 34
62 81 117 92 79
62 82 78 66 58
62 83 22 19 15
62 84 113 87 70
62 85 21 16 14
62 86 64 50 41
62 87 93 83 73
62 88 71 62 48
62 89 72 63 49
62 90 73 57 44
62 91 93 72 63
62 92 114 90 74
62 93 44 36 31
62 94 48 42 35
62 95 88 67 57
62 96 17 13 11
62 97 33 28 23
62 98 89 72 58
62 99 115 99 83
63 64 157 139 112
63 65 70 54 46
63 66 90 74 63
63 67 65 56 43
63 68 89 72 64
63 69 67 53 43
63 70 121 99 76
63 71 135 108 87
63 72 50 38 34
63 73 106 92 81
63 74 60 47 41
63 75 107 88 68
63 76 52 46 41
63 77 118 102 90
63 78 126 97 85
63 79 92 81 67
63 80 146 124 95
63 81 28 25 22
63 82 78 63 53
63 83 170 140 111
63 84 46 37 28
63 85 151 126 98
63 86 113 99 84
63 87 38 33 26
63 88 113 95 80
63 89 71 58 49
63 90 71 63 53
63 91 120 107 91
63 92 121 108 89
63 93 176 147 127
63 94 127 111 99
63 95 128 109 92
63 96 156 130 107
63 97 112 98 79
63 98 54 48 39
63 99 32 28 21
64 65 99 76 67
64 66 87 78 65
64 67 94 83 73
64 68 68 59 48
64 69 110 85 70
64 70 141 121 95
64 71 40 32 26
64 72 134 107 83
64 73 125 97 74
64 74 106 89 72
64 75 141 111 87
64 76 108 86 73
64 77 87 71 55
64 78 110 97 82
64 79 69 59 47
64 80 73 65 56
64 81 155 122 96
64 82 105 91 79
64 83 28 23 19
64 84 108 95 85
64 85 57 44 35
64 86 86 71 64
64 87 126 107 87
64 88 100 90 71
64 89 93 80 64
64 90 95 77 62
64 91 139 111 85
64 92 90 80 68
64 93 35 27 21
64 94 37 31 25
64 95 112 96 79
64 96 26 20 15
64 97 58 52 45
64 98 103 85 74
64 99 156 124 101
65 66 56 46 37
65 67 29 23 19
65 68 27 24 19
65 69 16 13 10
65 70 91 79 68
65 71 67 54 43
65 72 38 33 25
65 73 91 72 60
65 74 12 9 7
65 75 87 76 58
65 76 25 19 15
65 77 90 72 59
65 78 99 78 67
65 79 29 26 22
65 80 104 83 64
65 81 51 45 34
65 82 62 48 39
65 83 100 81 68
65 84 33 25 20
65 85 87 77 59
65 86 82 66 57
65 87 34 27 21
65 88 94 75 58
65 89 17 14 11
65 90 27 22 18
65 91 109 88 74
65 92 76 63 55
65 93 122 97 83
65 94 74 67 53
65 95 113 89 72
65 96 98 82 63
65 97 62 53 42
65 98 18 15 13
65 99 65 51 39
66 67 33 27 23
66 68 48 42 36
66 69 45 37 30
66 70 50 45 35
66 71 58 47 42
66 72 44 37 30
66 73 37 29 23
66 74 63 56 43
66 75 33 29 25
66 76 41 33 28
66 77 46 35 27
66 78 45 40 31
66 79 57 47 42
66 80 55 43 33
66 81 68 54 42
66 82 24 18 15
66 83 86 70 57
66 84 62 52 42
66 85 57 44 39
66 86 33 28 22
66 87 64 57 47
66 88 33 25 21
66 89 37 31 27
66 90 29 23 20
66 91 51 42 37
66 92 125 107 86
66 93 118 92 73
66 94 90 73 65
66 95 56 44 35
66 96 89 69 54
66 97 33 26 22
66 98 44 37 31
66 99 65 56 45
67 68 46 37 29
67 69 15 13 10
67 70 82 65 50
67 71 62 52 47
67 72 15 13 11
67 73 67 51 45
67 74 30 27 22
67 75 57 45 40
67 76 9 7 5
67 77 72 62 49
67 78 78 60 52
67 79 52 40 34
67 80 88 68 54
67 81 35 29 24
67 82 28 24 21
67 83 103 87 69
67 84 28 23 19
67 85 86 66 56
67 86 65 58 45
67 87 40 32 24
67 88 65 54 44
67 89 16 13 11
67 90 18 15 12
67 91 93 73 58
67 92 110 94 73
67 93 120 96 85
67 94 93 81 65
67 95 89 70 58
67 96 83 75 65
67 97 57 47 37
67 98 15 12 9
67 99 44 34 29
68 69 39 30 23
68 70 109 86 70
68 71 34 29 25
68 72 53 46 38
68 73 86 72 57
68 74 39 30 25
68 75 86 72 60
68 76 41 34 27
68 77 72 64 50
68 78 90 79 65
68 79 10 9 7
68 80 79 64 54
68 81 70 61 50
68 82 74 57 44
68 83 70 57 51
68 84 57 44 37
68 85 69 53 45
68 86 73 64 51
68 87 58 51 39
68 88 86 67 54
68 89 28 25 19
68 90 29 24 20
68 91 107 82 71
68 92 74 67 51
68 93 93 77 65
68 94 54 47 37
68 95 105 87 68
68 96 69 54 45
68 97 44 36 31
68 98 40 31 27
68 99 72 63 55
69 70 88 74 59
69 71 67 59 45
69 72 24 20 16
69 73 72 60 53
69 74 20 15 13
69 75 68 60 49
69 76 8 6 5
69 77 77 68 54
69 78 93 72 60
69 79 43 36 28
69 80 78 67 59
69 81 39 34 27
69 82 39 35 30
69 83 106 82 69
69 84 23 20 16
69 85 85 65 58
69 86 74 61 51
69 87 29 23 20
69 88 80 66 51
69 89 12 9 7
69 90 18 15 13
69 91 101 85 66
69 92 96 75 64
69 93 131 105 85
69 94 82 71 59
69 95 102 79 65
69 96 90 76 64
69 97 58 50 39
69 98 6 5 4
69 99 51 42 32
70 71 100 86 74
70 72 79 61 51
70 73 31 25 22
70 74 120 94 72
70 75 19 14 11
70 76 73 65 55
70 77 59 50 42
70 78 26 22 17
70 79 102 87 77
70 80 69 53 44
70 81 76 65 56
70 82 40 35 30
70 83 113 91 82
70 84 89 76 65
70 85 88 77 62
70 86 43 38 33
70 87 111 90 70
70 88 34 30 25
70 89 80 71 58
70 90 89 68 53
70 91 29 24 20
70 92 176 137 120
70 93 131 110 97
70 94 130 112 99
70 95 40 33 25
70 96 106 93 82
70 97 69 57 51
70 98 83 72 58
70 99 71 62 55
71 72 96 76 58
71 73 76 67 55
71 74 63 57 49
71 75 85 76 65
71 76 74 59 48
71 77 56 47 40
71 78 86 74 64
71 79 37 33 25
71 80 64 49 43
71 81 114 90 71
71 82 75 62 55
71 83 37 30 26
71 84 94 78 60
71 85 41 34 26
71 86 65 56 46
71 87 79 71 63
71 88 68 58 52
71 89 63 51 39
71 90 50 44 36
71 91 98 78 68
71 92 87 78 61
71 93 64 52 40
71 94 41 31 26
71 95 97 78 63
71 96 31 26 21
71 97 39 31 24
71 98 67 56 49
71 99 116 92 75
72 73 83 64 50
72 74 34 30 25
72 75 55 48 41
72 76 19 16 12
72 77 80 68 57
72 78 76 64 55
72 79 55 49 43
72 80 105 81 62
72 81 20 17 14
72 82 33 28 23
72 83 111 99 80
72 84 25 19 14
72 85 89 77 66
72 86 87 67 52
72 87 26 23 20
72 88 71 58 49
72 89 31 25 20
72 90 36 28 22
72 91 88 79 62
72 92 105 95 79
72 93 145 115 96
72 94 92 82 74
72 95 81 73 62
72 96 104 90 76
72 97 60 54 47
72 98 19 16 13
72 99 25 22 18
73 74 107 85 65
73 75 27 22 18
73 76 73 57 50
73 77 35 27 21
73 78 13 11 9
73 79 88 73 63
73 80 36 28 23
73 81 90 71 60
73 82 44 36 28
73 83 82 67 60
73 84 91 70 63
73 85 51 46 41
73 86 17 13 11
73 87 96 87 68
73 88 7 5 4
73 89 76 58 50
73 90 60 51 43
73 91 26 20 15
73 92 156 136 107
73 93 114 97 76
73 94 110 93 81
73 95 22 17 13
73 96 93 77 61
73 97 50 39 32
73 98 70 60 53
73 99 98 77 61
74 75 93 76 61
74 76 25 20 17
74 77 96 84 65
74 78 116 90 72
74 79 39 33 27
74 80 97 88 70
74 81 51 41 32
74 82 58 48 43
74 83 105 86 74
74 84 21 18 16
74 85 96 85 66
74 86 85 74 63
74 87 24 20 16
74 88 99 78 63
74 89 25 20 17
74 90 37 31 24
74 91 107 93 79
74 92 79 64 54
74 93 148 115 89
74 94 86 67 58
74 95 115 98 78
74 96 98 85 69
74 97 81 63 49
74 98 22 18 14
74 99 53 46 37
75 76 63 52 45
75 77 54 43 37
75 78 27 23 18
75 79 95 83 66
75 80 58 51 40
75 81 65 54 48
75 82 30 23 20
75 83 116 89 75
75 84 76 61 55
75 85 76 62 56
75 86 43 34 27
75 87 91 76 60
75 88 30 25 20
75 89 62 53 48
75 90 53 48 42
75 91 32 27 23
75 92 171 139 110
75 93 129 111 91
75 94 130 116 89
75 95 38 30 26
75 96 111 86 74
75 97 60 47 42
75 98 80 61 48
75 99 69 60 48
76 77 75 64 53
76 78 91 73 56
76 79 50 39 32
76 80 94 75 58
76 81 34 30 24
76 82 38 32 26
76 83 103 82 70
76 84 24 19 15
76 85 91 73 58
76 86 63 56 49
76 87 32 26 20
76 88 74 57 48
76 89 14 12 9
76 90 19 17 13
76 91 89 76 63
76 92 113 87 69
76 93 131 104 86
76 94 86 77 63
76 95 91 73 62
76 96 83 75 66
76 97 57 48 39
76 98 7 5 4
76 99 42 37 29
77 78 41 33 28
77 79 85 65 55
77 80 11 8 6
77 81 105 85 69
77 82 61 51 40
77 83 61 53 41
77 84 93 81 67
77 85 35 28 21
77 86 16 13 10
77 87 108 89 72
77 88 25 22 18
77 89 75 60 49
77 90 65 51 42
77 91 45 38 30
77 92 139 113 98
77 93 88 72 56
77 94 95 74 65
77 95 34 30 24
77 96 57 46 41
77 97 31 24 19
77 98 93 73 56
77 99 112 92 72
78 79 113 91 71
78 80 40 35 29
78 81 100 77 64
78 82 52 42 33
78 83 107 84 68
78 84 99 80 69
78 85 68 56 48
78 86 28 22 19
78 87 117 95 74
78 88 19 15 12
78 89 75 68 57
78 90 73 59 50
78 91 11 9 7
78 92 170 147 116
78 93 137 105 82
78 94 120 100 89
78 95 13 11 9
78 96 100 85 68
78 97 55 47 40
78 98 88 73 60
78 99 88 74 64
79 80 95 75 59
79 81 77 64 55
79 82 79 61 50
79 83 82 66 51
79 84 56 48 41
79 85 60 54 48
79 86 82 69 56
79 87 55 49 42
79 88 83 68 60
79 89 36 30 24
79 90 40 33 26
79 91 95 86 77
79 92 76 59 45
79 93 86 77 64
79 94 51 40 32
79 95 97 84 73
79 96 66 57 45
79 97 54 46 36
79 98 46 37 32
79 99 84 67 60
80 81 108 96 74
80 82 60 54 45
80 83 64 51 40
80 84 120 94 73
80 85 30 24 21
80 86 22 18 14
80 87 103 90 78
80 88 30 26 21
80 89 77 60 54
80 90 69 56 47
80 91 41 34 30
80 92 153 119 101
80 93 79 62 54
80 94 97 77 68
80 95 33 29 24
80 96 62 53 42
80 97 40 31 24
80 98 97 76 61
80 99 104 94 77
81 82 41 36 32
81 83 137 108 93
81 84 27 22 17
81 85 118 94 79
81 86 95 74 63
81 87 29 25 20
81 88 85 75 59
81 89 49 40 32
81 90 48 40 35
81 91 107 88 70
81 92 113 97 86
81 93 162 128 109
81 94 121 95 86
81 95 114 91 71
81 96 127 114 89
81 97 94 73 60
81 98 39 30 23
81 99 10 8 6
82 83 97 80 71
82 84 56 43 36
82 85 78 67 53
82 86 48 40 32
82 87 54 47 42
82 88 44 36 28
82 89 44 38 30
82 90 35 31 25
82 91 53 47 40
82 92 152 118 92
82 93 127 105 87
82 94 121 98 77
82 95 62 47 40
82 96 96 78 69
82 97 52 43 36
82 98 43 36 29
82 99 48 39 33
83 84 134 108 84
83 85 34 26 20
83 86 80 63 50
83 87 146 112 88
83 88 78 70 57
83 89 85 75 63
83 90 90 71 58
83 91 100 89 70
83 92 115 90 81
83 93 26 22 17
83 94 64 49 39
83 95 89 80 63
83 96 12 9 7
83 97 51 43 36
83 98 108 91 72
83 99 142 116 97
84 85 109 92 73
84 86 90 78 63
84 87 8 7 6
84 88 86 75 62
84 89 35 27 22
84 90 41 36 28
84 91 109 93 75
84 92 100 84 69
84 93 131 118 100
84 94 110 89 72
84 95 114 90 75
84 96 130 101 80
84 97 68 61 54
84 98 20 16 13
84 99 35 28 22
85 86 43 36 30
85 87 121 94 77
85 88 55 48 38
85 89 67 58 52
85 90 69 55 46
85 91 77 60 50
85 92 132 109 86
85 93 49 42 36
85 94 76 60 49
85 95 66 52 44
85 96 30 24 21
85 97 28 24 19
85 98 88 76 60
85 99 106 91 82
86 87 101 87 68
86 88 12 10 8
86 89 71 60 47
86 90 61 51 40
86 91 34 28 23
86 92 146 127 101
86 93 94 76 65
86 94 117 91 72
86 95 27 22 18
86 96 73 65 50
86 97 35 29 23
86 98 73 66 52
86 99 83 73 65
87 88 97 79 67
87 89 38 32 26
87 90 50 40 32
87 91 124 97 81
87 92 101 85 67
87 93 160 126 103
87 94 103 88 73
87 95 104 90 81
87 96 111 96 83
87 97 73 64 58
87 98 26 22 17
87 99 34 30 25
88 89 80 62 48
88 90 54 48 40
88 91 27 21 18
88 92 137 119 104
88 93 117 91 73
88 94 122 101 77
88 95 25 20 15
88 96 86 69 57
88 97 44 37 29
88 98 79 62 51
88 99 86 74 61
89 90 14 11 8
89 91 90 74 64
89 92 85 71 63
89 93 108 97 79
89 94 75 67 55
89 95 87 78 62
89 96 73 66 58
89 97 50 42 34
89 98 16 12 10
89 99 51 41 37
90 91 90 72 57
90 92 105 82 68
90 93 100 83 74
90 94 90 69 55
90 95 80 63 55
90 96 79 69 54
90 97 40 34 27
90 98 24 20 15
90 99 57 50 40
91 92 162 139 121
91 93 136 108 84
91 94 139 118 94
91 95 11 9 7
91 96 114 90 71
91 97 70 58 45
91 98 95 73 66
91 99 95 83 70
92 93 143 113 88
92 94 72 56 43
92 95 166 132 118
92 96 106 86 75
92 97 122 99 79
92 98 93 77 67
92 99 148 119 91
93 94 66 59 45
93 95 108 86 77
93 96 29 25 21
93 97 78 65 52
93 98 113 102 88
93 99 146 128 113
94 95 127 105 88
94 96 43 38 34
94 97 69 60 49
94 98 79 71 63
94 99 121 109 91
95 96 87 77 65
95 97 63 49 40
95 98 90 77 65
95 99 98 86 72
96 97 48 39 33
96 98 94 83 68
96 99 132 105 93
97 98 64 54 42
97 99 82 70 63
98 99 42 35 28
2
1
5
7
1
2
10
9
8
5
5
2
7
2
3
6
3
6
5
9
3
2
1
6
5
1
5
7
6
1
8
7
3
4
5
2
4
7
1
9
4
8
1
8
6
8
9
7
5
2
8
7
6
2
4
8
2
10
5
1
2
10
2
8
5
9
3
9
2
2
2
8
2
9
10
4
6
9
9
2
9
7
4
5
8
7
3
10
9
6
9
3
8
4
10
2
6
8
1
5
