100 4950
0 1 32 27 23
0 2 73 59 47
0 3 39 34 29
0 4 16 14 12
0 5 102 79 62
0 6 84 67 58
0 7 51 44 34
0 8 36 30 24
0 9 20 15 11
0 10 34 29 26
0 11 88 72 56
0 12 104 82 68
0 13 64 49 39
0 14 84 75 64
0 15 56 50 40
0 16 82 64 52
0 17 43 35 29
0 18 51 45 39
0 19 67 52 42
0 20 69 62 47
0 21 68 56 43
0 22 56 47 40
0 23 22 18 14
0 24 59 46 40
0 25 10 8 6
0 26 52 40 32
0 27 57 45 39
0 28 83 71 56
0 29 57 47 38
0 30 35 29 25
0 31 53 41 36
0 32 73 59 51
0 33 47 36 29
0 34 60 51 40
0 35 29 26 22
0 36 31 26 23
0 37 93 83 64
0 38 39 31 27
0 39 68 59 50
0 40 7 6 4
0 41 57 48 39
0 42 47 41 35
0 43 49 41 36
0 44 57 47 37
0 45 16 12 9
0 46 27 21 18
0 47 18 15 12
0 48 44 34 28
0 49 74 66 56
0 50 63 56 43
0 51 83 66 58
0 52 85 73 62
0 53 75 58 47
0 54 66 51 43
0 55 19 15 12
0 56 12 10 8
0 57 71 57 50
0 58 20 17 13
0 59 73 61 49
0 60 67 56 46
0 61 37 31 27
0 62 28 24 18
0 63 43 35 27
0 64 84 66 59
0 65 65 51 46
0 66 75 58 49
0 67 106 90 72
0 68 91 70 57
0 69 58 50 44
0 70 46 36 31
0 71 67 58 50
0 72 59 48 39
0 73 80 66 55
0 74 62 56 50
0 75 78 70 63
0 76 56 43 34
0 77 22 18 16
0 78 37 31 28
0 79 26 21 17
0 80 46 38 29
0 81 31 26 23
0 82 64 54 45
0 83 53 43 38
0 84 77 62 51
0 85 82 73 62
0 86 43 37 32
0 87 39 34 28
0 88 55 45 40
0 89 15 13 11
0 90 44 35 31
0 91 61 48 38
0 92 16 13 10
0 93 17 14 11
0 94 49 39 32
0 95 37 30 24
0 96 89 73 59
0 97 70 60 52
0 98 98 82 66
0 99 76 64 50
1 2 94 83 67
1 3 14 11 9
1 4 20 16 14
1 5 112 91 82
1 6 70 54 45
1 7 78 62 49
1 8 33 26 22
1 9 38 31 27
1 10 67 56 47
1 11 96 84 72
1 12 130 105 87
1 13 28 21 17
1 14 81 71 58
1 15 55 47 38
1 16 107 95 73
1 17 66 53 44
1 18 34 28 21
1 19 96 76 64
1 20 71 55 43
1 21 34 30 24
1 22 105 81 62
1 23 51 41 34
1 24 48 37 29
1 25 25 22 17
1 26 15 12 10
1 27 33 28 23
1 28 116 92 73
1 29 65 52 44
1 30 26 20 17
1 31 68 60 52
1 32 63 49 41
1 33 20 16 13
1 34 93 79 62
1 35 58 44 34
1 36 50 40 33
1 37 120 98 77
1 38 40 32 28
1 39 86 67 56
1 40 25 22 19
1 41 73 64 56
1 42 64 56 47
1 43 66 54 46
1 44 21 17 15
1 45 37 33 28
1 46 43 35 28
1 47 55 43 34
1 48 15 12 10
1 49 119 93 78
1 50 35 27 24
1 51 90 80 67
1 52 83 65 54
1 53 72 61 54
1 54 62 56 50
1 55 40 33 26
1 56 41 32 26
1 57 104 80 71
1 58 41 32 25
1 59 107 90 71
1 60 63 48 43
1 61 76 61 49
1 62 57 49 39
1 63 56 47 38
1 64 111 92 80
1 65 93 80 67
1 66 113 88 70
1 67 121 109 89
1 68 117 95 78
1 69 63 54 42
1 70 17 14 12
1 71 103 82 72
1 72 58 47 42
1 73 71 64 50
1 74 59 45 39
1 75 120 95 81
1 76 73 61 55
1 77 44 38 34
1 78 68 55 49
1 79 11 9 7
1 80 71 57 48
1 81 7 6 5
1 82 93 75 67
1 83 77 67 54
1 84 88 68 56
1 85 79 63 52
1 86 59 48 41
1 87 72 58 46
1 88 83 71 58
1 89 42 35 31
1 90 59 50 40
1 91 88 73 58
1 92 36 29 26
1 93 44 37 30
1 94 80 61 53
1 95 47 37 30
1 96 110 88 79
1 97 91 76 67
1 98 116 98 83
1 99 48 42 33
2 3 114 89 69
2 4 90 70 58
2 5 92 71 58
2 6 127 98 81
2 7 36 29 23
2 8 113 91 70
2 9 57 46 40
2 10 29 24 21
2 11 98 86 69
2 12 33 28 23
2 13 111 96 81
2 14 169 133 107
2 15 81 65 54
2 16 74 58 46
2 17 89 72 57
2 18 134 107 85
2 19 36 28 23
2 20 127 102 89
2 21 133 110 89
2 22 52 40 32
2 23 53 42 33
2 24 113 88 68
2 25 78 61 52
2 26 117 96 75
2 27 107 94 73
2 28 95 82 65
2 29 61 50 42
2 30 103 85 71
2 31 73 65 58
2 32 138 119 95
2 33 108 87 75
2 34 27 22 17
2 35 53 45 35
2 36 96 78 61
2 37 133 105 82
2 38 112 87 70
2 39 124 104 83
2 40 68 57 50
2 41 24 21 17
2 42 95 80 65
2 43 44 39 32
2 44 110 89 79
2 45 65 57 49
2 46 83 74 58
2 47 59 46 37
2 48 118 95 74
2 49 54 45 40
2 50 135 114 89
2 51 133 106 87
2 52 152 129 106
2 53 117 98 80
2 54 52 46 39
2 55 81 62 53
2 56 67 57 49
2 57 18 16 12
2 58 58 49 42
2 59 28 23 19
2 60 117 103 89
2 61 35 30 24
2 62 43 34 30
2 63 52 44 35
2 64 21 18 14
2 65 61 49 38
2 66 17 15 12
2 67 112 98 78
2 68 23 19 15
2 69 75 64 57
2 70 113 90 70
2 71 37 28 24
2 72 110 89 79
2 73 157 123 97
2 74 147 117 95
2 75 29 23 20
2 76 55 45 36
2 77 49 39 33
2 78 58 48 43
2 79 90 77 62
2 80 68 61 50
2 81 92 76 65
2 82 33 27 21
2 83 30 25 19
2 84 133 109 85
2 85 145 127 106
2 86 108 85 67
2 87 30 25 21
2 88 75 64 55
2 89 65 51 45
2 90 91 80 67
2 91 70 61 49
2 92 73 66 51
2 93 74 60 49
2 94 23 20 17
2 95 66 54 42
2 96 22 19 15
2 97 31 24 21
2 98 96 86 75
2 99 124 102 81
3 4 31 25 22
3 5 138 107 89
3 6 52 46 37
3 7 77 61 49
3 8 46 39 30
3 9 42 37 30
3 10 75 66 51
3 11 128 100 81
3 12 138 106 88
3 13 20 16 13
3 14 92 83 65
3 15 54 42 33
3 16 113 91 80
3 17 70 61 52
3 18 37 29 24
3 19 96 82 69
3 20 72 59 51
3 21 45 35 28
3 22 96 87 68
3 23 49 43 38
3 24 32 25 21
3 25 37 29 24
3 26 13 11 8
3 27 19 16 14
3 28 123 101 82
3 29 59 47 41
3 30 33 29 26
3 31 90 73 60
3 32 73 62 48
3 33 32 26 20
3 34 101 78 67
3 35 53 42 35
3 36 63 49 42
3 37 115 103 86
3 38 48 41 36
3 39 88 78 65
3 40 39 32 25
3 41 90 73 56
3 42 81 71 56
3 43 58 50 45
3 44 17 15 12
3 45 53 45 35
3 46 53 47 37
3 47 59 50 39
3 48 26 21 17
3 49 120 103 84
3 50 38 32 27
3 51 103 93 76
3 52 78 70 61
3 53 98 79 62
3 54 75 60 47
3 55 45 38 34
3 56 52 43 33
3 57 100 88 75
3 58 40 35 27
3 59 103 88 75
3 60 81 63 51
3 61 87 67 53
3 62 63 50 43
3 63 52 46 37
3 64 128 100 82
3 65 94 82 74
3 66 110 90 74
3 67 151 118 97
3 68 120 97 82
3 69 56 44 36
3 70 6 4 3
3 71 122 98 77
3 72 81 65 50
3 73 88 68 58
3 74 64 54 46
3 75 121 100 81
3 76 96 81 62
3 77 58 48 37
3 78 79 65 56
3 79 23 19 15
3 80 80 67 55
3 81 8 7 6
3 82 106 85 72
3 83 81 62 54
3 84 86 76 64
3 85 85 66 58
3 86 79 64 50
3 87 68 55 49
3 88 84 73 66
3 89 54 43 38
3 90 72 62 49
3 91 103 85 65
3 92 51 44 34
3 93 58 47 37
3 94 81 64 57
3 95 44 37 29
3 96 106 95 82
3 97 94 81 66
3 98 125 105 91
3 99 35 28 24
4 5 94 81 69
4 6 80 67 56
4 7 61 53 44
4 8 25 19 15
4 9 33 26 21
4 10 56 48 38
4 11 93 76 59
4 12 120 99 80
4 13 47 39 30
4 14 81 70 56
4 15 60 49 43
4 16 86 76 60
4 17 46 39 31
4 18 41 32 28
4 19 70 59 53
4 20 59 47 38
4 21 46 41 32
4 22 67 57 50
4 23 41 32 25
4 24 54 46 38
4 25 11 9 7
4 26 32 26 23
4 27 56 45 35
4 28 84 75 60
4 29 70 54 44
4 30 20 17 14
4 31 54 44 38
4 32 61 48 41
4 33 28 23 18
4 34 74 64 51
4 35 42 35 30
4 36 30 25 21
4 37 100 85 65
4 38 32 25 19
4 39 64 54 46
4 40 13 10 9
4 41 69 60 50
4 42 54 45 35
4 43 61 51 44
4 44 37 32 28
4 45 23 18 14
4 46 23 18 16
4 47 36 29 23
4 48 26 21 17
4 49 102 82 65
4 50 50 41 32
4 51 76 67 56
4 52 82 66 53
4 53 69 56 44
4 54 67 60 50
4 55 20 16 13
4 56 18 15 13
4 57 83 73 61
4 58 32 28 21
4 59 96 75 60
4 60 52 43 38
4 61 60 46 38
4 62 47 38 29
4 63 57 44 35
4 64 89 79 70
4 65 86 67 54
4 66 97 75 60
4 67 101 87 76
4 68 96 79 69
4 69 70 61 47
4 70 35 29 24
4 71 85 73 60
4 72 45 40 33
4 73 63 52 47
4 74 54 44 39
4 75 105 88 74
4 76 63 49 42
4 77 41 32 27
4 78 51 41 36
4 79 13 10 8
4 80 49 38 34
4 81 25 21 16
4 82 79 63 56
4 83 76 60 48
4 84 75 59 47
4 85 77 62 52
4 86 46 39 30
4 87 53 45 39
4 88 63 49 44
4 89 25 22 19
4 90 41 34 29
4 91 67 57 44
4 92 22 17 13
4 93 26 21 16
4 94 65 53 43
4 95 48 38 30
4 96 94 79 70
4 97 94 79 62
4 98 113 89 70
4 99 71 57 45
5 6 166 138 118
5 7 107 90 71
5 8 94 84 69
5 9 95 79 66
5 10 71 60 53
5 11 33 25 22
5 12 105 84 74
5 13 148 114 98
5 14 133 110 86
5 15 124 110 95
5 16 19 16 13
5 17 61 47 41
5 18 126 112 91
5 19 51 43 36
5 20 115 94 74
5 21 126 104 94
5 22 41 35 29
5 23 82 71 59
5 24 133 114 101
5 25 96 86 66
5 26 142 112 92
5 27 154 129 101
5 28 27 22 17
5 29 120 106 87
5 30 118 93 73
5 31 49 40 34
5 32 121 96 84
5 33 106 93 82
5 34 60 51 42
5 35 96 85 71
5 36 75 66 53
5 37 49 40 35
5 38 100 81 64
5 39 79 68 54
5 40 96 78 66
5 41 93 79 68
5 42 61 54 43
5 43 114 98 79
5 44 141 111 96
5 45 78 70 55
5 46 74 63 56
5 47 77 65 54
5 48 121 103 83
5 49 30 23 20
5 50 156 123 94
5 51 82 63 49
5 52 136 112 89
5 53 67 58 52
5 54 130 108 88
5 55 80 72 56
5 56 76 68 57
5 57 66 56 48
5 58 111 88 70
5 59 61 51 41
5 60 110 88 73
5 61 65 57 46
5 62 88 69 54
5 63 116 94 75
5 64 78 68 56
5 65 27 24 21
5 66 62 54 48
5 67 35 28 21
5 68 74 58 52
5 69 133 112 100
5 70 130 112 92
5 71 54 45 35
5 72 96 75 61
5 73 115 91 78
5 74 131 108 86
5 75 116 89 76
5 76 43 36 30
5 77 88 76 62
5 78 48 41 34
5 79 105 93 76
5 80 49 39 35
5 81 107 97 84
5 82 53 42 37
5 83 117 90 70
5 84 80 67 56
5 85 146 113 92
5 86 80 63 50
5 87 84 69 61
5 88 38 33 26
5 89 70 62 52
5 90 80 66 52
5 91 37 29 25
5 92 88 73 56
5 93 83 68 53
5 94 71 59 50
5 95 129 101 78
5 96 81 66 55
5 97 117 92 78
5 98 33 28 22
5 99 168 130 111
6 7 80 71 58
6 8 96 75 66
6 9 78 69 53
6 10 100 89 70
6 11 157 132 113
6 12 142 119 93
6 13 56 46 39
6 14 135 112 100
6 15 36 31 27
6 16 153 119 107
6 17 122 98 85
6 18 81 68 57
6 19 132 114 90
6 20 123 103 86
6 21 95 74 59
6 22 122 110 93
6 23 83 67 60
6 24 26 23 18
6 25 88 72 55
6 26 52 47 41
6 27 32 28 23
6 28 164 145 113
6 29 60 50 40
6 30 96 80 62
6 31 150 115 93
6 32 119 98 83
6 33 84 67 56
6 34 111 99 86
6 35 76 62 49
6 36 109 91 76
6 37 178 153 120
6 38 107 84 72
6 39 150 118 101
6 40 70 60 54
6 41 97 76 65
6 42 139 107 90
6 43 77 62 49
6 44 57 47 40
6 45 97 81 66
6 46 94 80 71
6 47 92 79 65
6 48 76 65 53
6 49 156 137 108
6 50 93 74 59
6 51 182 144 111
6 52 132 115 95
6 53 133 109 98
6 54 72 58 45
6 55 106 82 67
6 56 99 80 64
6 57 141 115 90
6 58 71 64 49
6 59 137 118 94
6 60 145 113 87
6 61 121 95 75
6 62 81 73 65
6 63 62 56 47
6 64 137 122 94
6 65 135 116 99
6 66 137 108 89
6 67 171 144 129
6 68 131 107 95
6 69 35 31 25
6 70 50 44 35
6 71 139 110 97
6 72 120 98 87
6 73 131 116 93
6 74 119 102 80
6 75 123 104 85
6 76 148 115 88
6 77 79 67 57
6 78 141 110 85
6 79 83 64 50
6 80 129 112 86
6 81 65 53 41
6 82 131 111 92
6 83 100 80 63
6 84 144 112 101
6 85 127 110 91
6 86 124 104 85
6 87 89 75 64
6 88 144 126 97
6 89 98 82 68
6 90 114 94 84
6 91 144 116 95
6 92 94 81 66
6 93 97 77 68
6 94 112 96 75
6 95 63 50 42
6 96 143 114 95
6 97 105 88 68
6 98 184 159 123
6 99 23 20 17
7 8 81 66 58
7 9 41 31 24
7 10 30 23 19
7 11 111 93 75
7 12 55 46 39
7 13 92 79 62
7 14 129 113 98
7 15 44 38 32
7 16 74 67 58
7 17 82 70 55
7 18 94 81 69
7 19 49 42 37
7 20 125 96 80
7 21 102 86 73
7 22 61 51 43
7 23 34 27 22
7 24 64 54 46
7 25 59 47 38
7 26 72 65 56
7 27 83 68 52
7 28 104 88 73
7 29 31 26 20
7 30 90 76 58
7 31 86 77 59
7 32 118 99 84
7 33 82 72 60
7 34 45 39 31
7 35 22 17 15
7 36 83 65 54
7 37 131 102 87
7 38 88 68 60
7 39 129 104 80
7 40 52 40 35
7 41 13 10 8
7 42 99 76 63
7 43 17 13 10
7 44 82 71 60
7 45 58 47 40
7 46 79 63 50
7 47 45 37 29
7 48 85 71 58
7 49 82 65 56
7 50 101 82 73
7 51 110 99 87
7 52 145 116 96
7 53 120 93 77
7 54 29 23 18
7 55 70 55 44
7 56 60 47 40
7 57 49 37 33
7 58 35 29 25
7 59 53 45 38
7 60 116 90 80
7 61 44 34 26
7 62 31 27 22
7 63 21 16 13
7 64 50 44 37
7 65 78 62 50
7 66 47 38 32
7 67 132 109 88
7 68 57 49 38
7 69 50 40 35
7 70 83 64 50
7 71 57 48 42
7 72 101 83 72
7 73 128 103 89
7 74 126 100 83
7 75 52 40 32
7 76 64 51 43
7 77 29 24 19
7 78 62 52 45
7 79 73 59 46
7 80 77 62 50
7 81 70 55 46
7 82 60 47 37
7 83 10 8 6
7 84 115 103 82
7 85 145 123 95
7 86 80 72 63
7 87 16 14 11
7 88 87 74 59
7 89 52 44 37
7 90 102 78 62
7 91 79 70 54
7 92 58 47 41
7 93 66 52 41
7 94 34 26 21
7 95 32 26 21
7 96 52 41 37
7 97 25 21 18
7 98 120 103 84
7 99 100 77 59
8 9 51 40 35
8 10 68 58 49
8 11 83 65 55
8 12 137 107 92
8 13 50 43 34
8 14 57 46 41
8 15 79 69 56
8 16 91 70 62
8 17 43 34 28
8 18 31 26 23
8 19 85 72 60
8 20 39 30 24
8 21 40 31 25
8 22 85 67 55
8 23 53 44 38
8 24 68 61 50
8 25 31 27 21
8 26 42 37 28
8 27 70 54 44
8 28 84 70 57
8 29 90 75 59
8 30 11 8 6
8 31 47 41 36
8 32 37 30 27
8 33 23 18 14
8 34 93 74 61
8 35 56 50 45
8 36 22 19 16
8 37 86 66 58
8 38 12 9 7
8 39 49 44 35
8 40 29 26 23
8 41 104 82 63
8 42 44 36 28
8 43 93 75 58
8 44 44 36 32
8 45 29 25 21
8 46 23 19 14
8 47 47 42 33
8 48 23 20 17
8 49 109 86 69
8 50 40 31 26
8 51 69 56 46
8 52 51 45 39
8 53 56 43 33
8 54 84 74 65
8 55 28 22 18
8 56 34 26 21
8 57 106 88 71
8 58 49 39 35
8 59 108 84 69
8 60 33 28 24
8 61 70 58 47
8 62 60 52 41
8 63 73 58 49
8 64 126 104 81
8 65 82 72 58
8 66 93 84 70
8 67 105 83 72
8 68 107 94 79
8 69 85 72 60
8 70 48 42 33
8 71 106 82 68
8 72 32 26 21
8 73 45 39 32
8 74 38 30 26
8 75 129 100 87
8 76 74 61 47
8 77 60 47 40
8 78 66 51 39
8 79 27 22 18
8 80 47 41 35
8 81 34 30 26
8 82 90 79 64
8 83 95 79 62
8 84 49 41 35
8 85 56 45 38
8 86 32 28 22
8 87 78 63 52
8 88 71 56 43
8 89 36 29 26
8 90 28 23 20
8 91 68 59 45
8 92 28 24 20
8 93 31 27 22
8 94 73 63 54
8 95 56 50 44
8 96 116 93 80
8 97 107 84 76
8 98 99 78 65
8 99 76 61 53
9 10 28 24 21
9 11 99 82 63
9 12 85 73 60
9 13 53 47 42
9 14 104 83 75
9 15 45 38 31
9 16 82 63 54
9 17 50 43 38
9 18 68 55 46
9 19 65 50 40
9 20 82 70 57
9 21 73 62 50
9 22 62 49 41
9 23 14 11 8
9 24 51 41 36
9 25 23 18 14
9 26 52 43 36
9 27 50 45 38
9 28 89 75 62
9 29 41 33 28
9 30 48 39 34
9 31 60 49 44
9 32 92 71 61
9 33 53 44 37
9 34 54 42 37
9 35 16 13 11
9 36 50 42 33
9 37 102 80 72
9 38 56 43 37
9 39 78 69 60
9 40 17 15 12
9 41 46 36 30
9 42 67 58 44
9 43 42 32 25
9 44 59 49 41
9 45 26 22 19
9 46 42 35 28
9 47 21 17 13
9 48 47 40 35
9 49 83 74 57
9 50 72 58 50
9 51 99 86 68
9 52 99 83 73
9 53 80 67 57
9 54 47 38 32
9 55 31 27 22
9 56 27 22 18
9 57 65 54 45
9 58 10 7 5
9 59 68 58 46
9 60 86 70 57
9 61 35 28 24
9 62 23 18 14
9 63 25 20 16
9 64 74 65 53
9 65 65 58 47
9 66 56 50 44
9 67 104 91 78
9 68 80 66 52
9 69 50 42 36
9 70 53 41 32
9 71 71 59 47
9 72 76 59 50
9 73 108 86 66
9 74 90 72 60
9 75 73 64 54
9 76 49 41 36
9 77 13 10 7
9 78 54 42 33
9 79 39 30 23
9 80 48 41 36
9 81 37 30 26
9 82 67 56 43
9 83 43 37 28
9 84 90 76 61
9 85 112 87 72
9 86 61 54 43
9 87 34 26 20
9 88 73 58 46
9 89 30 24 18
9 90 61 54 42
9 91 56 49 43
9 92 30 23 20
9 93 29 26 20
9 94 44 35 27
9 95 22 17 14
9 96 75 65 53
9 97 61 50 42
9 98 108 86 73
9 99 67 58 47
10 11 87 75 57
10 12 62 51 43
10 13 101 80 63
10 14 131 108 87
10 15 61 53 45
10 16 57 47 40
10 17 56 44 39
10 18 96 83 65
10 19 34 26 21
10 20 94 79 69
10 21 99 81 69
10 22 38 33 25
10 23 22 17 14
10 24 79 67 54
10 25 43 37 32
10 26 86 69 56
10 27 89 71 58
10 28 75 60 54
10 29 55 45 35
10 30 67 60 50
10 31 58 49 42
10 32 109 85 75
10 33 81 71 55
10 34 25 22 17
10 35 35 27 21
10 36 62 49 41
10 37 97 81 69
10 38 76 59 50
10 39 102 80 65
10 40 46 39 30
10 41 30 24 19
10 42 68 59 47
10 43 38 31 27
10 44 92 74 61
10 45 43 34 29
10 46 50 45 38
10 47 24 20 16
10 48 76 61 54
10 49 59 52 40
10 50 93 83 69
10 51 94 84 70
10 52 118 103 86
10 53 82 72 62
10 54 57 47 36
10 55 48 40 33
10 56 44 38 29
10 57 32 28 24
10 58 38 31 24
10 59 34 30 26
10 60 96 77 69
10 61 13 11 8
10 62 14 11 9
10 63 38 30 24
10 64 50 39 33
10 65 45 37 32
10 66 37 30 23
10 67 99 82 69
10 68 49 42 32
10 69 78 63 48
10 70 69 60 53
10 71 38 33 28
10 72 75 66 59
10 73 107 91 77
10 74 100 89 75
10 75 59 49 39
10 76 32 27 24
10 77 21 18 14
10 78 39 35 27
10 79 57 49 42
10 80 45 40 33
10 81 60 52 46
10 82 33 27 23
10 83 29 25 19
10 84 102 81 67
10 85 128 107 86
10 86 65 56 48
10 87 15 12 9
10 88 59 47 41
10 89 33 29 24
10 90 67 55 48
10 91 52 41 36
10 92 43 36 30
10 93 42 32 28
10 94 9 7 6
10 95 45 37 29
10 96 45 40 33
10 97 49 39 32
10 98 85 74 65
10 99 109 87 67
11 12 123 101 88
11 13 143 110 87
11 14 103 80 65
11 15 146 118 94
11 16 42 34 27
11 17 40 34 29
11 18 104 87 77
11 19 70 60 46
11 20 78 69 55
11 21 113 98 79
11 22 55 44 37
11 23 81 70 58
11 24 128 109 96
11 25 82 67 59
11 26 118 92 81
11 27 116 104 93
11 28 10 8 6
11 29 147 114 89
11 30 83 71 60
11 31 32 25 21
11 32 83 72 65
11 33 104 82 69
11 34 72 63 52
11 35 108 87 71
11 36 59 45 40
11 37 24 18 14
11 38 70 57 50
11 39 48 39 33
11 40 85 69 59
11 41 103 93 75
11 42 44 34 27
11 43 126 106 82
11 44 127 108 85
11 45 75 60 48
11 46 72 56 44
11 47 76 67 51
11 48 113 89 70
11 49 57 47 37
11 50 105 88 79
11 51 40 33 27
11 52 99 85 69
11 53 41 36 32
11 54 144 119 91
11 55 76 61 47
11 56 63 57 49
11 57 103 79 61
11 58 98 80 67
11 59 84 67 54
11 60 84 66 54
11 61 64 56 50
11 62 75 66 55
11 63 106 91 76
11 64 100 83 71
11 65 48 41 32
11 66 84 72 60
11 67 26 20 17
11 68 100 86 67
11 69 128 114 98
11 70 126 101 83
11 71 69 57 49
11 72 56 48 43
11 73 85 65 58
11 74 109 87 68
11 75 126 109 88
11 76 48 39 34
11 77 92 73 62
11 78 45 38 31
11 79 87 77 66
11 80 45 36 28
11 81 100 85 75
11 82 76 59 49
11 83 107 84 75
11 84 59 46 36
11 85 109 90 72
11 86 44 39 34
11 87 93 80 65
11 88 24 21 17
11 89 66 55 46
11 90 48 41 36
11 91 33 26 22
11 92 74 61 48
11 93 75 59 45
11 94 78 67 56
11 95 108 88 77
11 96 93 78 69
11 97 118 100 87
11 98 17 14 11
11 99 147 128 103
12 13 141 118 100
12 14 195 162 129
12 15 99 81 67
12 16 91 79 63
12 17 107 90 79
12 18 151 131 106
12 19 64 49 42
12 20 174 142 112
12 21 156 125 110
12 22 69 59 51
12 23 79 70 55
12 24 134 106 83
12 25 116 90 73
12 26 144 112 94
12 27 143 112 90
12 28 120 102 84
12 29 80 70 54
12 30 120 106 93
12 31 121 99 80
12 32 193 149 117
12 33 137 110 97
12 34 53 45 37
12 35 79 65 54
12 36 122 101 84
12 37 144 118 102
12 38 120 107 92
12 39 143 121 105
12 40 97 79 71
12 41 45 40 32
12 42 124 99 87
12 43 67 54 46
12 44 149 127 99
12 45 106 81 71
12 46 105 94 80
12 47 86 67 59
12 48 128 110 95
12 49 78 68 55
12 50 159 129 110
12 51 139 121 108
12 52 174 157 128
12 53 144 120 102
12 54 71 59 49
12 55 114 92 75
12 56 116 90 72
12 57 41 31 27
12 58 100 78 62
12 59 45 39 34
12 60 151 127 111
12 61 75 60 47
12 62 72 63 52
12 63 73 65 52
12 64 25 22 18
12 65 83 73 56
12 66 41 34 28
12 67 151 120 94
12 68 30 27 22
12 69 100 79 69
12 70 117 100 89
12 71 56 47 40
12 72 149 121 101
12 73 147 132 119
12 74 180 142 117
12 75 13 11 9
12 76 82 68 57
12 77 68 60 54
12 78 85 75 64
12 79 119 100 83
12 80 116 92 71
12 81 134 103 84
12 82 57 47 39
12 83 48 43 34
12 84 145 125 107
12 85 169 150 128
12 86 135 114 90
12 87 59 48 41
12 88 120 96 76
12 89 104 81 67
12 90 145 117 90
12 91 92 82 69
12 92 116 92 73
12 93 114 90 71
12 94 58 47 39
12 95 86 75 60
12 96 27 24 19
12 97 41 33 25
12 98 137 121 93
12 99 139 124 97
13 14 95 76 62
13 15 66 51 42
13 16 122 101 89
13 17 82 71 59
13 18 27 21 18
13 19 125 102 81
13 20 67 59 50
13 21 29 26 21
13 22 118 99 79
13 23 69 61 50
13 24 36 32 27
13 25 46 40 34
13 26 11 9 7
13 27 28 24 18
13 28 118 99 89
13 29 82 66 52
13 30 40 36 29
13 31 91 77 67
13 32 62 51 45
13 33 31 25 20
13 34 114 101 78
13 35 65 53 47
13 36 64 56 48
13 37 130 111 91
13 38 61 50 40
13 39 99 82 67
13 40 48 43 35
13 41 104 86 68
13 42 84 72 61
13 43 83 65 57
13 44 5 4 3
13 45 63 57 44
13 46 65 55 44
13 47 69 59 50
13 48 28 23 18
13 49 135 109 95
13 50 26 23 20
13 51 127 101 79
13 52 95 74 57
13 53 98 75 66
13 54 77 67 59
13 55 63 49 43
13 56 56 50 42
13 57 140 109 87
13 58 61 47 39
13 59 112 99 87
13 60 73 58 50
13 61 98 80 65
13 62 84 67 55
13 63 72 56 49
13 64 142 122 94
13 65 130 110 84
13 66 121 107 86
13 67 148 123 104
13 68 152 120 94
13 69 71 57 45
13 70 18 14 12
13 71 131 101 88
13 72 81 68 53
13 73 88 69 56
13 74 59 48 41
13 75 136 111 93
13 76 109 94 72
13 77 69 58 49
13 78 101 81 65
13 79 30 26 23
13 80 84 73 64
13 81 27 21 17
13 82 128 110 84
13 83 93 84 67
13 84 98 78 67
13 85 86 66 53
13 86 91 72 55
13 87 90 78 61
13 88 118 91 74
13 89 78 60 48
13 90 74 61 53
13 91 104 88 74
13 92 63 54 43
13 93 69 53 46
13 94 89 77 68
13 95 55 46 41
13 96 136 118 94
13 97 111 90 78
13 98 151 126 98
13 99 34 27 23
14 15 135 116 96
14 16 125 109 85
14 17 78 63 52
14 18 64 54 44
14 19 137 109 92
14 20 29 23 18
14 21 60 54 43
14 22 122 99 85
14 23 120 95 77
14 24 114 100 86
14 25 97 78 62
14 26 96 75 60
14 27 116 98 78
14 28 118 91 70
14 29 153 118 99
14 30 66 56 43
14 31 88 71 56
14 32 26 21 18
14 33 65 52 46
14 34 130 114 95
14 35 121 96 85
14 36 66 59 46
14 37 82 68 58
14 38 55 45 38
14 39 51 39 33
14 40 97 79 64
14 41 161 132 102
14 42 67 54 46
14 43 137 116 99
14 44 90 73 61
14 45 90 74 59
14 46 69 59 49
14 47 98 85 71
14 48 74 57 49
14 49 135 120 95
14 50 62 53 43
14 51 56 50 41
14 52 11 9 7
14 53 51 40 34
14 54 164 133 105
14 55 81 69 55
14 56 79 69 59
14 57 158 129 106
14 58 109 90 76
14 59 154 129 101
14 60 28 24 19
14 61 138 108 83
14 62 132 103 79
14 63 134 113 90
14 64 168 135 116
14 65 111 99 85
14 66 148 119 104
14 67 124 99 79
14 68 150 134 113
14 69 128 115 99
14 70 98 80 67
14 71 143 124 99
14 72 47 37 29
14 73 16 13 10
14 74 32 27 21
14 75 187 153 125
14 76 113 94 77
14 77 111 96 80
14 78 95 78 68
14 79 84 66 57
14 80 91 76 62
14 81 81 73 63
14 82 142 112 96
14 83 160 124 102
14 84 46 38 30
14 85 21 16 12
14 86 54 46 41
14 87 121 103 91
14 88 93 79 63
14 89 80 72 63
14 90 67 52 41
14 91 99 81 69
14 92 76 68 58
14 93 94 74 59
14 94 144 112 91
14 95 131 102 85
14 96 183 143 115
14 97 188 145 115
14 98 103 80 72
14 99 116 99 85
15 16 118 106 83
15 17 96 81 68
15 18 84 69 56
15 19 103 84 65
15 20 125 103 79
15 21 85 73 60
15 22 97 85 69
15 23 48 43 37
15 24 27 21 18
15 25 63 49 39
15 26 60 49 39
15 27 42 32 27
15 28 132 112 93
15 29 20 17 14
15 30 81 66 54
15 31 120 96 74
15 32 100 89 79
15 33 71 58 51
15 34 85 73 60
15 35 37 29 25
15 36 85 74 61
15 37 141 117 103
15 38 92 72 61
15 39 113 100 88
15 40 59 45 37
15 41 52 43 38
15 42 107 90 74
15 43 35 27 22
15 44 62 49 42
15 45 75 59 48
15 46 70 63 56
15 47 70 55 43
15 48 66 55 48
15 49 131 106 84
15 50 85 70 59
15 51 142 114 97
15 52 141 118 92
15 53 115 104 85
15 54 27 23 19
15 55 77 62 51
15 56 80 61 47
15 57 93 78 64
15 58 48 37 28
15 59 94 82 68
15 60 116 92 80
15 61 71 57 51
15 62 61 53 42
15 63 29 24 21
15 64 95 86 68
15 65 116 98 76
15 66 97 78 63
15 67 154 139 109
15 68 94 78 69
15 69 8 6 5
15 70 43 37 32
15 71 107 92 71
15 72 98 87 76
15 73 121 103 87
15 74 116 96 77
15 75 87 74 59
15 76 98 75 65
15 77 49 38 33
15 78 96 82 64
15 79 56 49 39
15 80 103 81 67
15 81 48 40 33
15 82 98 82 67
15 83 49 40 36
15 84 122 104 88
15 85 130 104 89
15 86 100 84 71
15 87 60 48 38
15 88 98 86 77
15 89 71 58 49
15 90 101 80 70
15 91 118 95 74
15 92 82 63 49
15 93 72 60 50
15 94 65 56 49
15 95 24 21 18
15 96 93 80 68
15 97 63 56 43
15 98 156 124 104
15 99 48 38 31
16 17 52 41 36
16 18 124 103 84
16 19 31 26 23
16 20 101 89 71
16 21 135 113 87
16 22 24 19 16
16 23 66 57 47
16 24 142 114 90
16 25 90 72 57
16 26 115 101 82
16 27 137 105 91
16 28 34 29 22
16 29 108 97 75
16 30 96 74 66
16 31 44 36 30
16 32 121 97 81
16 33 108 89 74
16 34 48 37 30
16 35 98 77 59
16 36 69 55 47
16 37 66 53 41
16 38 80 67 58
16 39 70 61 54
16 40 74 65 56
16 41 89 73 56
16 42 53 45 40
16 43 99 86 67
16 44 127 99 87
16 45 65 52 46
16 46 67 58 48
16 47 72 56 43
16 48 103 87 75
16 49 18 14 11
16 50 145 112 87
16 51 79 61 52
16 52 128 107 87
16 53 78 63 52
16 54 110 94 76
16 55 63 56 48
16 56 70 60 48
16 57 58 47 37
16 58 92 71 58
16 59 43 33 29
16 60 106 82 70
16 61 44 37 33
16 62 62 50 42
16 63 90 78 63
16 64 62 54 45
16 65 11 9 8
16 66 54 42 36
16 67 46 39 33
16 68 66 52 41
16 69 125 113 87
16 70 130 105 82
16 71 37 29 23
16 72 80 65 58
16 73 115 98 76
16 74 124 96 82
16 75 94 76 64
16 76 28 24 19
16 77 75 60 50
16 78 37 32 25
16 79 95 77 67
16 80 44 36 28
16 81 110 92 74
16 82 36 31 25
16 83 81 66 57
16 84 78 63 56
16 85 120 104 89
16 86 63 56 46
16 87 70 58 48
16 88 33 27 22
16 89 61 52 42
16 90 69 59 47
16 91 27 22 18
16 92 78 61 47
16 93 57 51 44
16 94 55 46 37
16 95 94 81 66
16 96 70 55 44
16 97 101 84 66
16 98 46 41 31
16 99 149 123 100
17 18 75 65 50
17 19 58 48 41
17 20 60 48 37
17 21 79 63 53
17 22 51 41 33
17 23 47 40 35
17 24 114 88 68
17 25 42 36 31
17 26 76 61 53
17 27 100 81 65
17 28 41 35 30
17 29 101 85 65
17 30 49 38 32
17 31 12 10 8
17 32 64 57 46
17 33 64 54 41
17 34 67 53 44
17 35 66 57 47
17 36 20 16 12
17 37 49 44 35
17 38 35 30 24
17 39 35 29 26
17 40 46 38 32
17 41 74 64 57
17 42 13 10 8
17 43 89 71 60
17 44 84 73 57
17 45 30 23 20
17 46 26 20 16
17 47 44 36 28
17 48 69 53 43
17 49 61 53 44
17 50 80 68 53
17 51 46 40 32
17 52 79 68 53
17 53 33 29 23
17 54 99 89 69
17 55 29 22 19
17 56 34 28 22
17 57 86 66 54
17 58 58 49 41
17 59 72 61 50
17 60 52 45 36
17 61 48 40 34
17 62 54 43 34
17 63 76 67 52
17 64 95 81 65
17 65 57 44 34
17 66 81 67 53
17 67 65 53 46
17 68 83 74 62
17 69 97 82 72
17 70 79 67 55
17 71 65 52 47
17 72 36 29 24
17 73 59 48 43
17 74 65 58 47
17 75 124 97 77
17 76 38 32 25
17 77 60 49 39
17 78 22 19 16
17 79 56 44 38
17 80 16 12 10
17 81 71 56 47
17 82 61 49 44
17 83 91 73 57
17 84 42 32 28
17 85 71 61 55
17 86 18 15 11
17 87 67 60 46
17 88 22 18 15
17 89 29 26 20
17 90 18 15 12
17 91 27 22 18
17 92 28 24 20
17 93 27 22 18
17 94 61 48 42
17 95 70 58 51
17 96 81 72 64
17 97 93 80 70
17 98 59 47 39
17 99 117 93 75
18 19 131 102 80
18 20 47 37 33
18 21 6 5 4
18 22 109 95 76
18 23 77 64 52
18 24 59 50 43
18 25 49 43 34
18 26 24 21 18
18 27 46 40 35
18 28 117 102 79
18 29 92 74 64
18 30 28 22 19
18 31 94 74 58
18 32 39 31 27
18 33 18 15 11
18 34 128 99 79
18 35 85 69 54
18 36 59 50 39
18 37 110 88 78
18 38 44 34 28
18 39 85 69 53
18 40 55 44 36
18 41 110 94 75
18 42 72 61 50
18 43 98 77 66
18 44 24 20 17
18 45 61 47 41
18 46 54 43 36
18 47 64 57 50
18 48 16 14 12
18 49 128 115 91
18 50 6 5 4
18 51 104 82 64
18 52 64 49 39
18 53 80 66 51
18 54 101 83 70
18 55 58 47 38
18 56 54 44 39
18 57 124 106 89
18 58 59 50 45
18 59 121 102 88
18 60 49 42 34
18 61 83 74 65
18 62 81 72 57
18 63 85 73 58
18 64 142 120 98
18 65 112 96 80
18 66 125 109 88
18 67 133 116 94
18 68 148 117 96
18 69 83 72 59
18 70 38 32 25
18 71 138 109 87
18 72 63 49 38
18 73 54 48 38
18 74 31 27 24
18 75 152 118 100
18 76 96 75 68
18 77 68 59 53
18 78 98 78 60
18 79 39 30 24
18 80 92 74 57
18 81 34 29 24
18 82 110 93 83
18 83 109 84 74
18 84 73 63 52
18 85 50 42 35
18 86 57 50 44
18 87 93 81 65
18 88 91 76 65
18 89 61 52 45
18 90 68 52 42
18 91 105 84 67
18 92 64 49 39
18 93 60 47 42
18 94 102 85 71
18 95 81 62 50
18 96 154 126 97
18 97 127 100 86
18 98 131 113 87
18 99 62 49 41
19 20 121 97 76
19 21 120 100 83
19 22 17 13 10
19 23 45 38 32
19 24 107 94 75
19 25 73 62 48
19 26 103 92 74
19 27 113 87 78
19 28 59 49 42
19 29 84 71 55
19 30 84 72 63
19 31 55 47 39
19 32 136 104 84
19 33 93 82 70
19 34 11 9 7
19 35 61 54 42
19 36 65 56 48
19 37 91 73 60
19 38 80 68 59
19 39 106 83 65
19 40 72 58 46
19 41 52 44 34
19 42 63 54 47
19 43 72 57 46
19 44 111 94 79
19 45 60 49 40
19 46 69 57 47
19 47 46 37 31
19 48 94 80 69
19 49 31 24 19
19 50 111 97 83
19 51 94 80 66
19 52 122 108 93
19 53 88 74 62
19 54 81 65 55
19 55 59 50 43
19 56 58 51 41
19 57 22 19 16
19 58 64 53 44
19 59 16 13 10
19 60 105 87 75
19 61 24 20 17
19 62 42 32 27
19 63 57 51 44
19 64 36 32 26
19 65 22 19 15
19 66 25 20 15
19 67 84 68 55
19 68 32 28 22
19 69 95 82 69
19 70 112 93 71
19 71 12 10 8
19 72 87 71 64
19 73 104 93 83
19 74 118 99 84
19 75 66 51 42
19 76 26 20 16
19 77 47 42 35
19 78 38 29 25
19 79 88 72 58
19 80 40 35 31
19 81 103 81 64
19 82 7 5 4
19 83 50 45 35
19 84 90 79 67
19 85 120 105 94
19 86 76 61 51
19 87 44 34 28
19 88 45 40 34
19 89 56 44 35
19 90 73 66 52
19 91 40 35 27
19 92 64 54 42
19 93 53 45 38
19 94 26 20 17
19 95 73 59 49
19 96 37 32 25
19 97 63 53 43
19 98 67 58 52
19 99 125 97 87
20 21 43 38 32
20 22 99 80 69
20 23 79 70 59
20 24 99 86 71
20 25 57 51 44
20 26 69 55 46
20 27 89 78 64
20 28 90 74 59
20 29 124 100 82
20 30 38 30 26
20 31 61 48 42
20 32 15 13 11
20 33 47 41 31
20 34 112 87 78
20 35 101 83 68
20 36 43 33 29
20 37 72 61 52
20 38 30 23 20
20 39 34 29 24
20 40 74 57 46
20 41 118 98 85
20 42 44 39 32
20 43 118 93 82
20 44 77 60 48
20 45 68 52 41
20 46 44 36 32
20 47 73 62 54
20 48 51 42 34
20 49 119 98 80
20 50 47 41 33
20 51 47 41 35
20 52 26 20 17
20 53 36 28 24
20 54 118 100 88
20 55 55 48 37
20 56 58 47 42
20 57 124 102 89
20 58 80 67 58
20 59 130 108 85
20 60 4 3 2
20 61 98 78 66
20 62 91 80 61
20 63 100 82 72
20 64 146 122 99
20 65 96 80 70
20 66 117 106 88
20 67 101 83 70
20 68 136 108 96
20 69 132 105 83
20 70 74 66 53
20 71 103 93 83
20 72 21 17 14
20 73 14 11 9
20 74 21 18 14
20 75 146 130 108
20 76 96 78 61
20 77 94 73 62
20 78 77 61 52
20 79 59 52 41
20 80 74 58 46
20 81 74 57 48
20 82 105 90 80
20 83 118 105 84
20 84 36 27 22
20 85 29 24 19
20 86 39 30 26
20 87 109 88 73
20 88 69 55 49
20 89 67 56 46
20 90 36 32 25
20 91 84 67 54
20 92 57 51 40
20 93 60 51 42
20 94 103 86 73
20 95 103 85 67
20 96 152 122 98
20 97 149 117 98
20 98 90 75 63
20 99 92 80 72
21 22 113 94 79
21 23 77 63 56
21 24 65 54 46
21 25 54 48 38
21 26 32 25 21
21 27 55 44 37
21 28 114 90 81
21 29 86 75 67
21 30 33 27 21
21 31 95 77 60
21 32 37 30 25
21 33 24 18 14
21 34 138 107 82
21 35 84 66 58
21 36 63 49 41
21 37 117 90 79
21 38 46 36 30
21 39 83 69 53
21 40 61 49 40
21 41 112 97 79
21 42 72 65 52
21 43 116 90 70
21 44 26 23 20
21 45 59 52 44
21 46 58 46 39
21 47 80 66 54
21 48 24 19 16
21 49 139 114 94
21 50 3 2 1
21 51 85 76 65
21 52 52 44 37
21 53 77 65 52
21 54 101 85 74
21 55 64 50 41
21 56 56 49 42
21 57 132 112 92
21 58 69 57 49
21 59 142 111 91
21 60 48 38 33
21 61 105 81 69
21 62 99 76 60
21 63 89 76 61
21 64 138 113 101
21 65 123 98 83
21 66 118 104 91
21 67 143 122 95
21 68 151 116 100
21 69 94 78 63
21 70 42 32 28
21 71 130 102 91
21 72 55 44 39
21 73 52 45 37
21 74 34 27 22
21 75 154 121 104
21 76 107 83 71
21 77 79 63 57
21 78 93 81 63
21 79 39 35 27
21 80 80 68 60
21 81 44 34 28
21 82 121 98 87
21 83 109 98 77
21 84 72 59 52
21 85 52 43 33
21 86 60 52 45
21 87 104 82 69
21 88 83 75 68
21 89 73 63 48
21 90 73 56 44
21 91 99 81 70
21 92 65 51 42
21 93 61 52 45
21 94 101 83 74
21 95 86 71 54
21 96 145 127 101
21 97 126 105 90
21 98 114 102 89
21 99 61 50 43
22 23 53 41 33
22 24 113 87 76
22 25 67 57 45
22 26 117 90 72
22 27 123 101 78
22 28 50 44 34
22 29 88 75 60
22 30 84 70 58
22 31 46 39 30
22 32 108 94 77
22 33 97 75 66
22 34 26 20 16
22 35 59 52 44
22 36 63 49 42
22 37 69 62 51
22 38 72 63 53
22 39 81 67 56
22 40 58 50 44
22 41 63 49 41
22 42 62 49 39
22 43 77 61 51
22 44 111 100 77
22 45 51 41 36
22 46 65 50 41
22 47 41 35 30
22 48 108 86 66
22 49 23 20 17
22 50 108 89 79
22 51 91 70 57
22 52 116 102 86
22 53 71 62 54
22 54 89 77 60
22 55 60 48 39
22 56 52 46 38
22 57 37 30 25
22 58 65 58 45
22 59 30 23 18
22 60 103 84 68
22 61 26 22 18
22 62 41 37 28
22 63 73 56 48
22 64 55 46 35
22 65 13 11 8
22 66 32 28 24
22 67 70 56 47
22 68 44 36 31
22 69 98 82 73
22 70 98 80 70
22 71 24 20 15
22 72 77 63 56
22 73 113 94 75
22 74 112 91 78
22 75 83 64 51
22 76 13 11 9
22 77 58 46 36
22 78 27 21 18
22 79 77 68 56
22 80 34 29 24
22 81 96 78 63
22 82 19 15 13
22 83 60 52 41
22 84 88 75 59
22 85 124 99 87
22 86 57 49 44
22 87 47 40 33
22 88 38 29 25
22 89 50 39 32
22 90 58 51 45
22 91 27 24 19
22 92 59 50 38
22 93 52 41 34
22 94 30 26 22
22 95 69 59 52
22 96 47 40 34
22 97 80 65 51
22 98 64 50 44
22 99 123 100 88
23 24 61 49 44
23 25 30 23 19
23 26 60 52 43
23 27 61 52 46
23 28 94 74 57
23 29 43 37 31
23 30 60 46 38
23 31 63 50 40
23 32 93 72 64
23 33 59 51 43
23 34 42 36 29
23 35 22 18 14
23 36 52 40 33
23 37 102 82 68
23 38 58 48 40
23 39 86 70 59
23 40 26 20 17
23 41 35 30 26
23 42 65 52 42
23 43 37 30 26
23 44 72 59 48
23 45 30 25 19
23 46 44 38 29
23 47 13 10 8
23 48 59 47 41
23 49 78 62 49
23 50 85 71 56
23 51 101 82 66
23 52 102 84 76
23 53 83 67 56
23 54 43 38 34
23 55 33 29 23
23 56 27 22 18
23 57 58 48 38
23 58 17 14 12
23 59 54 43 38
23 60 81 66 59
23 61 25 20 16
23 62 9 7 6
23 63 28 22 18
23 64 63 54 46
23 65 56 47 40
23 66 49 42 37
23 67 109 88 72
23 68 71 59 45
23 69 54 47 41
23 70 60 47 40
23 71 56 47 40
23 72 75 62 51
23 73 100 87 68
23 74 88 76 63
23 75 79 62 50
23 76 41 36 29
23 77 6 5 4
23 78 37 33 27
23 79 41 34 29
23 80 45 36 31
23 81 49 37 33
23 82 52 45 35
23 83 37 31 25
23 84 82 72 60
23 85 109 87 75
23 86 58 48 42
23 87 23 18 14
23 88 59 52 41
23 89 26 21 16
23 90 56 47 41
23 91 54 46 38
23 92 32 25 20
23 93 31 25 19
23 94 27 23 19
23 95 33 26 20
23 96 70 56 46
23 97 52 44 39
23 98 97 77 68
23 99 90 69 55
24 25 58 44 37
24 26 42 33 26
24 27 16 12 10
24 28 140 120 96
24 29 42 34 30
24 30 68 57 46
24 31 104 86 75
24 32 91 77 68
24 33 57 45 40
24 34 109 86 71
24 35 50 41 34
24 36 91 73 59
24 37 157 121 102
24 38 74 65 56
24 39 116 100 84
24 40 57 47 37
24 41 80 65 53
24 42 105 84 72
24 43 54 46 38
24 44 42 35 27
24 45 77 63 49
24 46 78 67 53
24 47 74 61 48
24 48 58 48 37
24 49 131 118 92
24 50 72 56 46
24 51 142 118 94
24 52 116 92 81
24 53 123 99 81
24 54 56 43 37
24 55 67 56 49
24 56 76 61 47
24 57 106 92 76
24 58 47 39 32
24 59 119 97 79
24 60 89 79 71
24 61 95 76 59
24 62 66 59 49
24 63 52 42 34
24 64 115 99 82
24 65 127 105 83
24 66 116 93 76
24 67 159 124 112
24 68 119 99 82
24 69 30 24 19
24 70 27 21 19
24 71 125 97 82
24 72 108 86 70
24 73 120 101 78
24 74 94 80 65
24 75 105 93 76
24 76 104 80 72
24 77 68 53 41
24 78 97 77 68
24 79 44 38 33
24 80 93 77 69
24 81 38 29 24
24 82 125 100 77
24 83 68 58 51
24 84 122 101 84
24 85 114 93 78
24 86 103 87 68
24 87 71 55 49
24 88 118 95 80
24 89 80 63 50
24 90 101 86 66
24 91 128 101 78
24 92 70 59 48
24 93 77 62 51
24 94 84 75 60
24 95 41 34 27
24 96 114 95 82
24 97 83 74 59
24 98 161 138 106
24 99 23 18 14
25 26 41 33 27
25 27 50 41 35
25 28 96 75 60
25 29 57 48 39
25 30 31 26 21
25 31 52 43 39
25 32 71 58 47
25 33 33 29 24
25 34 71 57 46
25 35 34 30 24
25 36 39 30 23
25 37 99 83 66
25 38 38 33 25
25 39 74 64 50
25 40 5 4 3
25 41 66 55 43
25 42 54 46 36
25 43 52 44 38
25 44 47 40 32
25 45 18 15 12
25 46 26 21 18
25 47 25 20 17
25 48 36 29 23
25 49 91 74 61
25 50 65 50 38
25 51 86 70 59
25 52 88 72 59
25 53 63 57 47
25 54 60 51 44
25 55 20 17 13
25 56 15 13 10
25 57 76 66 55
25 58 20 16 14
25 59 82 71 55
25 60 68 55 44
25 61 48 41 32
25 62 36 30 23
25 63 44 36 29
25 64 93 82 64
25 65 72 62 51
25 66 78 64 54
25 67 107 94 75
25 68 86 73 63
25 69 61 52 43
25 70 42 34 26
25 71 78 67 55
25 72 60 48 38
25 73 87 68 52
25 74 65 52 46
25 75 106 88 68
25 76 61 48 39
25 77 31 26 20
25 78 49 40 33
25 79 16 13 11
25 80 50 39 33
25 81 28 22 18
25 82 75 63 51
25 83 59 49 42
25 84 71 57 50
25 85 85 72 58
25 86 41 37 33
25 87 47 36 32
25 88 61 52 43
25 89 25 19 15
25 90 41 36 32
25 91 58 49 42
25 92 21 16 12
25 93 22 17 14
25 94 52 41 37
25 95 35 30 24
25 96 90 78 64
25 97 85 65 55
25 98 102 78 69
25 99 68 58 45
26 27 24 21 18
26 28 113 92 82
26 29 63 56 48
26 30 32 28 23
26 31 87 71 61
26 32 64 52 43
26 33 26 20 16
26 34 105 84 71
26 35 69 53 41
26 36 68 54 41
26 37 143 111 85
26 38 56 43 34
26 39 84 75 62
26 40 46 35 28
26 41 87 72 63
26 42 79 65 55
26 43 78 61 52
26 44 9 7 6
26 45 56 43 37
26 46 58 48 37
26 47 61 50 43
26 48 21 17 13
26 49 141 113 88
26 50 34 27 21
26 51 101 91 74
26 52 86 73 56
26 53 84 70 60
26 54 78 61 55
26 55 55 46 36
26 56 53 44 35
26 57 113 99 80
26 58 52 41 33
26 59 125 98 80
26 60 72 57 47
26 61 93 74 58
26 62 64 56 48
26 63 69 54 44
26 64 121 100 88
26 65 110 98 77
26 66 130 101 79
26 67 145 121 98
26 68 134 111 87
26 69 66 53 42
26 70 12 10 8
26 71 117 101 81
26 72 67 57 48
26 73 74 60 53
26 74 57 45 40
26 75 132 104 88
26 76 85 75 65
26 77 67 55 43
26 78 94 73 58
26 79 22 18 16
26 80 83 66 57
26 81 18 14 11
26 82 117 99 77
26 83 79 71 61
26 84 79 69 62
26 85 75 65 52
26 86 71 63 49
26 87 80 67 54
26 88 101 84 67
26 89 60 51 41
26 90 70 62 48
26 91 98 84 67
26 92 51 44 36
26 93 60 51 39
26 94 89 76 62
26 95 53 47 36
26 96 117 100 88
26 97 104 91 73
26 98 148 118 91
26 99 39 32 26
27 28 130 113 94
27 29 57 49 38
27 30 57 50 40
27 31 106 92 73
27 32 80 67 60
27 33 46 38 33
27 34 112 96 74
27 35 61 47 39
27 36 70 63 55
27 37 151 125 99
27 38 72 56 50
27 39 108 91 78
27 40 51 44 36
27 41 81 66 59
27 42 90 79 69
27 43 61 52 45
27 44 29 24 18
27 45 75 61 47
27 46 77 61 50
27 47 69 54 49
27 48 47 37 30
27 49 126 109 94
27 50 58 47 37
27 51 124 106 89
27 52 114 90 73
27 53 98 85 76
27 54 67 52 45
27 55 77 60 47
27 56 76 59 45
27 57 117 94 81
27 58 51 42 34
27 59 113 97 83
27 60 89 75 64
27 61 99 78 62
27 62 75 65 51
27 63 65 51 39
27 64 114 100 87
27 65 125 99 84
27 66 120 103 80
27 67 168 131 110
27 68 114 100 87
27 69 43 33 28
27 70 18 14 12
27 71 119 103 85
27 72 81 73 64
27 73 98 87 71
27 74 86 66 57
27 75 127 106 83
27 76 95 84 72
27 77 65 53 44
27 78 88 79 67
27 79 41 33 28
27 80 102 85 68
27 81 31 24 19
27 82 113 96 80
27 83 81 70 57
27 84 115 102 78
27 85 114 87 69
27 86 91 74 64
27 87 82 64 54
27 88 108 93 78
27 89 78 64 50
27 90 94 80 62
27 91 102 86 77
27 92 65 58 46
27 93 71 57 49
27 94 93 77 63
27 95 45 39 31
27 96 133 106 87
27 97 97 81 67
27 98 148 133 104
27 99 17 13 11
28 29 116 104 87
28 30 96 74 62
28 31 34 26 22
28 32 102 79 69
28 33 112 88 71
28 34 79 62 49
28 35 105 82 70
28 36 60 50 42
28 37 27 22 19
28 38 77 62 52
28 39 53 42 37
28 40 84 75 59
28 41 114 91 72
28 42 40 36 30
28 43 104 91 80
28 44 120 98 87
28 45 61 54 48
28 46 66 51 46
28 47 77 61 50
28 48 104 92 72
28 49 50 38 32
28 50 103 93 82
28 51 47 38 32
28 52 97 86 73
28 53 48 41 36
28 54 129 109 89
28 55 76 60 48
28 56 72 56 50
28 57 71 63 57
28 58 102 78 66
28 59 82 64 50
28 60 86 71 58
28 61 64 53 47
28 62 75 62 53
28 63 96 87 74
28 64 97 83 66
28 65 40 35 28
28 66 82 71 56
28 67 22 19 16
28 68 99 77 63
28 69 133 115 97
28 70 126 99 84
28 71 66 54 45
28 72 63 53 46
28 73 86 74 62
28 74 98 84 72
28 75 139 107 84
28 76 51 40 31
28 77 92 78 61
28 78 41 37 30
28 79 105 82 67
28 80 40 32 27
28 81 118 94 76
28 82 64 53 45
28 83 95 82 73
28 84 56 48 40
28 85 111 93 76
28 86 54 42 37
28 87 97 78 62
28 88 27 22 17
28 89 73 57 46
28 90 62 48 38
28 91 26 23 20
28 92 70 55 48
28 93 71 56 46
28 94 75 66 54
28 95 107 94 76
28 96 88 77 65
28 97 125 104 84
28 98 18 14 11
28 99 146 131 104
29 30 84 72 57
29 31 116 91 70
29 32 111 96 84
29 33 87 69 57
29 34 81 64 49
29 35 27 22 18
29 36 88 72 61
29 37 143 123 99
29 38 88 71 63
29 39 137 106 87
29 40 54 48 37
29 41 41 32 26
29 42 114 93 72
29 43 15 12 10
29 44 80 67 51
29 45 72 58 46
29 46 80 64 55
29 47 61 48 38
29 48 85 67 54
29 49 104 88 74
29 50 92 76 67
29 51 143 116 96
29 52 136 123 96
29 53 127 99 84
29 54 11 9 7
29 55 66 57 49
29 56 64 50 45
29 57 68 59 52
29 58 43 34 26
29 59 77 64 57
29 60 117 101 82
29 61 58 51 42
29 62 51 43 35
29 63 20 16 13
29 64 92 72 55
29 65 97 86 67
29 66 76 64 51
29 67 144 114 103
29 68 76 68 56
29 69 26 20 16
29 70 68 53 41
29 71 91 70 61
29 72 104 91 77
29 73 117 101 91
29 74 113 100 82
29 75 74 59 46
29 76 86 71 58
29 77 40 32 27
29 78 76 66 58
29 79 60 50 43
29 80 89 71 62
29 81 57 50 40
29 82 81 71 56
29 83 37 31 24
29 84 123 98 88
29 85 130 115 94
29 86 107 83 70
29 87 37 32 28
29 88 99 89 72
29 89 68 54 45
29 90 98 79 69
29 91 97 83 68
29 92 65 57 47
29 93 69 59 48
29 94 50 44 39
29 95 24 19 15
29 96 78 69 56
29 97 48 39 30
29 98 161 126 98
29 99 68 53 44
30 31 60 47 40
30 32 39 30 27
30 33 15 13 10
30 34 93 80 63
30 35 61 55 44
30 36 30 26 21
30 37 96 76 63
30 38 18 15 12
30 39 65 50 40
30 40 33 29 23
30 41 80 71 63
30 42 55 43 33
30 43 84 74 57
30 44 41 35 27
30 45 31 27 23
30 46 26 21 18
30 47 46 41 34
30 48 17 13 11
30 49 102 86 73
30 50 37 29 22
30 51 83 66 51
30 52 64 49 40
30 53 57 47 37
30 54 88 79 63
30 55 30 25 20
30 56 30 26 22
30 57 101 83 73
30 58 56 44 34
30 59 119 92 71
30 60 37 33 27
30 61 66 55 49
30 62 60 47 42
30 63 63 56 48
30 64 124 104 82
30 65 87 74 62
30 66 109 91 72
30 67 117 93 77
30 68 117 102 80
30 69 90 73 57
30 70 38 33 28
30 71 105 82 70
30 72 37 32 25
30 73 50 42 34
30 74 42 33 26
30 75 133 114 87
30 76 74 65 51
30 77 61 51 40
30 78 65 50 42
30 79 24 19 15
30 80 56 46 39
30 81 34 27 22
30 82 105 82 66
30 83 93 78 62
30 84 61 49 39
30 85 53 43 38
30 86 38 32 27
30 87 78 60 52
30 88 69 54 47
30 89 41 34 28
30 90 34 30 25
30 91 71 59 49
30 92 31 26 22
30 93 36 30 25
30 94 78 69 55
30 95 70 54 42
30 96 121 104 82
30 97 114 96 75
30 98 102 91 70
30 99 68 58 49
31 32 81 65 51
31 33 77 61 49
31 34 69 54 43
31 35 84 69 53
31 36 30 23 20
31 37 46 37 29
31 38 48 40 31
31 39 41 32 26
31 40 59 51 39
31 41 95 73 60
31 42 16 13 10
31 43 102 84 65
31 44 87 76 65
31 45 40 32 27
31 46 38 30 24
31 47 53 42 33
31 48 65 58 51
31 49 52 46 39
31 50 82 69 60
31 51 46 36 29
31 52 82 73 58
31 53 37 31 24
31 54 101 90 74
31 55 43 33 26
31 56 41 35 29
31 57 82 69 54
31 58 71 60 47
31 59 75 59 48
31 60 57 51 40
31 61 52 40 36
31 62 55 46 37
31 63 93 74 58
31 64 101 82 64
31 65 49 39 30
31 66 71 61 53
31 67 60 48 38
31 68 78 70 61
31 69 115 90 79
31 70 88 76 62
31 71 68 59 45
31 72 40 34 28
31 73 73 60 47
31 74 73 64 53
31 75 103 88 78
31 76 33 28 23
31 77 61 51 44
31 78 22 19 16
31 79 68 54 45
31 80 14 12 10
31 81 82 66 54
31 82 63 55 43
31 83 84 71 60
31 84 48 37 29
31 85 83 73 60
31 86 26 22 17
31 87 76 61 49
31 88 12 10 8
31 89 38 30 26
31 90 29 23 18
31 91 20 17 13
31 92 39 32 27
31 93 35 30 25
31 94 57 50 43
31 95 93 72 57
31 96 91 78 63
31 97 105 84 73
31 98 45 39 32
31 99 123 98 83
32 33 42 36 29
32 34 125 101 85
32 35 106 88 70
32 36 53 43 36
32 37 103 80 62
32 38 39 33 26
32 39 47 40 35
32 40 71 58 49
32 41 121 108 89
32 42 55 48 42
32 43 123 100 84
32 44 59 48 43
32 45 65 53 47
32 46 51 42 38
32 47 86 75 59
32 48 47 37 32
32 49 131 105 89
32 50 38 30 26
32 51 72 59 46
32 52 21 18 14
32 53 51 42 35
32 54 131 106 90
32 55 58 48 43
32 56 68 56 46
32 57 136 118 96
32 58 79 69 61
32 59 130 108 92
32 60 21 16 13
32 61 95 82 72
32 62 91 76 66
32 63 104 88 75
32 64 156 126 106
32 65 103 87 79
32 66 120 106 94
32 67 114 101 81
32 68 132 116 103
32 69 110 93 82
32 70 70 57 50
32 71 122 107 91
32 72 35 31 24
32 73 19 15 13
32 74 7 5 4
32 75 149 133 113
32 76 92 80 69
32 77 103 85 66
32 78 91 71 60
32 79 61 51 41
32 80 73 66 55
32 81 67 57 46
32 82 134 108 87
32 83 124 98 88
32 84 48 42 33
32 85 19 15 12
32 86 57 44 35
32 87 107 94 78
32 88 84 75 59
32 89 74 63 51
32 90 44 39 34
32 91 79 71 63
32 92 63 56 45
32 93 67 53 47
32 94 107 89 79
32 95 98 78 69
32 96 162 125 105
32 97 136 122 102
32 98 116 95 74
32 99 94 85 67
33 34 102 83 69
33 35 65 56 46
33 36 47 36 30
33 37 106 87 71
33 38 31 24 20
33 39 68 57 48
33 40 36 31 26
33 41 103 86 66
33 42 58 48 42
33 43 86 67 58
33 44 29 22 18
33 45 46 36 30
33 46 37 31 27
33 47 58 50 40
33 48 6 5 4
33 49 118 99 81
33 50 23 18 14
33 51 86 68 59
33 52 60 54 42
33 53 75 60 46
33 54 78 70 63
33 55 44 34 28
33 56 45 35 29
33 57 106 93 79
33 58 52 46 36
33 59 113 95 77
33 60 45 39 32
33 61 85 67 55
33 62 76 60 47
33 63 69 57 49
33 64 113 101 88
33 65 103 90 70
33 66 108 91 77
33 67 128 102 86
33 68 124 109 86
33 69 75 64 54
33 70 33 26 22
33 71 109 87 77
33 72 53 42 33
33 73 58 49 38
33 74 40 33 26
33 75 134 103 91
33 76 80 70 58
33 77 57 49 44
33 78 81 65 51
33 79 23 18 15
33 80 65 57 48
33 81 29 23 18
33 82 115 93 73
33 83 91 79 65
33 84 68 59 47
33 85 60 48 39
33 86 56 46 36
33 87 83 68 56
33 88 83 70 56
33 89 52 41 35
33 90 50 39 34
33 91 85 68 58
33 92 43 36 29
33 93 51 39 32
33 94 98 79 61
33 95 61 48 43
33 96 136 109 87
33 97 112 91 78
33 98 131 103 79
33 99 65 52 41
34 35 51 44 37
34 36 66 58 49
34 37 86 76 66
34 38 85 76 60
34 39 104 83 69
34 40 61 54 44
34 41 41 34 27
34 42 86 67 51
34 43 58 52 40
34 44 128 99 76
34 45 65 51 40
34 46 69 61 48
34 47 43 33 29
34 48 90 78 68
34 49 39 34 26
34 50 121 101 82
34 51 107 84 71
34 52 126 112 95
34 53 88 79 66
34 54 64 57 49
34 55 61 50 43
34 56 66 53 41
34 57 18 15 11
34 58 64 52 41
34 59 15 12 9
34 60 104 90 77
34 61 23 18 14
34 62 35 29 24
34 63 57 50 39
34 64 33 27 22
34 65 33 28 22
34 66 16 13 10
34 67 94 79 61
34 68 32 24 19
34 69 99 81 64
34 70 103 84 69
34 71 18 14 12
34 72 110 85 66
34 73 135 104 85
34 74 122 95 85
34 75 54 46 36
34 76 34 27 21
34 77 45 39 31
34 78 42 37 28
34 79 83 67 57
34 80 45 39 35
34 81 93 75 62
34 82 11 9 7
34 83 38 32 28
34 84 109 84 71
34 85 144 116 95
34 86 75 64 54
34 87 31 28 23
34 88 57 49 39
34 89 47 41 35
34 90 81 67 55
34 91 48 38 33
34 92 62 49 41
34 93 52 46 39
34 94 17 15 11
34 95 67 57 45
34 96 31 27 21
34 97 57 46 36
34 98 77 68 59
34 99 138 107 83
35 36 67 52 44
35 37 124 96 81
35 38 64 58 48
35 39 99 83 70
35 40 33 25 22
35 41 34 27 22
35 42 73 61 54
35 43 22 18 14
35 44 76 60 46
35 45 40 33 29
35 46 57 47 39
35 47 32 27 21
35 48 59 50 43
35 49 79 68 60
35 50 76 66 58
35 51 109 86 78
35 52 121 101 83
35 53 114 87 67
35 54 31 25 22
35 55 48 42 33
35 56 44 37 28
35 57 58 52 43
35 58 15 12 10
35 59 66 53 45
35 60 88 75 67
35 61 38 30 27
35 62 26 20 18
35 63 10 8 6
35 64 67 59 49
35 65 70 63 52
35 66 63 50 42
35 67 119 95 85
35 68 71 59 49
35 69 38 34 29
35 70 51 45 36
35 71 76 59 48
35 72 93 75 60
35 73 104 85 76
35 74 96 80 69
35 75 63 53 47
35 76 56 46 41
35 77 15 12 10
35 78 56 50 40
35 79 40 35 31
35 80 60 53 44
35 81 47 37 31
35 82 65 54 43
35 83 32 25 20
35 84 98 88 71
35 85 133 103 81
35 86 77 62 53
35 87 24 19 15
35 88 79 64 54
35 89 46 36 28
35 90 75 61 52
35 91 67 59 51
35 92 44 34 30
35 93 45 35 31
35 94 40 33 26
35 95 14 11 8
35 96 66 59 49
35 97 50 38 33
35 98 129 100 81
35 99 68 53 47
36 37 67 56 45
36 38 18 15 12
36 39 38 34 27
36 40 39 30 24
36 41 88 71 58
36 42 20 18 14
36 43 80 68 57
36 44 65 55 46
36 45 26 20 15
36 46 10 8 6
36 47 40 31 26
36 48 49 40 31
36 49 76 67 55
36 50 67 52 41
36 51 48 43 36
36 52 70 55 46
36 53 33 28 24
36 54 93 75 65
36 55 18 15 12
36 56 22 19 16
36 57 94 78 60
36 58 52 46 36
36 59 72 64 57
36 60 39 33 28
36 61 52 45 38
36 62 51 44 34
36 63 73 58 49
36 64 108 90 71
36 65 73 57 44
36 66 96 77 59
36 67 77 67 57
36 68 104 85 68
36 69 86 73 66
36 70 70 54 44
36 71 82 63 55
36 72 27 21 18
36 73 52 46 36
36 74 60 49 37
36 75 128 104 80
36 76 50 40 34
36 77 57 45 36
36 78 36 31 25
36 79 40 34 27
36 80 28 25 20
36 81 57 44 36
36 82 81 65 52
36 83 87 72 57
36 84 36 32 28
36 85 74 59 46
36 86 16 13 10
36 87 60 52 46
36 88 38 30 27
36 89 25 21 18
36 90 15 12 9
36 91 40 35 30
36 92 19 17 14
36 93 22 17 14
36 94 61 53 45
36 95 67 60 46
36 96 99 83 70
36 97 101 87 71
36 98 66 57 50
36 99 90 76 65
37 38 76 65 52
37 39 47 36 28
37 40 99 77 67
37 41 134 111 87
37 42 49 39 31
37 43 148 119 93
37 44 126 99 89
37 45 73 62 55
37 46 67 57 50
37 47 100 77 61
37 48 110 95 74
37 49 80 63 51
37 50 107 92 80
37 51 25 22 18
37 52 82 71 63
37 53 38 34 28
37 54 159 129 102
37 55 84 70 54
37 56 91 73 57
37 57 113 97 75
37 58 102 89 76
37 59 94 77 68
37 60 72 59 50
37 61 100 78 62
37 62 97 76 65
37 63 119 105 86
37 64 128 108 85
37 65 61 54 46
37 66 113 87 74
37 67 30 26 21
37 68 113 94 81
37 69 140 119 107
37 70 129 100 88
37 71 97 74 63
37 72 58 46 41
37 73 83 66 53
37 74 107 83 65
37 75 130 117 101
37 76 66 57 46
37 77 99 84 72
37 78 65 54 43
37 79 97 79 71
37 80 53 42 37
37 81 121 105 81
37 82 92 75 63
37 83 147 113 87
37 84 43 34 30
37 85 95 75 67
37 86 52 41 36
37 87 112 88 76
37 88 43 36 28
37 89 76 63 55
37 90 59 50 38
37 91 50 44 34
37 92 90 71 55
37 93 73 64 53
37 94 88 79 69
37 95 126 101 86
37 96 123 95 83
37 97 124 110 99
37 98 23 20 15
37 99 166 130 109
38 39 40 33 29
38 40 40 33 27
38 41 102 82 65
38 42 35 30 23
38 43 86 77 62
38 44 57 45 38
38 45 34 27 22
38 46 20 16 13
38 47 47 40 34
38 48 33 29 23
38 49 93 74 66
38 50 50 39 30
38 51 58 48 40
38 52 55 42 37
38 53 46 36 27
38 54 103 88 69
38 55 25 21 18
38 56 30 26 22
38 57 101 84 71
38 58 54 47 39
38 59 100 80 68
38 60 32 25 20
38 61 73 60 47
38 62 62 55 42
38 63 87 67 53
38 64 132 103 80
38 65 70 61 55
38 66 99 88 69
38 67 100 80 66
38 68 102 88 78
38 69 103 81 66
38 70 57 46 39
38 71 105 85 66
38 72 22 18 15
38 73 43 35 29
38 74 35 30 26
38 75 119 98 88
38 76 72 57 45
38 77 61 49 42
38 78 56 46 36
38 79 36 31 24
38 80 50 41 31
38 81 42 36 32
38 82 94 81 63
38 83 93 72 64
38 84 41 35 29
38 85 50 44 36
38 86 24 18 16
38 87 76 60 53
38 88 60 47 38
38 89 36 31 26
38 90 22 17 14
38 91 67 53 41
38 92 28 23 20
38 93 35 27 22
38 94 75 66 54
38 95 72 61 48
38 96 101 91 80
38 97 127 98 78
38 98 81 68 60
38 99 78 69 59
39 40 83 64 51
39 41 115 97 83
39 42 25 21 18
39 43 132 105 84
39 44 91 72 65
39 45 66 53 41
39 46 43 37 33
39 47 72 64 52
39 48 70 62 50
39 49 99 77 64
39 50 71 61 54
39 51 19 15 12
39 52 53 42 36
39 53 5 4 3
39 54 134 116 92
39 55 52 46 38
39 56 65 54 43
39 57 114 96 79
39 58 99 78 62
39 59 110 94 74
39 60 33 29 23
39 61 88 68 59
39 62 82 71 58
39 63 105 90 76
39 64 123 105 90
39 65 92 72 55
39 66 111 100 78
39 67 72 61 47
39 68 110 95 86
39 69 153 118 92
39 70 101 84 67
39 71 94 78 70
39 72 24 20 15
39 73 33 29 26
39 74 58 48 38
39 75 152 121 102
39 76 77 63 49
39 77 95 73 62
39 78 64 50 41
39 79 70 59 51
39 80 49 44 34
39 81 94 72 60
39 82 98 85 69
39 83 130 102 82
39 84 5 4 3
39 85 54 47 40
39 86 26 22 18
39 87 99 86 71
39 88 49 39 32
39 89 66 54 44
39 90 28 22 19
39 91 63 49 39
39 92 59 53 41
39 93 60 51 40
39 94 95 77 67
39 95 104 82 73
39 96 130 107 89
39 97 139 113 96
39 98 61 50 40
39 99 124 99 88
40 41 64 50 41
40 42 50 43 37
40 43 60 46 36
40 44 48 38 33
40 45 19 15 12
40 46 27 24 19
40 47 23 18 15
40 48 34 30 25
40 49 76 67 60
40 50 58 52 40
40 51 90 78 60
40 52 83 68 61
40 53 80 61 48
40 54 65 50 43
40 55 22 18 14
40 56 14 12 10
40 57 84 66 53
40 58 19 15 12
40 59 81 66 53
40 60 73 58 46
40 61 46 35 30
40 62 31 27 21
40 63 40 35 27
40 64 89 79 62
40 65 68 57 50
40 66 78 62 52
40 67 99 87 75
40 68 82 68 61
40 69 61 50 42
40 70 44 34 27
40 71 73 62 53
40 72 61 50 40
40 73 85 67 54
40 74 70 60 48
40 75 91 77 65
40 76 54 47 38
40 77 27 22 18
40 78 45 39 32
40 79 19 17 13
40 80 45 40 33
40 81 28 23 19
40 82 64 57 49
40 83 53 46 39
40 84 68 58 52
40 85 81 71 60
40 86 54 42 34
40 87 46 39 30
40 88 60 48 43
40 89 20 18 14
40 90 49 40 33
40 91 65 54 42
40 92 17 15 12
40 93 20 16 14
40 94 51 40 35
40 95 35 27 22
40 96 103 80 62
40 97 79 65 53
40 98 99 80 70
40 99 76 59 46
41 42 90 79 65
41 43 27 21 16
41 44 103 79 67
41 45 67 55 44
41 46 75 61 54
41 47 50 39 32
41 48 103 83 64
41 49 72 62 53
41 50 105 92 79
41 51 109 98 88
41 52 138 118 101
41 53 104 94 80
41 54 34 30 23
41 55 71 57 48
41 56 66 54 44
41 57 40 35 27
41 58 50 39 31
41 59 53 41 33
41 60 134 109 84
41 61 40 34 26
41 62 35 28 25
41 63 30 26 20
41 64 39 34 30
41 65 61 55 48
41 66 38 33 27
41 67 121 100 86
41 68 47 37 31
41 69 59 48 41
41 70 76 67 57
41 71 54 48 37
41 72 108 85 76
41 73 136 119 93
41 74 123 109 88
41 75 36 30 26
41 76 61 47 42
41 77 36 28 24
41 78 67 55 45
41 79 74 62 52
41 80 75 60 51
41 81 71 60 53
41 82 51 42 33
41 83 5 4 3
41 84 125 106 84
41 85 132 111 100
41 86 94 79 66
41 87 19 15 12
41 88 91 75 59
41 89 59 48 40
41 90 91 74 65
41 91 78 70 54
41 92 67 57 45
41 93 67 53 44
41 94 28 24 19
41 95 42 37 28
41 96 47 36 31
41 97 22 18 14
41 98 120 100 83
41 99 100 79 66
42 43 99 76 67
42 44 91 76 59
42 45 36 32 26
42 46 32 25 20
42 47 59 45 35
42 48 64 55 44
42 49 67 55 49
42 50 75 58 52
42 51 37 31 24
42 52 70 55 48
42 53 24 21 16
42 54 105 87 76
42 55 34 29 24
42 56 37 32 28
42 57 82 73 62
42 58 70 56 47
42 59 93 73 57
42 60 45 37 31
42 61 58 49 42
42 62 67 52 41
42 63 93 72 59
42 64 96 82 72
42 65 59 47 39
42 66 82 69 60
42 67 74 58 44
42 68 113 88 69
42 69 107 91 78
42 70 92 73 58
42 71 68 61 53
42 72 31 24 19
42 73 56 45 37
42 74 65 56 44
42 75 116 94 85
42 76 45 37 32
42 77 67 56 46
42 78 37 29 23
42 79 55 46 41
42 80 21 18 16
42 81 68 60 50
42 82 72 64 51
42 83 86 77 65
42 84 31 25 20
42 85 71 61 50
42 86 9 8 7
42 87 82 65 53
42 88 29 22 18
42 89 38 33 27
42 90 15 12 9
42 91 30 27 23
42 92 42 33 26
42 93 36 32 24
42 94 68 57 49
42 95 94 75 58
42 96 99 81 71
42 97 109 92 78
42 98 48 42 37
42 99 104 93 79
43 44 91 72 56
43 45 64 52 43
43 46 85 66 52
43 47 46 39 33
43 48 76 64 55
43 49 93 83 65
43 50 94 83 70
43 51 151 118 91
43 52 122 107 97
43 53 120 99 81
43 54 15 12 9
43 55 62 51 46
43 56 63 54 42
43 57 66 53 43
43 58 37 30 24
43 59 70 54 47
43 60 130 104 81
43 61 51 42 34
43 62 41 35 28
43 63 17 13 10
43 64 66 52 46
43 65 89 69 59
43 66 58 52 42
43 67 146 123 95
43 68 65 54 47
43 69 39 30 25
43 70 65 55 45
43 71 71 60 51
43 72 104 92 74
43 73 132 113 90
43 74 113 93 83
43 75 55 42 38
43 76 69 56 50
43 77 33 26 22
43 78 74 64 51
43 79 67 55 44
43 80 80 64 56
43 81 69 55 43
43 82 73 61 47
43 83 21 18 14
43 84 129 105 85
43 85 128 108 95
43 86 87 76 66
43 87 26 22 19
43 88 98 78 66
43 89 64 49 41
43 90 94 85 66
43 91 82 69 61
43 92 68 56 44
43 93 66 52 44
43 94 47 39 30
43 95 22 18 16
43 96 66 59 46
43 97 29 26 22
43 98 115 101 91
43 99 77 62 51
44 45 61 50 42
44 46 60 48 42
44 47 71 61 48
44 48 22 19 16
44 49 128 106 93
44 50 30 24 19
44 51 114 96 77
44 52 85 71 56
44 53 88 70 63
44 54 87 72 58
44 55 57 51 41
44 56 62 51 40
44 57 141 108 85
44 58 54 48 38
44 59 117 105 85
44 60 64 57 49
44 61 91 72 63
44 62 79 61 53
44 63 68 56 48
44 64 140 114 93
44 65 121 99 82
44 66 115 103 84
44 67 152 123 102
44 68 135 116 92
44 69 61 50 44
44 70 15 13 11
44 71 125 101 86
44 72 75 66 51
44 73 79 63 54
44 74 58 48 40
44 75 129 115 92
44 76 110 87 70
44 77 77 60 47
44 78 79 71 63
44 79 30 24 21
44 80 100 77 62
44 81 22 18 15
44 82 106 96 82
44 83 81 72 65
44 84 86 73 65
44 85 72 63 52
44 86 79 66 53
44 87 89 74 59
44 88 113 92 71
44 89 66 52 46
44 90 80 65 51
44 91 115 90 72
44 92 61 47 41
44 93 66 58 44
44 94 101 83 67
44 95 54 46 40
44 96 146 118 93
44 97 115 96 77
44 98 135 113 96
44 99 39 31 24
45 46 16 12 10
45 47 21 17 13
45 48 48 39 30
45 49 65 57 51
45 50 62 53 44
45 51 76 59 50
45 52 83 68 58
45 53 62 50 39
45 54 75 60 51
45 55 8 6 4
45 56 4 3 2
45 57 79 65 50
45 58 33 25 22
45 59 71 61 48
45 60 61 51 41
45 61 39 33 27
45 62 27 23 20
45 63 50 40 35
45 64 85 71 60
45 65 61 52 41
45 66 72 63 49
45 67 90 79 64
45 68 85 75 58
45 69 68 61 53
45 70 57 46 37
45 71 70 58 48
45 72 44 39 32
45 73 75 59 49
45 74 72 58 47
45 75 103 80 67
45 76 42 34 29
45 77 31 27 22
45 78 33 27 22
45 79 32 26 21
45 80 28 25 21
45 81 44 36 29
45 82 59 53 44
45 83 64 56 43
45 84 57 49 43
45 85 89 75 58
45 86 36 29 24
45 87 54 41 32
45 88 47 39 32
45 89 8 7 5
45 90 34 30 23
45 91 42 36 31
45 92 4 3 2
45 93 5 4 3
45 94 44 39 33
45 95 47 41 32
45 96 84 67 59
45 97 90 70 57
45 98 77 68 58
45 99 86 67 57
46 47 32 28 22
46 48 36 32 27
46 49 75 67 55
46 50 54 45 39
46 51 68 53 42
46 52 69 60 48
46 53 43 34 30
46 54 84 69 60
46 55 9 7 6
46 56 17 14 11
46 57 80 68 58
46 58 42 34 30
46 59 78 61 55
46 60 47 38 31
46 61 53 45 35
46 62 42 37 30
46 63 61 53 44
46 64 101 84 68
46 65 63 50 44
46 66 90 74 57
46 67 91 76 61
46 68 93 76 66
46 69 93 73 60
46 70 65 50 39
46 71 76 61 54
46 72 35 27 23
46 73 62 48 40
46 74 51 44 38
46 75 113 96 76
46 76 45 40 33
46 77 46 37 32
46 78 39 32 25
46 79 32 26 22
46 80 34 27 22
46 81 44 39 31
46 82 69 62 51
46 83 69 61 53
46 84 47 38 34
46 85 73 63 49
46 86 25 20 16
46 87 61 48 42
46 88 45 37 30
46 89 22 18 14
46 90 23 18 14
46 91 48 39 32
46 92 13 11 9
46 93 15 12 10
46 94 67 52 42
46 95 56 49 41
46 96 109 86 68
46 97 99 79 67
46 98 80 62 55
46 99 95 73 60
47 48 57 48 39
47 49 72 56 46
47 50 77 69 54
47 51 92 72 59
47 52 113 90 70
47 53 69 62 49
47 54 60 48 42
47 55 26 21 17
47 56 18 15 13
47 57 57 44 39
47 58 25 21 17
47 59 56 43 38
47 60 69 59 53
47 61 22 19 16
47 62 11 9 8
47 63 44 34 26
47 64 69 55 48
47 65 50 42 36
47 66 57 48 38
47 67 94 80 66
47 68 64 56 47
47 69 69 56 48
47 70 57 46 41
47 71 59 46 39
47 72 67 53 44
47 73 94 81 62
47 74 88 71 59
47 75 82 66 55
47 76 36 29 24
47 77 20 16 12
47 78 35 27 21
47 79 39 31 28
47 80 35 28 24
47 81 52 40 34
47 82 48 40 34
47 83 47 38 31
47 84 81 69 53
47 85 98 78 70
47 86 54 45 35
47 87 29 25 20
47 88 47 41 35
47 89 14 11 9
47 90 48 38 34
47 91 43 37 31
47 92 21 18 14
47 93 22 17 13
47 94 34 26 21
47 95 41 34 26
47 96 70 58 48
47 97 72 55 45
47 98 90 76 61
47 99 96 75 58
48 49 119 94 81
48 50 23 20 16
48 51 92 74 62
48 52 69 55 45
48 53 74 61 48
48 54 89 69 60
48 55 42 34 28
48 56 43 37 29
48 57 112 92 77
48 58 48 41 34
48 59 110 91 77
48 60 48 43 35
48 61 88 68 54
48 62 64 56 45
48 63 67 60 47
48 64 126 97 86
48 65 99 80 70
48 66 107 95 76
48 67 126 106 87
48 68 112 100 85
48 69 83 65 51
48 70 31 24 19
48 71 99 86 77
48 72 52 41 36
48 73 64 51 42
48 74 50 39 30
48 75 135 109 89
48 76 85 66 58
48 77 65 53 42
48 78 79 63 51
48 79 18 15 12
48 80 74 61 48
48 81 22 19 15
48 82 106 94 72
48 83 83 73 62
48 84 66 57 50
48 85 67 52 42
48 86 57 49 38
48 87 75 61 54
48 88 76 68 57
48 89 57 44 35
48 90 52 41 36
48 91 85 69 59
48 92 40 34 29
48 93 43 37 32
48 94 88 71 59
48 95 64 52 40
48 96 134 105 86
48 97 107 87 75
48 98 102 91 81
48 99 61 47 38
49 50 145 112 94
49 51 96 77 62
49 52 139 112 96
49 53 90 73 62
49 54 111 93 74
49 55 75 61 54
49 56 70 62 53
49 57 43 37 30
49 58 79 70 61
49 59 33 28 22
49 60 112 89 79
49 61 48 40 34
49 62 73 57 44
49 63 103 81 63
49 64 49 43 37
49 65 15 13 11
49 66 42 35 29
49 67 57 45 40
49 68 54 42 33
49 69 120 100 88
49 70 127 107 86
49 71 23 20 17
49 72 110 85 67
49 73 119 95 86
49 74 134 105 91
49 75 78 65 57
49 76 32 27 23
49 77 68 60 52
49 78 43 36 31
49 79 109 87 72
49 80 51 43 35
49 81 114 95 79
49 82 33 26 20
49 83 76 66 54
49 84 90 74 66
49 85 137 111 98
49 86 91 71 55
49 87 73 59 47
49 88 48 40 32
49 89 61 54 47
49 90 78 63 56
49 91 41 35 27
49 92 76 60 53
49 93 74 57 50
49 94 51 42 36
49 95 91 77 67
49 96 53 46 36
49 97 84 68 61
49 98 51 46 40
49 99 162 132 104
50 51 110 84 65
50 52 50 43 37
50 53 75 59 52
50 54 104 92 74
50 55 55 49 41
50 56 60 51 43
50 57 129 104 92
50 58 65 56 49
50 59 140 113 91
50 60 49 42 34
50 61 114 88 69
50 62 84 74 60
50 63 87 71 61
50 64 144 112 101
50 65 119 100 83
50 66 137 105 91
50 67 139 123 96
50 68 136 113 100
50 69 86 73 62
50 70 42 34 28
50 71 119 101 91
50 72 55 48 39
50 73 60 47 38
50 74 31 27 22
50 75 159 126 104
50 76 115 94 72
50 77 89 73 57
50 78 84 74 63
50 79 35 31 27
50 80 91 74 60
50 81 47 36 28
50 82 126 110 87
50 83 118 94 77
50 84 74 61 52
50 85 50 43 33
50 86 62 55 46
50 87 99 88 69
50 88 90 77 68
50 89 68 55 49
50 90 70 57 44
50 91 101 80 70
50 92 59 52 42
50 93 68 55 45
50 94 97 82 74
50 95 82 69 54
50 96 162 126 101
50 97 144 113 90
50 98 140 110 89
50 99 57 50 43
51 52 61 54 45
51 53 21 17 14
51 54 143 112 100
51 55 76 60 47
51 56 69 58 51
51 57 103 91 81
51 58 100 86 71
51 59 117 92 75
51 60 53 41 34
51 61 93 74 64
51 62 95 79 65
51 63 112 95 83
51 64 139 118 92
51 65 78 61 55
51 66 121 94 80
51 67 53 45 39
51 68 127 109 88
51 69 139 120 101
51 70 106 90 78
51 71 96 79 71
51 72 44 34 27
51 73 51 40 35
51 74 68 59 49
51 75 169 133 106
51 76 78 64 51
51 77 101 82 70
51 78 69 56 44
51 79 91 75 62
51 80 55 43 38
51 81 118 92 71
51 82 103 87 70
51 83 129 108 88
51 84 19 17 14
51 85 70 55 49
51 86 42 35 27
51 87 127 100 77
51 88 47 37 33
51 89 77 59 51
51 90 38 34 28
51 91 60 50 39
51 92 68 55 49
51 93 60 54 48
51 94 91 82 72
51 95 116 96 81
51 96 137 115 90
51 97 142 120 101
51 98 49 38 32
51 99 160 128 99
52 53 57 47 37
52 54 155 126 103
52 55 82 71 54
52 56 81 68 58
52 57 153 119 106
52 58 92 81 73
52 59 157 130 102
52 60 25 22 18
52 61 113 100 83
52 62 124 97 78
52 63 130 113 87
52 64 153 135 116
52 65 130 100 86
52 66 150 130 104
52 67 128 103 83
52 68 179 144 113
52 69 122 110 96
52 70 88 78 63
52 71 142 111 100
52 72 44 38 30
52 73 17 14 11
52 74 23 20 16
52 75 175 138 124
52 76 117 95 78
52 77 115 97 78
52 78 102 89 69
52 79 85 68 54
52 80 92 78 62
52 81 95 77 59
52 82 135 119 97
52 83 153 127 100
52 84 54 44 34
52 85 10 8 6
52 86 62 48 42
52 87 141 109 89
52 88 87 73 65
52 89 93 80 62
52 90 60 51 41
52 91 105 81 70
52 92 81 66 56
52 93 88 71 58
52 94 127 115 90
52 95 119 99 82
52 96 176 146 115
52 97 178 137 114
52 98 111 98 76
52 99 102 88 79
53 54 134 114 89
53 55 48 41 36
53 56 52 45 40
53 57 115 93 77
53 58 84 68 59
53 59 104 87 71
53 60 37 30 23
53 61 90 74 57
53 62 77 63 56
53 63 103 93 73
53 64 142 110 87
53 65 69 60 53
53 66 116 93 75
53 67 65 54 47
53 68 128 102 84
53 69 136 113 89
53 70 98 77 65
53 71 98 79 68
53 72 23 18 14
53 73 40 35 27
53 74 53 44 38
53 75 133 112 100
53 76 68 59 46
53 77 76 67 60
53 78 56 46 38
53 79 73 58 49
53 80 41 35 31
53 81 87 69 58
53 82 98 83 66
53 83 110 96 79
53 84 9 7 5
53 85 61 47 40
53 86 23 19 15
53 87 92 75 68
53 88 43 38 30
53 89 55 49 41
53 90 27 21 16
53 91 53 41 36
53 92 58 48 38
53 93 55 47 37
53 94 99 82 64
53 95 109 87 70
53 96 116 97 86
53 97 135 113 93
53 98 55 47 40
53 99 121 106 85
54 55 83 64 54
54 56 76 59 50
54 57 76 65 50
54 58 48 40 31
54 59 69 62 55
54 60 140 110 88
54 61 67 55 43
54 62 59 46 37
54 63 26 21 17
54 64 79 65 52
54 65 106 88 68
54 66 74 58 49
54 67 159 126 104
54 68 77 59 53
54 69 31 24 20
54 70 71 54 48
54 71 90 69 59
54 72 124 106 82
54 73 142 109 96
54 74 130 110 88
54 75 54 48 41
54 76 85 75 59
54 77 41 34 30
54 78 91 76 60
54 79 64 57 49
54 80 106 82 65
54 81 68 59 46
54 82 88 70 55
54 83 33 25 21
54 84 131 108 93
54 85 163 130 101
54 86 110 96 74
54 87 39 31 28
54 88 104 85 75
54 89 67 60 49
54 90 113 90 74
54 91 112 86 70
54 92 80 66 52
54 93 83 67 52
54 94 53 46 39
54 95 29 25 21
54 96 71 62 52
54 97 33 28 24
54 98 154 122 100
54 99 65 58 50
55 56 9 7 5
55 57 70 61 54
55 58 34 28 24
55 59 77 60 52
55 60 50 44 37
55 61 46 39 30
55 62 34 28 24
55 63 53 44 38
55 64 89 73 64
55 65 65 53 43
55 66 71 60 53
55 67 91 76 64
55 68 80 70 61
55 69 70 63 55
55 70 55 48 37
55 71 73 57 51
55 72 44 35 29
55 73 72 57 45
55 74 63 50 43
55 75 110 89 71
55 76 43 38 31
55 77 37 30 26
55 78 34 27 24
55 79 31 25 20
55 80 34 28 22
55 81 45 38 29
55 82 68 57 47
55 83 66 55 47
55 84 54 46 39
55 85 76 65 54
55 86 30 25 21
55 87 52 40 36
55 88 49 39 32
55 89 16 12 9
55 90 31 26 20
55 91 43 37 32
55 92 5 4 3
55 93 7 6 5
55 94 52 44 37
55 95 52 42 35
55 96 86 72 63
55 97 95 77 61
55 98 96 74 57
55 99 70 63 57
56 57 65 58 51
56 58 34 26 20
56 59 76 64 49
56 60 58 46 41
56 61 40 33 27
56 62 34 28 21
56 63 50 41 33
56 64 93 73 60
56 65 58 48 42
56 66 73 64 50
56 67 110 85 66
56 68 75 65 58
56 69 78 64 51
56 70 55 44 35
56 71 69 60 49
56 72 54 43 33
56 73 62 56 50
56 74 66 59 46
56 75 91 79 67
56 76 42 35 30
56 77 29 24 21
56 78 33 29 24
56 79 26 23 19
56 80 37 30 23
56 81 38 34 27
56 82 62 56 45
56 83 66 53 43
56 84 66 52 44
56 85 82 68 57
56 86 36 30 25
56 87 44 38 32
56 88 46 38 34
56 89 12 9 7
56 90 36 28 24
56 91 47 39 33
56 92 4 3 2
56 93 7 6 5
56 94 47 40 34
56 95 43 35 31
56 96 95 74 60
56 97 77 69 57
56 98 83 68 60
56 99 89 72 55
57 58 75 62 48
57 59 11 9 8
57 60 131 102 88
57 61 37 30 24
57 62 49 42 33
57 63 56 49 44
57 64 19 14 11
57 65 43 37 30
57 66 4 3 2
57 67 97 76 69
57 68 12 10 8
57 69 89 76 67
57 70 100 88 76
57 71 20 17 14
57 72 114 94 77
57 73 132 109 96
57 74 131 110 96
57 75 42 34 28
57 76 40 35 31
57 77 53 45 38
57 78 54 44 39
57 79 104 82 66
57 80 60 53 46
57 81 117 90 70
57 82 18 15 12
57 83 38 34 29
57 84 126 102 81
57 85 152 136 106
57 86 93 72 65
57 87 42 35 28
57 88 73 63 49
57 89 72 58 45
57 90 93 76 65
57 91 65 50 43
57 92 83 65 52
57 93 66 55 49
57 94 26 22 19
57 95 72 61 50
57 96 16 12 10
57 97 53 41 32
57 98 97 86 67
57 99 139 115 89
58 59 75 64 49
58 60 94 74 58
58 61 41 36 28
58 62 29 23 18
58 63 25 20 15
58 64 88 68 56
58 65 69 59 51
58 66 75 61 47
58 67 113 98 82
58 68 80 62 55
58 69 47 41 32
58 70 45 38 29
58 71 80 65 51
58 72 71 62 52
58 73 90 76 66
58 74 90 73 59
58 75 87 72 56
58 76 52 45 40
58 77 15 13 10
58 78 50 43 37
58 79 32 27 22
58 80 55 45 40
58 81 37 30 23
58 82 73 56 47
58 83 38 33 29
58 84 93 76 63
58 85 106 92 72
58 86 73 58 45
58 87 32 26 22
58 88 64 57 50
58 89 31 24 21
58 90 65 51 44
58 91 69 61 47
58 92 35 27 22
58 93 33 29 23
58 94 43 37 30
58 95 17 14 11
58 96 85 65 55
58 97 67 55 42
58 98 107 92 77
58 99 61 49 43
59 60 121 109 84
59 61 31 27 23
59 62 47 40 33
59 63 65 54 47
59 64 23 19 17
59 65 34 29 23
59 66 14 11 8
59 67 92 76 61
59 68 20 16 13
59 69 108 84 71
59 70 128 100 77
59 71 8 7 6
59 72 115 93 73
59 73 144 117 92
59 74 134 104 93
59 75 55 43 36
59 76 37 31 25
59 77 59 45 39
59 78 53 42 34
59 79 101 79 66
59 80 59 46 41
59 81 103 86 71
59 82 11 8 6
59 83 52 44 34
59 84 110 96 76
59 85 137 122 103
59 86 101 79 61
59 87 46 35 31
59 88 62 56 43
59 89 61 50 43
59 90 95 75 61
59 91 45 40 36
59 92 82 63 50
59 93 71 61 47
59 94 28 23 20
59 95 90 69 53
59 96 22 18 16
59 97 59 49 40
59 98 96 77 59
59 99 155 120 92
60 61 98 76 65
60 62 86 72 61
60 63 106 94 72
60 64 142 126 98
60 65 113 90 69
60 66 112 100 87
60 67 108 86 69
60 68 146 117 95
60 69 123 99 83
60 70 80 69 53
60 71 115 96 82
60 72 19 16 12
60 73 14 11 9
60 74 23 19 16
60 75 141 122 107
60 76 89 75 60
60 77 90 70 62
60 78 72 57 51
60 79 59 48 41
60 80 61 54 45
60 81 71 60 48
60 82 117 92 79
60 83 110 93 83
60 84 33 26 21
60 85 29 24 20
60 86 36 31 25
60 87 104 84 73
60 88 71 60 48
60 89 70 54 45
60 90 35 30 24
60 91 85 68 53
60 92 59 47 39
60 93 59 49 41
60 94 106 88 73
60 95 97 80 67
60 96 131 108 97
60 97 148 120 97
60 98 79 70 62
60 99 99 81 72
61 62 17 14 11
61 63 45 36 30
61 64 53 43 34
61 65 43 34 26
61 66 35 27 23
61 67 94 78 62
61 68 47 39 32
61 69 80 68 55
61 70 76 65 55
61 71 35 31 24
61 72 77 67 55
61 73 96 84 74
61 74 98 86 73
61 75 69 54 44
61 76 25 19 17
61 77 27 22 19
61 78 28 24 20
61 79 69 53 43
61 80 38 31 27
61 81 72 58 48
61 82 32 25 19
61 83 36 31 26
61 84 94 76 61
61 85 112 93 83
61 86 66 56 44
61 87 23 20 16
61 88 52 44 34
61 89 33 26 22
61 90 55 49 44
61 91 44 35 29
61 92 37 32 28
61 93 39 32 26
61 94 14 11 8
61 95 48 40 34
61 96 48 39 33
61 97 51 45 38
61 98 72 64 58
61 99 103 89 71
62 63 34 28 22
62 64 57 50 41
62 65 53 44 35
62 66 51 39 31
62 67 97 76 68
62 68 55 49 40
62 69 68 55 46
62 70 61 54 45
62 71 53 44 34
62 72 72 57 51
62 73 102 89 69
62 74 93 79 66
62 75 70 58 47
62 76 37 30 24
62 77 15 12 9
62 78 40 31 24
62 79 51 42 34
62 80 41 36 29
62 81 52 44 38
62 82 47 37 29
62 83 39 30 24
62 84 89 68 60
62 85 104 87 77
62 86 68 52 41
62 87 21 17 13
62 88 48 43 38
62 89 25 20 16
62 90 62 48 41
62 91 50 44 34
62 92 33 28 22
62 93 31 25 20
62 94 22 18 14
62 95 35 30 25
62 96 56 47 41
62 97 57 45 38
62 98 100 79 64
62 99 87 71 61
63 64 66 56 49
63 65 84 72 55
63 66 66 54 43
63 67 124 102 90
63 68 64 56 49
63 69 38 31 25
63 70 51 45 38
63 71 77 59 50
63 72 97 82 66
63 73 119 103 81
63 74 114 95 74
63 75 58 52 45
63 76 74 60 46
63 77 20 18 15
63 78 64 54 45
63 79 56 43 35
63 80 78 63 49
63 81 46 40 34
63 82 70 54 46
63 83 28 22 18
63 84 103 90 77
63 85 118 96 86
63 86 80 70 58
63 87 27 22 17
63 88 88 72 59
63 89 46 39 33
63 90 76 64 57
63 91 86 71 55
63 92 50 41 35
63 93 58 46 36
63 94 44 37 28
63 95 12 10 8
63 96 62 56 49
63 97 42 38 30
63 98 122 95 85
63 99 68 54 47
64 65 51 44 39
64 66 18 15 12
64 67 116 93 77
64 68 9 7 5
64 69 101 91 70
64 70 128 101 84
64 71 36 29 22
64 72 139 107 87
64 73 165 129 106
64 74 145 125 106
64 75 33 26 21
64 76 65 50 41
64 77 69 54 46
64 78 78 62 49
64 79 105 88 75
64 80 73 63 56
64 81 108 87 78
64 82 33 27 22
64 83 42 36 32
64 84 125 112 92
64 85 172 142 116
64 86 124 97 75
64 87 48 42 34
64 88 82 71 59
64 89 74 62 55
64 90 113 96 76
64 91 72 65 53
64 92 89 70 61
64 93 80 72 59
64 94 40 31 27
64 95 83 73 56
64 96 4 3 2
64 97 44 38 31
64 98 120 98 76
64 99 148 115 95
65 66 43 36 29
65 67 51 45 40
65 68 53 44 35
65 69 113 97 80
65 70 119 99 76
65 71 28 22 18
65 72 81 66 57
65 73 99 87 76
65 74 124 104 80
65 75 81 63 57
65 76 17 14 12
65 77 58 50 43
65 78 31 26 20
65 79 95 76 61
65 80 35 29 25
65 81 105 85 68
65 82 26 22 18
65 83 65 57 49
65 84 81 72 57
65 85 115 102 88
65 86 57 50 45
65 87 67 52 40
65 88 36 28 23
65 89 49 44 36
65 90 64 56 46
65 91 28 23 17
65 92 61 48 42
65 93 57 44 39
65 94 44 37 29
65 95 86 67 59
65 96 55 46 38
65 97 84 71 58
65 98 59 47 38
65 99 121 107 94
66 67 108 88 68
66 68 13 11 9
66 69 91 75 66
66 70 122 96 75
66 71 19 16 13
66 72 114 91 76
66 73 155 120 95
66 74 140 118 95
66 75 42 33 29
66 76 43 34 30
66 77 59 47 37
66 78 49 44 38
66 79 90 79 65
66 80 62 54 44
66 81 106 86 69
66 82 17 14 11
66 83 43 34 29
66 84 123 99 80
66 85 144 119 105
66 86 98 79 64
66 87 40 32 27
66 88 69 58 48
66 89 65 54 44
66 90 82 72 64
66 91 64 51 42
66 92 77 64 51
66 93 72 57 48
66 94 30 23 18
66 95 67 58 50
66 96 16 14 11
66 97 54 42 33
66 98 83 74 66
66 99 144 111 89
67 68 101 90 73
67 69 167 129 113
67 70 157 130 100
67 71 84 71 55
67 72 85 74 59
67 73 106 85 72
67 74 136 108 84
67 75 130 113 96
67 76 64 57 46
67 77 116 90 76
67 78 67 59 46
67 79 119 98 83
67 80 68 53 43
67 81 131 107 92
67 82 77 68 57
67 83 138 110 87
67 84 71 64 50
67 85 115 103 86
67 86 72 59 51
67 87 126 97 77
67 88 50 42 33
67 89 88 75 62
67 90 70 58 52
67 91 49 43 35
67 92 82 73 64
67 93 77 69 62
67 94 91 79 68
67 95 140 119 91
67 96 107 90 75
67 97 136 111 97
67 98 11 9 7
67 99 156 136 120
68 69 110 92 72
68 70 134 108 83
68 71 25 21 18
68 72 113 94 85
68 73 168 129 104
68 74 135 122 104
68 75 38 30 25
68 76 53 47 38
68 77 76 58 45
68 78 73 56 46
68 79 98 84 73
68 80 70 60 53
68 81 107 93 77
68 82 25 21 18
68 83 50 43 33
68 84 147 114 89
68 85 175 139 114
68 86 106 93 72
68 87 53 44 34
68 88 83 68 56
68 89 83 64 53
68 90 106 89 73
68 91 71 59 49
68 92 91 70 59
68 93 84 73 57
68 94 38 30 26
68 95 91 70 56
68 96 5 4 3
68 97 48 41 34
68 98 112 93 72
68 99 155 123 95
69 70 56 43 35
69 71 99 87 75
69 72 106 91 80
69 73 124 112 91
69 74 103 93 80
69 75 87 78 61
69 76 110 85 70
69 77 56 49 38
69 78 95 77 68
69 79 65 52 43
69 80 104 88 71
69 81 59 45 37
69 82 97 87 70
69 83 57 50 39
69 84 124 106 93
69 85 133 107 93
69 86 114 93 75
69 87 65 50 41
69 88 114 102 82
69 89 68 59 53
69 90 99 88 74
69 91 119 100 78
69 92 69 60 53
69 93 80 72 55
69 94 79 67 53
69 95 32 25 22
69 96 95 86 71
69 97 60 53 44
69 98 157 125 108
69 99 50 39 31
70 71 104 92 79
70 72 71 63 53
70 73 87 78 60
70 74 61 55 47
70 75 123 99 82
70 76 89 76 64
70 77 56 44 39
70 78 92 75 58
70 79 26 20 17
70 80 85 66 58
70 81 12 10 9
70 82 105 86 74
70 83 71 64 55
70 84 104 84 67
70 85 83 67 59
70 86 71 61 53
70 87 74 63 50
70 88 89 79 68
70 89 69 53 41
70 90 74 64 51
70 91 95 84 68
70 92 58 46 36
70 93 53 44 39
70 94 87 71 58
70 95 43 36 30
70 96 113 97 84
70 97 91 78 67
70 98 126 104 93
70 99 34 26 21
71 72 102 81 70
71 73 143 114 89
71 74 138 118 92
71 75 62 52 41
71 76 32 26 22
71 77 64 54 41
71 78 41 36 31
71 79 89 77 66
71 80 52 43 38
71 81 98 85 72
71 82 9 7 5
71 83 53 44 39
71 84 110 94 73
71 85 135 121 101
71 86 80 69 58
71 87 52 43 34
71 88 54 45 39
71 89 64 51 43
71 90 88 76 59
71 91 45 36 32
71 92 72 59 49
71 93 68 53 46
71 94 36 28 23
71 95 88 72 56
71 96 31 24 21
71 97 67 54 45
71 98 77 61 54
71 99 133 105 94
72 73 30 23 20
72 74 36 29 26
72 75 132 109 98
72 76 78 63 48
72 77 83 70 54
72 78 53 45 40
72 79 55 48 38
72 80 47 40 33
72 81 76 59 46
72 82 96 82 68
72 83 93 83 75
72 84 23 18 15
72 85 49 38 32
72 86 19 15 13
72 87 100 80 64
72 88 48 42 36
72 89 50 42 36
72 90 18 15 12
72 91 55 47 41
72 92 45 37 31
72 93 52 41 32
72 94 95 79 63
72 95 100 78 62
72 96 120 108 87
72 97 129 114 89
72 98 70 63 52
72 99 99 89 73
73 74 25 20 17
73 75 172 149 116
73 76 104 86 68
73 77 95 78 70
73 78 97 75 59
73 79 70 57 49
73 80 75 59 52
73 81 86 67 55
73 82 117 101 87
73 83 135 117 92
73 84 35 28 23
73 85 24 18 14
73 86 48 38 32
73 87 106 91 81
73 88 76 66 54
73 89 66 59 53
73 90 46 39 31
73 91 98 75 60
73 92 66 57 48
73 93 80 63 49
73 94 113 92 81
73 95 107 91 76
73 96 162 131 106
73 97 170 131 106
73 98 100 82 66
73 99 121 101 78
74 75 160 126 112
74 76 91 82 70
74 77 91 73 65
74 78 93 76 61
74 79 59 49 39
74 80 76 65 56
74 81 67 57 44
74 82 135 113 88
74 83 127 104 87
74 84 52 42 36
74 85 17 15 13
74 86 55 45 37
74 87 117 95 77
74 88 82 74 61
74 89 81 64 51
74 90 61 47 36
74 91 104 83 65
74 92 62 53 45
74 93 67 59 47
74 94 114 101 79
74 95 108 83 67
74 96 159 129 105
74 97 142 119 101
74 98 110 94 77
74 99 84 71 64
75 76 85 67 56
75 77 79 61 48
75 78 91 72 62
75 79 107 87 77
75 80 112 89 69
75 81 106 89 78
75 82 54 48 40
75 83 43 35 27
75 84 151 127 104
75 85 187 155 124
75 86 130 101 87
75 87 51 44 36
75 88 112 93 75
75 89 100 77 63
75 90 142 110 87
75 91 101 80 68
75 92 93 83 68
75 93 92 76 67
75 94 51 46 36
75 95 88 69 53
75 96 32 28 23
75 97 26 22 17
75 98 143 112 94
75 99 118 103 89
76 77 50 40 33
76 78 14 11 9
76 79 62 55 49
76 80 25 20 16
76 81 88 71 56
76 82 31 24 20
76 83 58 47 42
76 84 67 60 51
76 85 99 88 79
76 86 56 43 36
76 87 47 39 32
76 88 31 25 19
76 89 33 29 25
76 90 52 46 37
76 91 22 17 13
76 92 40 34 30
76 93 39 31 27
76 94 38 30 23
76 95 71 58 48
76 96 63 52 40
76 97 77 64 53
76 98 62 52 42
76 99 124 99 82
77 78 49 38 31
77 79 44 36 30
77 80 48 40 35
77 81 48 38 33
77 82 55 46 37
77 83 30 26 22
77 84 101 79 64
77 85 105 87 77
77 86 70 54 45
77 87 22 17 13
77 88 62 51 45
77 89 28 24 19
77 90 56 50 44
77 91 59 49 41
77 92 30 26 23
77 93 33 28 23
77 94 33 26 20
77 95 24 20 16
77 96 69 53 46
77 97 51 44 36
77 98 95 86 71
77 99 78 64 53
78 79 60 48 42
78 80 10 8 7
78 81 82 65 50
78 82 44 37 29
78 83 71 58 45
78 84 58 48 43
78 85 114 89 70
78 86 39 32 27
78 87 45 40 34
78 88 22 19 15
78 89 28 23 18
78 90 40 35 28
78 91 16 13 11
78 92 38 30 23
78 93 31 26 20
78 94 38 34 28
78 95 67 60 46
78 96 66 59 48
78 97 83 67 58
78 98 64 51 41
78 99 107 87 77
79 80 62 51 41
79 81 17 13 10
79 82 93 73 62
79 83 77 61 50
79 84 68 59 52
79 85 79 65 52
79 86 58 47 36
79 87 59 51 42
79 88 80 64 51
79 89 34 28 25
79 90 57 45 35
79 91 76 60 51
79 92 29 25 20
79 93 33 27 23
79 94 71 60 48
79 95 43 37 29
79 96 119 92 74
79 97 102 82 64
79 98 104 90 77
79 99 59 47 38
80 81 81 63 50
80 82 52 45 35
80 83 74 60 51
80 84 50 41 36
80 85 98 81 64
80 86 29 25 21
80 87 56 50 40
80 88 17 14 11
80 89 27 22 19
80 90 31 25 22
80 91 15 13 11
80 92 33 25 22
80 93 26 22 19
80 94 52 41 34
80 95 71 57 49
80 96 71 62 55
80 97 91 74 64
80 98 49 42 38
80 99 115 94 78
81 82 109 84 67
81 83 80 66 51
81 84 91 75 60
81 85 81 70 56
81 86 66 54 45
81 87 64 53 44
81 88 100 77 60
81 89 49 43 33
81 90 65 53 44
81 91 91 76 60
81 92 41 32 28
81 93 45 40 31
81 94 86 67 52
81 95 39 30 27
81 96 108 91 78
81 97 94 79 63
81 98 123 105 85
81 99 37 32 29
82 83 51 42 35
82 84 102 92 71
82 85 134 121 98
82 86 73 61 55
82 87 42 32 29
82 88 59 49 38
82 89 55 47 39
82 90 77 66 56
82 91 47 39 31
82 92 60 53 45
82 93 67 52 42
82 94 30 23 18
82 95 78 65 51
82 96 34 27 21
82 97 56 50 42
82 98 69 61 55
82 99 119 99 89
83 84 108 94 84
83 85 134 121 99
83 86 84 75 65
83 87 18 14 12
83 88 94 77 60
83 89 60 52 40
83 90 97 75 65
83 91 74 63 54
83 92 68 54 44
83 93 64 51 44
83 94 27 24 20
83 95 36 30 26
83 96 45 40 33
83 97 21 18 14
83 98 113 93 83
83 99 84 75 64
84 85 60 47 37
84 86 26 22 19
84 87 103 83 72
84 88 52 43 35
84 89 68 57 45
84 90 30 23 20
84 91 63 49 41
84 92 71 55 42
84 93 64 49 42
84 94 97 86 69
84 95 107 86 74
84 96 132 111 91
84 97 138 115 97
84 98 67 52 43
84 99 123 109 87
85 86 56 50 44
85 87 132 106 89
85 88 102 86 67
85 89 84 73 62
85 90 71 55 43
85 91 102 84 72
85 92 81 68 56
85 93 81 73 58
85 94 122 104 90
85 95 125 104 80
85 96 181 149 116
85 97 154 130 113
85 98 117 96 80
85 99 111 93 75
86 87 73 61 54
86 88 36 29 24
86 89 36 30 26
86 90 4 3 2
86 91 46 36 29
86 92 33 28 23
86 93 36 28 23
86 94 69 58 51
86 95 71 61 55
86 96 109 88 75
86 97 104 91 79
86 98 66 57 44
86 99 108 83 73
87 88 77 59 49
87 89 46 35 29
87 90 80 67 53
87 91 68 53 43
87 92 49 39 34
87 93 50 38 32
87 94 16 14 12
87 95 37 30 23
87 96 53 43 34
87 97 39 30 26
87 98 110 92 73
87 99 98 79 62
88 89 43 38 30
88 90 38 30 26
88 91 11 9 7
88 92 43 36 32
88 93 46 37 30
88 94 60 53 41
88 95 83 67 60
88 96 90 70 58
88 97 96 82 72
88 98 37 33 27
88 99 130 101 88
89 90 41 34 26
89 91 43 34 28
89 92 10 8 7
89 93 10 7 5
89 94 44 34 29
89 95 42 36 32
89 96 86 71 54
89 97 73 61 54
89 98 91 73 56
89 99 82 74 60
90 91 44 37 30
90 92 31 26 22
90 93 33 28 22
90 94 74 58 51
90 95 74 63 54
90 96 102 86 75
90 97 111 91 79
90 98 69 57 46
90 99 103 91 72
91 92 48 40 32
91 93 40 35 29
91 94 60 46 35
91 95 75 68 57
91 96 79 66 52
91 97 95 78 66
91 98 47 38 31
91 99 117 104 87
92 93 7 5 4
92 94 47 42 35
92 95 47 38 33
92 96 79 69 61
92 97 83 70 58
92 98 84 73 58
92 99 81 70 56
93 94 42 37 33
93 95 52 41 34
93 96 83 73 58
93 97 79 69 57
93 98 83 70 56
93 99 88 77 59
94 95 50 42 34
94 96 39 30 27
94 97 40 35 31
94 98 107 82 64
94 99 102 88 72
95 96 84 66 56
95 97 49 44 37
95 98 123 98 86
95 99 54 47 40
96 97 49 38 32
96 98 109 86 74
96 99 134 105 95
97 98 142 114 94
97 99 102 89 73
98 99 145 130 114
5
4
8
9
3
2
1
4
4
7
9
10
2
8
9
7
5
6
4
10
10
8
8
8
3
4
8
9
3
8
8
6
1
7
5
7
9
4
4
3
3
10
7
1
6
5
1
1
8
1
10
6
7
5
1
1
1
7
3
9
8
9
3
6
4
8
9
5
10
10
9
6
10
6
4
6
3
6
9
10
6
8
10
9
1
5
3
7
4
8
7
7
1
6
4
2
1
4
8
2
