100 4950
0 1 24 20 17
0 2 54 44 35
0 3 139 109 98
0 4 79 70 55
0 5 51 43 35
0 6 11 9 7
0 7 115 96 83
0 8 134 119 92
0 9 81 66 58
0 10 82 68 53
0 11 138 108 91
0 12 92 82 65
0 13 100 87 68
0 14 44 34 29
0 15 37 29 24
0 16 151 118 104
0 17 49 43 37
0 18 117 100 83
0 19 154 120 99
0 20 59 53 42
0 21 69 57 49
0 22 34 27 22
0 23 79 70 58
0 24 83 65 56
0 25 66 52 44
0 26 56 45 34
0 27 118 96 77
0 28 33 25 21
0 29 68 53 44
0 30 99 77 66
0 31 74 60 47
0 32 91 80 67
0 33 33 28 22
0 34 104 92 74
0 35 30 26 23
0 36 54 47 37
0 37 96 81 63
0 38 155 132 108
0 39 138 123 100
0 40 46 35 29
0 41 141 114 100
0 42 118 101 86
0 43 101 91 82
0 44 19 15 11
0 45 36 28 22
0 46 130 114 88
0 47 22 18 14
0 48 34 26 21
0 49 100 77 61
0 50 9 7 6
0 51 128 102 82
0 52 11 8 6
0 53 31 24 20
0 54 66 54 45
0 55 71 57 44
0 56 121 105 90
0 57 65 53 45
0 58 104 81 62
0 59 119 100 84
0 60 47 40 31
0 61 50 45 38
0 62 109 90 79
0 63 111 90 72
0 64 40 31 26
0 65 16 14 11
0 66 112 86 77
0 67 20 15 11
0 68 120 103 84
0 69 106 92 82
0 70 129 100 87
0 71 137 109 85
0 72 35 30 26
0 73 118 91 78
0 74 153 121 106
0 75 86 71 57
0 76 117 101 78
0 77 99 87 72
0 78 90 81 72
0 79 110 97 83
0 80 107 82 73
0 81 169 132 114
0 82 69 55 44
0 83 108 83 67
0 84 149 119 93
0 85 30 24 19
0 86 95 78 62
0 87 133 117 97
0 88 17 14 11
0 89 89 78 70
0 90 96 83 65
0 91 130 105 89
0 92 118 101 79
0 93 93 78 66
0 94 72 56 50
0 95 135 104 94
0 96 64 56 49
0 97 38 30 23
0 98 74 61 53
0 99 121 97 81
1 2 61 48 42
1 3 137 110 84
1 4 64 49 38
1 5 30 23 19
1 6 37 30 23
1 7 111 90 80
1 8 119 102 79
1 9 66 51 41
1 10 66 59 48
1 11 111 96 78
1 12 78 63 49
1 13 85 66 56
1 14 18 15 12
1 15 18 14 11
1 16 149 116 90
1 17 33 26 21
1 18 99 82 67
1 19 130 111 85
1 20 42 33 29
1 21 51 42 35
1 22 41 35 28
1 23 57 51 44
1 24 97 75 59
1 25 57 50 40
1 26 36 28 21
1 27 82 74 61
1 28 10 8 6
1 29 38 34 27
1 30 84 75 60
1 31 58 51 42
1 32 78 61 52
1 33 56 44 35
1 34 83 70 60
1 35 34 30 24
1 36 59 45 38
1 37 105 82 65
1 38 138 111 95
1 39 138 111 88
1 40 56 49 41
1 41 121 94 85
1 42 118 102 79
1 43 104 88 70
1 44 18 14 11
1 45 9 7 6
1 46 114 94 81
1 47 21 18 16
1 48 54 42 36
1 49 63 50 44
1 50 20 15 13
1 51 83 74 65
1 52 34 26 22
1 53 57 44 35
1 54 40 35 29
1 55 70 58 49
1 56 127 112 86
1 57 69 54 47
1 58 68 52 46
1 59 96 79 68
1 60 48 37 30
1 61 65 51 45
1 62 107 86 75
1 63 78 62 56
1 64 51 44 38
1 65 23 19 17
1 66 113 87 74
1 67 42 35 28
1 68 101 89 68
1 69 97 75 65
1 70 114 92 71
1 71 103 92 71
1 72 20 16 12
1 73 118 93 75
1 74 119 104 92
1 75 70 58 51
1 76 95 78 64
1 77 84 67 57
1 78 97 77 60
1 79 99 87 78
1 80 76 66 57
1 81 139 122 100
1 82 44 37 30
1 83 75 60 51
1 84 114 100 77
1 85 52 40 34
1 86 61 55 48
1 87 123 97 85
1 88 39 30 24
1 89 74 66 55
1 90 71 57 49
1 91 102 90 76
1 92 90 75 63
1 93 69 58 49
1 94 43 38 33
1 95 126 101 80
1 96 51 45 38
1 97 56 46 39
1 98 60 50 39
1 99 104 86 66
2 3 133 108 95
2 4 110 90 73
2 5 69 62 49
2 6 48 38 32
2 7 70 63 55
2 8 115 99 87
2 9 107 92 77
2 10 48 42 34
2 11 118 95 81
2 12 139 107 88
2 13 91 79 61
2 14 72 59 50
2 15 74 63 52
2 16 144 126 99
2 17 68 60 50
2 18 135 110 86
2 19 137 121 93
2 20 69 56 45
2 21 76 60 54
2 22 21 18 14
2 23 135 107 83
2 24 36 29 23
2 25 34 30 26
2 26 63 49 41
2 27 132 110 96
2 28 59 47 40
2 29 96 75 58
2 30 64 54 46
2 31 41 34 30
2 32 146 115 90
2 33 25 21 18
2 34 99 83 74
2 35 29 25 19
2 36 22 17 13
2 37 44 38 30
2 38 166 129 100
2 39 127 115 88
2 40 18 15 13
2 41 140 118 98
2 42 90 73 65
2 43 107 87 70
2 44 46 38 31
2 45 66 59 47
2 46 88 78 65
2 47 68 54 48
2 48 33 28 24
2 49 103 84 72
2 50 53 43 38
2 51 133 103 92
2 52 54 43 38
2 53 36 30 24
2 54 92 78 67
2 55 16 13 10
2 56 89 77 63
2 57 21 18 14
2 58 105 85 71
2 59 138 113 93
2 60 26 22 18
2 61 8 6 4
2 62 86 66 53
2 63 109 93 78
2 64 23 19 16
2 65 38 32 27
2 66 70 58 50
2 67 50 42 36
2 68 127 109 88
2 69 150 119 93
2 70 131 103 88
2 71 103 92 81
2 72 77 69 53
2 73 72 56 50
2 74 135 109 99
2 75 54 47 38
2 76 117 90 78
2 77 104 90 76
2 78 99 79 66
2 79 73 65 56
2 80 135 120 95
2 81 132 119 107
2 82 109 91 70
2 83 134 110 88
2 84 145 124 95
2 85 36 29 24
2 86 79 67 60
2 87 132 108 86
2 88 67 52 43
2 89 140 112 94
2 90 114 102 86
2 91 114 99 84
2 92 107 92 83
2 93 114 95 84
2 94 97 77 61
2 95 137 117 91
2 96 70 54 43
2 97 57 44 37
2 98 79 61 54
2 99 138 106 83
3 4 95 76 60
3 5 97 78 65
3 6 160 131 102
3 7 115 89 72
3 8 13 11 9
3 9 89 69 62
3 10 98 79 64
3 11 27 23 20
3 12 111 87 72
3 13 48 40 34
3 14 113 89 75
3 15 121 95 84
3 16 10 8 7
3 17 95 79 63
3 18 34 29 23
3 19 9 7 6
3 20 83 66 57
3 21 74 60 49
3 22 149 118 91
3 23 126 97 77
3 24 144 115 89
3 25 99 82 70
3 26 102 81 64
3 27 100 80 62
3 28 113 98 79
3 29 85 74 60
3 30 81 71 57
3 31 93 72 65
3 32 105 90 70
3 33 146 115 103
3 34 36 31 24
3 35 134 105 83
3 36 116 100 82
3 37 111 99 89
3 38 25 20 16
3 39 36 31 25
3 40 147 132 104
3 41 10 8 6
3 42 68 59 53
3 43 44 38 30
3 44 118 98 88
3 45 117 96 82
3 46 87 70 57
3 47 150 128 99
3 48 150 133 108
3 49 60 53 46
3 50 142 121 95
3 51 63 49 39
3 52 140 122 103
3 53 149 124 107
3 54 93 83 70
3 55 148 120 94
3 56 115 90 70
3 57 135 106 85
3 58 63 53 42
3 59 56 43 34
3 60 101 89 79
3 61 130 109 96
3 62 105 87 68
3 63 49 41 32
3 64 148 128 105
3 65 129 111 90
3 66 91 77 69
3 67 168 131 108
3 68 36 28 24
3 69 59 52 41
3 70 25 19 15
3 71 24 19 14
3 72 119 98 83
3 73 109 89 72
3 74 20 15 13
3 75 82 73 60
3 76 27 24 20
3 77 41 36 30
3 78 41 35 29
3 79 107 85 67
3 80 107 84 73
3 81 25 21 17
3 82 114 103 80
3 83 99 81 68
3 84 21 17 15
3 85 161 137 107
3 86 53 46 37
3 87 38 29 22
3 88 153 122 107
3 89 103 93 79
3 90 99 79 69
3 91 17 14 11
3 92 35 30 26
3 93 87 72 61
3 94 83 69 54
3 95 7 5 4
3 96 83 66 53
3 97 179 149 118
3 98 59 52 45
3 99 32 25 20
4 5 40 31 24
4 6 89 74 61
4 7 131 117 90
4 8 85 70 59
4 9 9 7 5
4 10 85 70 61
4 11 86 73 64
4 12 25 21 18
4 13 70 59 48
4 14 38 31 27
4 15 48 41 33
4 16 93 78 67
4 17 34 30 24
4 18 53 47 38
4 19 94 82 64
4 20 47 42 33
4 21 38 33 27
4 22 97 77 61
4 23 25 22 19
4 24 124 104 83
4 25 81 69 58
4 26 47 38 32
4 27 33 29 24
4 28 56 43 36
4 29 24 19 15
4 30 104 87 67
4 31 84 66 56
4 32 28 22 19
4 33 100 81 71
4 34 62 49 40
4 35 76 61 54
4 36 90 81 64
4 37 125 108 87
4 38 122 94 75
4 39 97 82 74
4 40 117 90 75
4 41 85 76 59
4 42 109 92 81
4 43 100 79 62
4 44 76 59 48
4 45 55 43 34
4 46 120 104 84
4 47 78 62 49
4 48 107 94 73
4 49 20 17 15
4 50 69 58 50
4 51 42 34 30
4 52 81 70 59
4 53 99 81 72
4 54 18 14 12
4 55 117 91 78
4 56 125 106 94
4 57 110 91 72
4 58 30 23 19
4 59 50 39 34
4 60 79 68 56
4 61 103 89 76
4 62 125 105 85
4 63 44 35 29
4 64 118 95 74
4 65 77 62 53
4 66 135 105 84
4 67 93 77 65
4 68 58 49 39
4 69 42 34 29
4 70 70 55 46
4 71 71 62 53
4 72 47 38 31
4 73 145 112 86
4 74 103 86 72
4 75 93 77 62
4 76 63 53 43
4 77 53 41 32
4 78 77 61 48
4 79 127 110 86
4 80 38 33 25
4 81 105 87 77
4 82 28 24 21
4 83 24 21 17
4 84 69 58 49
4 85 103 92 71
4 86 55 46 38
4 87 95 81 71
4 88 83 70 59
4 89 40 33 27
4 90 24 20 16
4 91 84 70 57
4 92 50 40 35
4 93 20 15 12
4 94 21 17 15
4 95 83 67 57
4 96 68 55 43
4 97 121 94 77
4 98 49 37 32
4 99 59 48 40
5 6 52 47 41
5 7 101 83 73
5 8 90 71 61
5 9 40 32 28
5 10 67 54 42
5 11 102 80 62
5 12 57 51 40
5 13 58 50 41
5 14 18 14 11
5 15 29 25 20
5 16 92 82 72
5 17 6 4 3
5 18 61 54 48
5 19 99 76 67
5 20 21 17 15
5 21 25 22 17
5 22 55 47 38
5 23 55 46 37
5 24 89 69 61
5 25 59 45 37
5 26 17 13 10
5 27 65 58 47
5 28 23 17 15
5 29 17 13 10
5 30 77 65 51
5 31 56 45 36
5 32 56 46 41
5 33 76 62 48
5 34 58 52 41
5 35 45 37 31
5 36 64 50 41
5 37 95 78 65
5 38 115 93 77
5 39 104 88 72
5 40 78 61 52
5 41 97 78 66
5 42 103 79 68
5 43 75 63 55
5 44 40 31 26
5 45 26 22 17
5 46 103 82 71
5 47 47 41 34
5 48 73 58 51
5 49 43 34 27
5 50 42 35 31
5 51 66 54 47
5 52 53 46 40
5 53 70 61 50
5 54 28 24 19
5 55 79 63 54
5 56 105 90 78
5 57 76 62 49
5 58 46 36 28
5 59 73 65 50
5 60 47 39 33
5 61 79 62 53
5 62 105 81 68
5 63 50 42 37
5 64 80 63 51
5 65 49 38 31
5 66 92 78 67
5 67 61 53 46
5 68 74 59 49
5 69 66 55 48
5 70 82 63 53
5 71 83 65 54
5 72 29 22 19
5 73 88 77 69
5 74 113 93 75
5 75 64 52 43
5 76 67 54 46
5 77 55 45 38
5 78 63 54 43
5 79 112 88 70
5 80 68 61 47
5 81 112 98 82
5 82 38 31 27
5 83 58 51 40
5 84 96 75 59
5 85 81 64 49
5 86 45 36 31
5 87 97 84 69
5 88 62 53 42
5 89 77 60 47
5 90 51 45 38
5 91 84 74 58
5 92 64 50 44
5 93 49 42 36
5 94 23 18 15
5 95 83 71 62
5 96 34 29 26
5 97 89 72 57
5 98 35 27 22
5 99 61 52 47
6 7 120 102 83
6 8 144 125 96
6 9 104 83 64
6 10 87 67 54
6 11 131 112 94
6 12 107 85 71
6 13 113 92 72
6 14 56 45 35
6 15 44 39 31
6 16 166 137 108
6 17 58 51 43
6 18 124 108 88
6 19 147 121 103
6 20 61 53 46
6 21 72 61 54
6 22 30 26 20
6 23 85 75 65
6 24 83 66 54
6 25 66 52 45
6 26 49 43 39
6 27 117 93 83
6 28 38 30 26
6 29 68 58 50
6 30 96 76 67
6 31 74 57 48
6 32 112 92 74
6 33 26 21 17
6 34 126 97 79
6 35 32 28 24
6 36 59 47 36
6 37 90 75 61
6 38 142 124 112
6 39 151 130 103
6 40 36 30 24
6 41 132 118 104
6 42 122 98 88
6 43 118 98 85
6 44 24 19 15
6 45 38 32 28
6 46 139 112 89
6 47 29 23 19
6 48 25 19 15
6 49 91 81 67
6 50 18 14 12
6 51 129 108 87
6 52 10 8 6
6 53 20 17 14
6 54 83 64 51
6 55 54 48 41
6 56 135 106 90
6 57 63 56 43
6 58 96 80 68
6 59 141 116 90
6 60 50 38 32
6 61 57 44 35
6 62 130 100 79
6 63 121 96 77
6 64 33 26 21
6 65 22 17 13
6 66 123 99 77
6 67 11 9 7
6 68 136 105 89
6 69 138 109 88
6 70 128 114 92
6 71 125 106 89
6 72 54 43 33
6 73 110 91 77
6 74 170 141 110
6 75 85 72 58
6 76 125 99 83
6 77 109 88 77
6 78 127 97 76
6 79 124 101 83
6 80 130 103 79
6 81 182 151 118
6 82 73 57 50
6 83 102 82 73
6 84 144 114 98
6 85 20 16 13
6 86 92 79 66
6 87 160 132 101
6 88 18 16 12
6 89 96 84 76
6 90 108 83 71
6 91 127 105 93
6 92 125 107 84
6 93 96 84 72
6 94 76 62 55
6 95 139 121 99
6 96 77 64 52
6 97 26 22 17
6 98 85 66 57
6 99 134 107 86
7 8 91 74 63
7 9 138 111 94
7 10 51 42 32
7 11 80 64 53
7 12 153 130 108
7 13 66 52 47
7 14 125 98 81
7 15 132 103 88
7 16 107 93 73
7 17 101 91 72
7 18 121 96 78
7 19 99 85 68
7 20 81 71 60
7 21 99 81 63
7 22 96 80 63
7 23 164 127 107
7 24 58 46 35
7 25 64 50 40
7 26 88 75 64
7 27 168 136 108
7 28 120 96 76
7 29 105 93 78
7 30 37 29 23
7 31 56 48 39
7 32 158 138 108
7 33 100 82 72
7 34 97 77 64
7 35 87 67 60
7 36 66 55 47
7 37 39 33 29
7 38 108 83 69
7 39 69 61 53
7 40 111 86 67
7 41 112 93 77
7 42 31 26 20
7 43 62 52 43
7 44 101 87 75
7 45 110 98 83
7 46 28 22 18
7 47 134 119 93
7 48 118 92 78
7 49 123 105 81
7 50 122 96 84
7 51 132 107 92
7 52 129 112 87
7 53 111 91 78
7 54 123 102 91
7 55 70 59 48
7 56 13 10 8
7 57 64 50 41
7 58 99 87 77
7 59 120 105 90
7 60 86 67 52
7 61 83 70 54
7 62 11 8 6
7 63 122 96 76
7 64 96 87 70
7 65 97 84 72
7 66 11 9 7
7 67 131 113 88
7 68 119 105 81
7 69 139 119 94
7 70 111 90 74
7 71 83 68 61
7 72 127 110 89
7 73 9 7 6
7 74 91 80 69
7 75 43 35 30
7 76 93 79 66
7 77 95 83 73
7 78 75 63 51
7 79 9 7 6
7 80 162 138 114
7 81 120 99 76
7 82 137 114 100
7 83 157 123 106
7 84 113 101 80
7 85 109 88 78
7 86 80 68 56
7 87 74 65 54
7 88 136 112 93
7 89 184 150 116
7 90 142 128 105
7 91 91 75 62
7 92 111 95 77
7 93 159 128 99
7 94 124 95 76
7 95 103 91 70
7 96 75 62 48
7 97 125 113 92
7 98 84 66 59
7 99 112 86 73
8 9 97 80 62
8 10 82 67 55
8 11 18 14 11
8 12 111 95 73
8 13 38 32 27
8 14 91 80 71
8 15 117 93 81
8 16 19 15 13
8 17 90 76 58
8 18 38 33 25
8 19 11 9 7
8 20 69 58 51
8 21 71 57 45
8 22 108 97 84
8 23 101 86 77
8 24 109 99 81
8 25 87 70 62
8 26 76 68 59
8 27 91 81 64
8 28 104 93 74
8 29 88 73 57
8 30 66 57 48
8 31 87 73 57
8 32 102 87 71
8 33 129 111 97
8 34 32 25 21
8 35 122 97 76
8 36 101 86 74
8 37 125 104 80
8 38 24 21 17
8 39 28 23 18
8 40 133 111 97
8 41 22 18 15
8 42 63 53 45
8 43 29 25 21
8 44 126 104 82
8 45 113 92 78
8 46 63 54 48
8 47 133 111 94
8 48 155 130 102
8 49 66 54 45
8 50 132 113 90
8 51 61 52 42
8 52 122 109 98
8 53 134 113 101
8 54 95 78 68
8 55 128 107 85
8 56 91 78 62
8 57 111 87 76
8 58 58 50 41
8 59 57 44 37
8 60 101 79 71
8 61 128 100 89
8 62 81 72 59
8 63 43 36 31
8 64 150 119 97
8 65 123 107 84
8 66 95 75 61
8 67 149 118 103
8 68 39 32 27
8 69 64 53 44
8 70 25 22 17
8 71 13 10 8
8 72 125 97 79
8 73 85 73 63
8 74 23 18 14
8 75 71 63 52
8 76 27 21 17
8 77 41 36 28
8 78 34 26 22
8 79 90 73 58
8 80 102 85 75
8 81 33 27 22
8 82 106 94 78
8 83 105 88 69
8 84 29 23 20
8 85 132 117 100
8 86 42 38 31
8 87 25 20 15
8 88 151 117 101
8 89 109 98 80
8 90 98 88 70
8 91 7 5 4
8 92 44 34 27
8 93 89 78 61
8 94 70 62 51
8 95 12 10 8
8 96 64 57 46
8 97 161 135 112
8 98 56 45 40
8 99 35 28 21
9 10 97 86 66
9 11 101 83 67
9 12 22 17 14
9 13 70 62 52
9 14 48 37 30
9 15 52 42 35
9 16 102 78 69
9 17 41 37 28
9 18 65 50 40
9 19 90 80 66
9 20 57 47 37
9 21 43 38 32
9 22 95 75 65
9 23 25 20 16
9 24 126 107 87
9 25 99 79 63
9 26 51 41 37
9 27 28 23 20
9 28 65 51 39
9 29 30 23 19
9 30 101 81 71
9 31 86 77 61
9 32 21 17 14
9 33 110 97 74
9 34 67 52 43
9 35 84 66 58
9 36 108 85 68
9 37 131 107 91
9 38 101 87 77
9 39 111 98 77
9 40 108 96 79
9 41 95 77 61
9 42 123 96 85
9 43 99 80 65
9 44 73 57 51
9 45 55 46 37
9 46 125 99 88
9 47 75 59 51
9 48 110 93 76
9 49 26 22 18
9 50 81 63 52
9 51 44 37 30
9 52 99 76 61
9 53 105 86 75
9 54 22 18 14
9 55 109 95 82
9 56 149 122 98
9 57 96 85 76
9 58 32 26 22
9 59 49 42 35
9 60 85 69 60
9 61 119 101 80
9 62 133 107 89
9 63 47 37 31
9 64 100 86 78
9 65 78 69 56
9 66 122 99 89
9 67 103 83 68
9 68 60 51 40
9 69 49 38 29
9 70 72 62 48
9 71 80 63 56
9 72 43 38 33
9 73 142 114 91
9 74 104 92 74
9 75 96 83 66
9 76 67 54 45
9 77 47 40 34
9 78 82 66 52
9 79 129 116 91
9 80 30 26 20
9 81 115 93 79
9 82 32 26 20
9 83 19 15 12
9 84 72 63 51
9 85 106 89 75
9 86 57 48 42
9 87 102 92 74
9 88 94 73 62
9 89 33 29 22
9 90 20 15 11
9 91 84 73 59
9 92 51 45 37
9 93 12 10 8
9 94 26 23 19
9 95 86 73 59
9 96 76 60 47
9 97 114 91 80
9 98 55 47 37
9 99 61 54 42
10 11 70 56 48
10 12 129 100 79
10 13 47 37 30
10 14 84 65 50
10 15 80 67 57
10 16 103 85 67
10 17 59 46 41
10 18 82 72 61
10 19 81 73 62
10 20 44 39 30
10 21 51 39 35
10 22 52 42 36
10 23 108 92 78
10 24 44 35 27
10 25 16 12 10
10 26 54 42 33
10 27 117 98 82
10 28 68 57 44
10 29 70 57 48
10 30 21 17 13
10 31 11 8 7
10 32 111 91 80
10 33 62 55 47
10 34 63 53 46
10 35 40 35 31
10 36 32 27 22
10 37 38 32 28
10 38 100 78 68
10 39 90 70 54
10 40 70 58 45
10 41 96 78 68
10 42 51 39 34
10 43 53 43 37
10 44 61 54 44
10 45 77 64 51
10 46 54 44 35
10 47 88 78 62
10 48 76 61 53
10 49 74 62 55
10 50 77 68 54
10 51 105 84 71
10 52 78 67 58
10 53 82 64 53
10 54 95 74 61
10 55 43 38 31
10 56 59 49 38
10 57 31 25 22
10 58 69 62 52
10 59 93 82 70
10 60 33 28 23
10 61 52 46 35
10 62 36 32 27
10 63 75 64 54
10 64 63 55 47
10 65 64 50 43
10 66 41 34 26
10 67 84 73 60
10 68 91 82 63
10 69 105 87 72
10 70 94 73 60
10 71 69 61 50
10 72 78 64 57
10 73 36 30 27
10 74 102 85 67
10 75 9 7 5
10 76 65 58 49
10 77 74 62 52
10 78 54 44 35
10 79 47 39 30
10 80 115 102 86
10 81 110 94 75
10 82 103 83 69
10 83 108 95 78
10 84 93 82 66
10 85 89 68 53
10 86 54 45 34
10 87 78 64 54
10 88 93 81 64
10 89 125 107 87
10 90 102 91 77
10 91 78 66 53
10 92 86 71 58
10 93 115 92 72
10 94 76 59 47
10 95 89 78 61
10 96 34 26 20
10 97 88 76 66
10 98 53 41 32
10 99 80 63 56
11 12 121 101 79
11 13 32 27 23
11 14 106 83 72
11 15 118 102 81
11 16 35 27 21
11 17 89 69 59
11 18 47 42 34
11 19 23 19 16
11 20 70 57 50
11 21 70 54 45
11 22 117 96 80
11 23 116 105 82
11 24 109 85 73
11 25 88 69 56
11 26 82 65 58
11 27 97 83 72
11 28 104 86 73
11 29 93 75 59
11 30 58 50 40
11 31 76 64 51
11 32 121 99 78
11 33 124 105 92
11 34 39 31 25
11 35 96 84 73
11 36 98 87 69
11 37 109 86 71
11 38 26 23 20
11 39 19 15 11
11 40 144 115 92
11 41 39 32 25
11 42 57 44 34
11 43 19 15 12
11 44 102 89 80
11 45 120 95 78
11 46 53 41 37
11 47 135 121 94
11 48 152 122 98
11 49 71 58 50
11 50 119 100 88
11 51 77 65 50
11 52 136 116 96
11 53 145 120 97
11 54 102 84 71
11 55 125 97 79
11 56 69 60 51
11 57 94 81 70
11 58 62 55 45
11 59 64 53 46
11 60 88 74 67
11 61 122 105 82
11 62 75 60 49
11 63 60 46 37
11 64 128 112 93
11 65 117 103 82
11 66 68 61 51
11 67 133 115 100
11 68 55 43 35
11 69 78 60 53
11 70 38 32 27
11 71 18 15 13
11 72 105 89 80
11 73 80 66 53
11 74 29 22 19
11 75 71 58 45
11 76 32 27 23
11 77 48 38 34
11 78 30 24 19
11 79 70 58 47
11 80 117 99 82
11 81 36 32 27
11 82 122 100 82
11 83 116 97 75
11 84 46 41 31
11 85 141 117 97
11 86 49 38 31
11 87 13 10 8
11 88 165 127 100
11 89 124 98 87
11 90 112 90 76
11 91 16 14 11
11 92 49 38 34
11 93 103 81 67
11 94 73 60 53
11 95 25 22 18
11 96 60 52 42
11 97 152 134 109
11 98 61 50 40
11 99 46 37 29
12 13 91 82 65
12 14 52 44 39
12 15 59 49 41
12 16 114 97 79
12 17 55 47 40
12 18 70 58 49
12 19 113 99 77
12 20 79 63 50
12 21 66 54 45
12 22 120 94 76
12 23 14 11 9
12 24 138 119 100
12 25 111 96 75
12 26 77 61 49
12 27 24 21 16
12 28 69 60 49
12 29 46 41 32
12 30 129 101 85
12 31 95 82 74
12 32 5 4 3
12 33 127 109 84
12 34 78 66 55
12 35 96 85 69
12 36 119 98 80
12 37 135 118 104
12 38 117 97 87
12 39 124 103 89
12 40 133 109 89
12 41 99 81 70
12 42 147 121 98
12 43 96 87 78
12 44 86 70 60
12 45 64 51 44
12 46 161 129 101
12 47 77 63 56
12 48 138 107 84
12 49 42 34 30
12 50 82 68 59
12 51 55 43 36
12 52 88 77 68
12 53 132 104 83
12 54 34 26 22
12 55 145 116 94
12 56 155 124 111
12 57 120 107 88
12 58 45 39 34
12 59 63 54 41
12 60 102 88 72
12 61 129 108 91
12 62 127 114 103
12 63 58 51 42
12 64 114 103 87
12 65 91 79 65
12 66 158 126 102
12 67 123 96 74
12 68 74 60 49
12 69 54 45 34
12 70 81 69 57
12 71 89 79 67
12 72 60 49 39
12 73 155 135 104
12 74 113 97 84
12 75 105 92 79
12 76 84 71 57
12 77 60 51 45
12 78 88 79 65
12 79 164 128 104
12 80 13 10 8
12 81 109 98 88
12 82 36 28 22
12 83 7 6 5
12 84 84 68 59
12 85 123 96 83
12 86 81 69 55
12 87 133 105 86
12 88 89 78 67
12 89 15 11 9
12 90 5 4 3
12 91 89 78 70
12 92 78 60 47
12 93 17 14 12
12 94 46 37 33
12 95 104 82 69
12 96 86 71 61
12 97 122 109 86
12 98 74 58 50
12 99 88 68 53
13 14 76 66 51
13 15 82 70 60
13 16 54 44 39
13 17 51 45 38
13 18 47 40 32
13 19 47 39 33
13 20 45 35 28
13 21 39 33 25
13 22 93 74 58
13 23 97 82 67
13 24 75 63 57
13 25 55 47 36
13 26 60 47 36
13 27 101 78 62
13 28 79 62 51
13 29 62 49 40
13 30 35 31 27
13 31 44 39 31
13 32 86 77 65
13 33 117 92 71
13 34 29 22 17
13 35 73 62 51
13 36 67 56 48
13 37 84 67 57
13 38 62 48 41
13 39 44 39 32
13 40 95 83 71
13 41 59 47 38
13 42 51 40 34
13 43 21 17 15
13 44 76 65 58
13 45 86 69 56
13 46 57 45 37
13 47 105 86 72
13 48 107 86 76
13 49 53 43 36
13 50 92 80 66
13 51 72 59 46
13 52 99 89 74
13 53 106 84 75
13 54 74 64 53
13 55 85 76 60
13 56 67 58 49
13 57 78 66 51
13 58 45 40 32
13 59 59 52 43
13 60 70 55 45
13 61 95 78 63
13 62 65 53 42
13 63 41 33 29
13 64 109 89 71
13 65 94 72 59
13 66 65 51 43
13 67 113 94 78
13 68 46 41 34
13 69 72 59 47
13 70 49 38 30
13 71 31 26 20
13 72 78 69 59
13 73 70 57 45
13 74 64 49 39
13 75 37 32 27
13 76 26 23 20
13 77 39 34 26
13 78 9 7 6
13 79 59 48 43
13 80 95 86 70
13 81 64 53 47
13 82 100 83 64
13 83 80 71 62
13 84 48 42 37
13 85 105 84 75
13 86 18 14 11
13 87 42 34 30
13 88 108 92 78
13 89 109 92 74
13 90 77 69 62
13 91 42 32 24
13 92 49 38 30
13 93 80 68 55
13 94 51 43 35
13 95 40 35 31
13 96 32 26 20
13 97 125 108 87
13 98 25 22 19
13 99 43 33 27
14 15 16 13 10
14 16 125 104 82
14 17 21 17 13
14 18 79 69 57
14 19 109 94 77
14 20 40 31 24
14 21 40 34 27
14 22 48 43 37
14 23 45 39 34
14 24 86 78 65
14 25 54 48 43
14 26 26 21 17
14 27 81 63 50
14 28 15 12 10
14 29 26 21 17
14 30 77 67 59
14 31 68 55 43
14 32 58 48 41
14 33 69 57 45
14 34 70 59 51
14 35 51 40 31
14 36 66 54 44
14 37 100 79 70
14 38 126 100 87
14 39 125 99 82
14 40 72 60 51
14 41 108 88 76
14 42 115 95 78
14 43 98 76 66
14 44 31 26 22
14 45 11 9 8
14 46 113 90 80
14 47 37 29 25
14 48 70 58 47
14 49 57 44 34
14 50 34 28 24
14 51 69 61 54
14 52 55 43 33
14 53 70 54 46
14 54 27 22 18
14 55 94 73 57
14 56 119 95 86
14 57 69 59 53
14 58 53 41 36
14 59 84 65 57
14 60 46 41 36
14 61 79 67 53
14 62 108 90 76
14 63 69 59 46
14 64 77 62 49
14 65 42 33 27
14 66 118 96 75
14 67 58 45 39
14 68 87 67 58
14 69 85 66 54
14 70 96 77 62
14 71 98 81 64
14 72 14 11 9
14 73 111 85 76
14 74 121 99 85
14 75 64 57 51
14 76 70 63 55
14 77 65 58 47
14 78 80 66 53
14 79 109 96 79
14 80 64 53 47
14 81 124 103 92
14 82 35 28 22
14 83 58 45 40
14 84 93 82 68
14 85 75 59 45
14 86 64 54 42
14 87 114 102 79
14 88 52 43 34
14 89 71 57 45
14 90 60 49 38
14 91 102 78 68
14 92 78 61 53
14 93 59 46 38
14 94 34 28 23
14 95 115 91 71
14 96 56 46 36
14 97 77 64 51
14 98 50 43 33
14 99 77 68 57
15 16 116 104 91
15 17 32 28 23
15 18 88 79 66
15 19 124 112 87
15 20 43 38 33
15 21 55 46 37
15 22 55 49 38
15 23 51 42 35
15 24 100 84 69
15 25 81 64 49
15 26 37 33 26
15 27 77 62 54
15 28 19 15 13
15 29 37 29 25
15 30 94 78 67
15 31 67 60 50
15 32 66 53 44
15 33 65 50 44
15 34 86 69 61
15 35 51 43 34
15 36 65 57 48
15 37 105 86 75
15 38 133 115 97
15 39 126 114 91
15 40 66 59 50
15 41 108 97 85
15 42 128 104 86
15 43 110 88 75
15 44 33 27 21
15 45 9 7 6
15 46 128 99 88
15 47 27 22 17
15 48 57 51 44
15 49 67 54 42
15 50 29 24 19
15 51 95 77 61
15 52 41 33 27
15 53 63 54 43
15 54 32 25 22
15 55 78 67 60
15 56 155 121 94
15 57 82 68 57
15 58 57 50 44
15 59 105 83 65
15 60 64 51 40
15 61 73 64 55
15 62 127 101 84
15 63 74 66 55
15 64 79 62 48
15 65 41 32 26
15 66 108 94 82
15 67 52 41 34
15 68 91 76 66
15 69 95 74 61
15 70 94 81 71
15 71 98 87 73
15 72 5 4 3
15 73 122 102 83
15 74 125 109 94
15 75 86 66 59
15 76 95 82 65
15 77 84 72 56
15 78 91 74 63
15 79 118 96 86
15 80 75 58 49
15 81 142 112 101
15 82 29 24 20
15 83 55 49 43
15 84 128 100 77
15 85 58 52 43
15 86 69 60 51
15 87 149 116 89
15 88 41 32 27
15 89 66 57 46
15 90 63 49 41
15 91 105 88 78
15 92 93 78 62
15 93 60 51 43
15 94 48 42 32
15 95 126 100 81
15 96 60 53 44
15 97 62 55 46
15 98 56 47 42
15 99 95 84 65
16 17 113 87 69
16 18 47 37 30
16 19 9 8 6
16 20 97 76 63
16 21 78 66 55
16 22 136 110 96
16 23 139 108 84
16 24 124 111 92
16 25 109 87 74
16 26 96 86 70
16 27 105 82 68
16 28 125 97 85
16 29 107 85 67
16 30 92 77 60
16 31 100 79 69
16 32 102 91 77
16 33 155 138 109
16 34 52 40 31
16 35 119 102 88
16 36 134 111 86
16 37 130 114 91
16 38 15 13 10
16 39 34 29 23
16 40 149 126 109
16 41 15 12 10
16 42 82 64 53
16 43 45 36 32
16 44 126 110 94
16 45 114 99 88
16 46 92 72 57
16 47 167 130 105
16 48 169 140 113
16 49 86 68 53
16 50 143 112 101
16 51 66 54 45
16 52 167 135 109
16 53 157 136 113
16 54 104 86 77
16 55 141 116 97
16 56 102 83 70
16 57 129 111 88
16 58 67 57 49
16 59 59 48 40
16 60 118 106 83
16 61 157 127 101
16 62 116 89 69
16 63 58 44 39
16 64 153 132 110
16 65 131 113 96
16 66 102 89 71
16 67 142 128 114
16 68 52 40 31
16 69 63 57 47
16 70 30 26 22
16 71 28 24 19
16 72 131 104 89
16 73 100 87 73
16 74 12 9 7
16 75 93 76 64
16 76 37 31 27
16 77 51 41 36
16 78 55 44 34
16 79 92 83 67
16 80 117 99 80
16 81 17 13 11
16 82 128 100 87
16 83 106 85 74
16 84 32 26 21
16 85 149 133 112
16 86 62 52 43
16 87 26 23 20
16 88 164 134 113
16 89 129 101 86
16 90 116 93 76
16 91 23 19 15
16 92 47 40 32
16 93 90 77 67
16 94 85 75 60
16 95 17 13 11
16 96 81 70 58
16 97 202 158 124
16 98 70 58 51
16 99 43 34 27
17 18 61 52 46
17 19 87 78 65
17 20 20 17 13
17 21 21 18 15
17 22 57 46 39
17 23 57 47 37
17 24 90 69 60
17 25 52 42 36
17 26 15 12 9
17 27 71 56 47
17 28 25 22 17
17 29 13 11 9
17 30 74 64 49
17 31 53 42 35
17 32 57 51 41
17 33 72 56 50
17 34 51 45 39
17 35 42 37 32
17 36 59 52 41
17 37 104 84 65
17 38 111 95 75
17 39 99 89 69
17 40 73 65 53
17 41 104 83 64
17 42 103 81 66
17 43 80 65 53
17 44 38 33 28
17 45 30 25 20
17 46 90 78 69
17 47 54 43 37
17 48 79 67 52
17 49 34 28 25
17 50 46 37 33
17 51 70 54 46
17 52 64 49 42
17 53 69 60 51
17 54 30 24 20
17 55 72 65 55
17 56 100 86 76
17 57 74 57 49
17 58 41 33 26
17 59 66 58 48
17 60 49 40 33
17 61 77 68 53
17 62 103 84 67
17 63 50 41 35
17 64 82 65 52
17 65 54 42 32
17 66 93 80 66
17 67 67 56 48
17 68 69 59 47
17 69 64 52 46
17 70 72 63 50
17 71 75 64 51
17 72 31 25 22
17 73 96 84 67
17 74 107 84 72
17 75 61 52 42
17 76 67 55 43
17 77 53 41 36
17 78 60 52 41
17 79 95 80 69
17 80 77 61 47
17 81 115 90 79
17 82 43 37 29
17 83 54 47 40
17 84 80 70 56
17 85 77 66 51
17 86 41 35 29
17 87 108 83 66
17 88 67 53 45
17 89 82 63 48
17 90 57 44 38
17 91 76 68 55
17 92 58 49 42
17 93 49 39 35
17 94 18 15 13
17 95 83 67 59
17 96 36 29 24
17 97 83 69 59
17 98 31 26 20
17 99 67 55 45
18 19 39 32 28
18 20 65 53 44
18 21 50 42 35
18 22 130 100 80
18 23 71 63 54
18 24 125 106 87
18 25 102 81 63
18 26 73 64 50
18 27 56 50 39
18 28 83 75 62
18 29 54 48 41
18 30 93 72 58
18 31 84 69 59
18 32 64 54 48
18 33 134 116 92
18 34 21 18 16
18 35 109 93 72
18 36 101 87 75
18 37 129 104 88
18 38 50 44 39
18 39 64 54 43
18 40 144 118 94
18 41 34 27 22
18 42 89 79 63
18 43 61 48 38
18 44 107 91 73
18 45 95 80 64
18 46 89 76 66
18 47 103 93 81
18 48 126 107 96
18 49 36 30 25
18 50 110 90 79
18 51 26 22 17
18 52 137 106 87
18 53 130 109 95
18 54 66 55 49
18 55 145 113 88
18 56 118 93 79
18 57 129 103 79
18 58 32 26 22
18 59 18 16 13
18 60 114 89 69
18 61 139 107 89
18 62 100 83 74
18 63 17 13 11
18 64 129 107 94
18 65 118 95 76
18 66 122 96 74
18 67 142 110 93
18 68 5 4 3
18 69 26 22 19
18 70 14 12 9
18 71 31 27 21
18 72 108 83 64
18 73 118 99 77
18 74 54 44 36
18 75 79 67 58
18 76 18 15 13
18 77 16 14 11
18 78 41 32 28
18 79 120 95 74
18 80 72 62 51
18 81 53 47 40
18 82 89 73 59
18 83 67 53 45
18 84 20 16 12
18 85 125 107 95
18 86 44 36 28
18 87 60 49 40
18 88 143 112 90
18 89 82 72 56
18 90 69 55 46
18 91 33 28 24
18 92 8 6 4
18 93 49 44 38
18 94 46 41 34
18 95 32 26 21
18 96 67 54 44
18 97 137 123 104
18 98 48 40 33
18 99 10 8 6
19 20 77 68 58
19 21 86 66 51
19 22 113 101 91
19 23 109 96 81
19 24 114 102 87
19 25 86 77 68
19 26 101 80 66
19 27 108 87 67
19 28 118 98 80
19 29 103 81 63
19 30 83 68 54
19 31 89 77 64
19 32 106 88 75
19 33 161 134 103
19 34 44 35 27
19 35 125 103 83
19 36 107 95 81
19 37 111 97 86
19 38 15 13 11
19 39 28 22 19
19 40 145 125 103
19 41 18 14 12
19 42 75 61 49
19 43 40 31 27
19 44 130 113 89
19 45 133 106 84
19 46 74 60 52
19 47 153 125 101
19 48 149 124 108
19 49 75 62 50
19 50 135 110 96
19 51 63 52 44
19 52 159 130 104
19 53 168 134 108
19 54 111 86 73
19 55 134 120 92
19 56 95 78 66
19 57 131 102 83
19 58 66 55 46
19 59 60 51 39
19 60 111 89 78
19 61 125 106 95
19 62 87 75 64
19 63 55 42 36
19 64 142 122 104
19 65 149 117 91
19 66 87 76 66
19 67 165 133 109
19 68 44 35 29
19 69 63 54 46
19 70 28 24 20
19 71 21 17 14
19 72 130 102 85
19 73 96 84 68
19 74 13 10 8
19 75 88 72 58
19 76 33 29 23
19 77 47 41 33
19 78 43 34 28
19 79 88 70 62
19 80 110 92 78
19 81 26 20 15
19 82 111 98 84
19 83 119 93 73
19 84 34 28 21
19 85 132 119 107
19 86 60 47 38
19 87 25 20 16
19 88 164 130 108
19 89 140 109 84
19 90 106 90 74
19 91 17 13 10
19 92 45 38 30
19 93 104 84 65
19 94 80 69 56
19 95 13 10 8
19 96 76 62 53
19 97 198 154 119
19 98 61 53 47
19 99 38 31 25
20 21 15 13 10
20 22 52 44 37
20 23 69 57 48
20 24 77 60 51
20 25 41 33 26
20 26 13 11 9
20 27 81 67 54
20 28 33 29 24
20 29 27 22 19
20 30 55 45 37
20 31 37 31 24
20 32 86 66 51
20 33 70 63 49
20 34 55 43 33
20 35 44 38 29
20 36 53 44 34
20 37 83 68 55
20 38 99 81 67
20 39 91 74 60
20 40 82 65 51
20 41 80 69 59
20 42 73 65 54
20 43 57 50 42
20 44 42 35 31
20 45 43 33 29
20 46 81 69 57
20 47 64 56 45
20 48 88 68 53
20 49 48 37 29
20 50 52 46 39
20 51 63 56 48
20 52 78 60 47
20 53 75 62 52
20 54 45 37 32
20 55 67 60 48
20 56 92 77 64
20 57 66 52 41
20 58 40 33 27
20 59 73 59 49
20 60 38 34 27
20 61 60 54 48
20 62 82 64 55
20 63 50 38 34
20 64 68 57 51
20 65 52 40 34
20 66 79 69 54
20 67 73 61 52
20 68 66 51 45
20 69 65 58 49
20 70 71 57 47
20 71 60 51 44
20 72 46 40 33
20 73 76 64 55
20 74 102 79 65
20 75 45 38 30
20 76 57 44 38
20 77 46 39 33
20 78 47 40 31
20 79 87 69 57
20 80 76 68 57
20 81 94 80 72
20 82 62 52 41
20 83 78 63 49
20 84 76 68 53
20 85 82 64 52
20 86 27 24 21
20 87 95 74 57
20 88 77 59 51
20 89 73 66 58
20 90 74 57 48
20 91 76 62 48
20 92 58 51 40
20 93 71 55 43
20 94 25 21 19
20 95 72 64 53
20 96 19 15 12
20 97 98 79 62
20 98 19 15 12
20 99 59 47 41
21 22 67 52 46
21 23 57 51 45
21 24 84 73 59
21 25 55 44 34
21 26 23 19 16
21 27 63 55 47
21 28 40 35 30
21 29 22 19 16
21 30 63 51 40
21 31 41 36 31
21 32 70 54 45
21 33 84 69 58
21 34 33 28 25
21 35 63 49 38
21 36 56 49 43
21 37 92 80 62
21 38 85 72 61
21 39 81 71 55
21 40 97 77 60
21 41 70 61 51
21 42 87 68 55
21 43 52 45 39
21 44 52 44 39
21 45 55 45 34
21 46 88 69 58
21 47 71 56 50
21 48 88 78 62
21 49 26 23 20
21 50 67 53 46
21 51 65 51 39
21 52 83 66 54
21 53 98 77 61
21 54 42 35 30
21 55 76 68 57
21 56 90 76 67
21 57 67 59 49
21 58 28 23 18
21 59 61 49 40
21 60 54 42 36
21 61 89 74 57
21 62 81 70 58
21 63 38 32 25
21 64 80 71 60
21 65 67 53 43
21 66 77 65 58
21 67 88 70 60
21 68 56 43 36
21 69 57 50 40
21 70 54 43 38
21 71 50 44 37
21 72 58 45 36
21 73 91 70 59
21 74 93 72 58
21 75 50 43 35
21 76 43 36 30
21 77 38 29 24
21 78 40 31 27
21 79 94 72 60
21 80 73 64 51
21 81 100 83 65
21 82 56 47 40
21 83 62 54 43
21 84 58 52 44
21 85 83 67 60
21 86 25 19 15
21 87 79 62 52
21 88 83 74 58
21 89 80 67 53
21 90 63 48 42
21 91 60 47 42
21 92 44 35 31
21 93 57 48 37
21 94 19 15 13
21 95 66 55 46
21 96 23 19 16
21 97 100 81 70
21 98 11 8 6
21 99 48 42 32
22 23 98 82 71
22 24 53 45 35
22 25 37 31 26
22 26 46 41 32
22 27 118 102 85
22 28 45 35 28
22 29 63 54 48
22 30 68 61 49
22 31 44 37 30
22 32 110 91 78
22 33 21 16 13
22 34 99 77 68
22 35 14 11 9
22 36 22 19 16
22 37 59 47 41
22 38 151 118 99
22 39 125 108 88
22 40 23 18 15
22 41 129 116 94
22 42 94 79 69
22 43 116 89 69
22 44 29 23 18
22 45 48 38 33
22 46 106 82 70
22 47 56 43 35
22 48 29 23 18
22 49 81 73 63
22 50 39 32 25
22 51 122 100 83
22 52 38 30 26
22 53 28 22 18
22 54 79 66 54
22 55 34 30 23
22 56 97 80 70
22 57 34 26 23
22 58 93 79 63
22 59 130 109 85
22 60 22 18 14
22 61 27 22 18
22 62 92 75 60
22 63 95 84 70
22 64 21 17 14
22 65 19 16 13
22 66 89 72 57
22 67 40 32 26
22 68 105 93 81
22 69 138 107 84
22 70 125 104 82
22 71 112 96 77
22 72 55 49 40
22 73 85 74 58
22 74 127 111 97
22 75 58 48 40
22 76 113 93 73
22 77 106 83 70
22 78 92 75 63
22 79 88 73 63
22 80 135 106 83
22 81 155 134 105
22 82 86 71 58
22 83 111 87 76
22 84 131 111 89
22 85 30 23 18
22 86 72 64 55
22 87 132 102 86
22 88 41 35 31
22 89 114 93 82
22 90 108 84 74
22 91 130 104 81
22 92 120 92 76
22 93 113 91 73
22 94 71 59 52
22 95 129 110 87
22 96 55 45 39
22 97 50 40 31
22 98 68 59 48
22 99 122 97 77
23 24 133 108 97
23 25 115 95 73
23 26 67 55 46
23 27 33 28 24
23 28 69 56 44
23 29 42 34 30
23 30 112 95 84
23 31 105 83 72
23 32 16 13 11
23 33 101 91 78
23 34 90 75 58
23 35 106 85 65
23 36 109 93 76
23 37 166 132 102
23 38 120 102 92
23 39 129 116 92
23 40 123 97 84
23 41 107 93 75
23 42 150 115 99
23 43 120 103 80
23 44 82 68 54
23 45 64 49 39
23 46 169 132 102
23 47 72 58 49
23 48 114 99 78
23 49 49 38 33
23 50 75 61 53
23 51 64 53 42
23 52 95 74 61
23 53 109 92 77
23 54 27 21 18
23 55 123 105 90
23 56 168 143 111
23 57 124 110 85
23 58 51 44 37
23 59 74 58 47
23 60 96 77 68
23 61 118 101 87
23 62 144 115 102
23 63 67 56 46
23 64 107 91 81
23 65 77 68 60
23 66 145 131 102
23 67 103 84 68
23 68 70 63 54
23 69 63 53 41
23 70 86 77 62
23 71 105 85 71
23 72 45 38 33
23 73 166 132 103
23 74 135 113 89
23 75 116 101 78
23 76 82 73 60
23 77 69 59 49
23 78 93 75 67
23 79 152 120 104
23 80 26 20 15
23 81 118 107 94
23 82 21 18 15
23 83 20 15 13
23 84 87 74 65
23 85 117 100 77
23 86 78 70 56
23 87 127 100 89
23 88 94 78 60
23 89 17 15 12
23 90 15 12 10
23 91 106 89 74
23 92 86 66 52
23 93 27 23 18
23 94 48 38 33
23 95 117 93 74
23 96 80 68 60
23 97 119 99 79
23 98 70 60 50
23 99 75 65 57
24 25 37 31 26
24 26 84 67 52
24 27 161 131 105
24 28 87 71 57
24 29 93 78 69
24 30 48 40 34
24 31 44 37 29
24 32 147 123 101
24 33 62 49 40
24 34 105 85 72
24 35 55 46 36
24 36 35 28 22
24 37 13 11 8
24 38 132 107 92
24 39 113 98 77
24 40 51 39 34
24 41 131 105 94
24 42 72 56 49
24 43 84 73 61
24 44 74 61 51
24 45 88 72 64
24 46 69 62 48
24 47 102 82 68
24 48 66 53 46
24 49 115 98 79
24 50 79 71 59
24 51 142 122 96
24 52 76 66 59
24 53 66 54 46
24 54 111 95 80
24 55 22 17 14
24 56 63 56 43
24 57 21 17 13
24 58 122 98 76
24 59 145 115 96
24 60 47 36 30
24 61 34 27 21
24 62 49 39 34
24 63 118 96 80
24 64 61 49 38
24 65 73 57 47
24 66 49 38 31
24 67 77 65 59
24 68 123 105 89
24 69 130 111 98
24 70 118 103 86
24 71 100 87 76
24 72 114 89 70
24 73 44 38 30
24 74 124 110 91
24 75 47 39 30
24 76 110 92 76
24 77 104 87 78
24 78 98 76 62
24 79 58 47 38
24 80 156 125 107
24 81 154 129 99
24 82 112 96 86
24 83 134 110 99
24 84 116 105 93
24 85 69 58 46
24 86 78 69 60
24 87 118 91 77
24 88 91 75 65
24 89 176 137 107
24 90 148 114 98
24 91 111 91 78
24 92 119 95 84
24 93 134 111 94
24 94 102 83 70
24 95 135 110 86
24 96 61 49 44
24 97 80 68 60
24 98 83 65 57
24 99 114 97 82
25 26 39 34 28
25 27 123 101 80
25 28 51 44 36
25 29 63 56 44
25 30 37 29 23
25 31 7 6 5
25 32 120 96 76
25 33 57 49 38
25 34 77 59 50
25 35 29 25 21
25 36 20 17 13
25 37 45 36 29
25 38 123 97 75
25 39 95 81 63
25 40 60 46 36
25 41 107 86 73
25 42 58 50 43
25 43 67 55 45
25 44 50 44 35
25 45 67 52 44
25 46 60 51 44
25 47 78 61 53
25 48 71 55 44
25 49 88 68 54
25 50 65 52 44
25 51 91 80 71
25 52 75 62 49
25 53 67 53 43
25 54 87 72 56
25 55 36 30 25
25 56 67 60 47
25 57 22 19 16
25 58 80 63 51
25 59 100 84 71
25 60 21 16 13
25 61 40 31 27
25 62 51 42 36
25 63 79 71 56
25 64 58 45 38
25 65 54 41 33
25 66 49 40 34
25 67 86 66 51
25 68 86 76 65
25 69 92 83 73
25 70 85 72 64
25 71 85 68 56
25 72 74 58 50
25 73 55 45 35
25 74 106 92 74
25 75 23 18 14
25 76 80 63 54
25 77 79 61 54
25 78 57 50 41
25 79 56 46 39
25 80 105 94 82
25 81 118 104 82
25 82 96 80 63
25 83 126 97 75
25 84 117 93 71
25 85 66 51 43
25 86 47 42 36
25 87 92 80 61
25 88 89 69 54
25 89 135 105 83
25 90 102 85 73
25 91 88 71 59
25 92 84 68 60
25 93 97 87 69
25 94 64 55 45
25 95 93 82 66
25 96 30 25 20
25 97 88 74 57
25 98 46 37 32
25 99 98 77 59
26 27 77 64 55
26 28 22 19 16
26 29 28 22 18
26 30 68 53 43
26 31 36 30 27
26 32 71 63 50
26 33 71 55 43
26 34 59 50 41
26 35 35 28 24
26 36 46 38 32
26 37 81 72 56
26 38 109 90 75
26 39 99 83 68
26 40 63 54 46
26 41 105 85 66
26 42 98 78 61
26 43 76 60 50
26 44 42 32 24
26 45 30 24 21
26 46 88 75 63
26 47 54 46 37
26 48 73 59 47
26 49 49 40 32
26 50 47 39 31
26 51 76 59 52
26 52 61 51 39
26 53 69 55 46
26 54 48 37 29
26 55 73 60 46
26 56 112 87 70
26 57 51 45 40
26 58 39 35 31
26 59 84 70 54
26 60 34 29 24
26 61 64 52 45
26 62 92 74 60
26 63 58 49 40
26 64 58 51 45
26 65 41 36 27
26 66 79 71 58
26 67 69 59 45
26 68 77 60 51
26 69 86 67 53
26 70 85 68 54
26 71 82 67 52
26 72 38 30 26
26 73 90 70 60
26 74 99 88 73
26 75 48 40 35
26 76 60 50 45
26 77 57 48 40
26 78 56 44 39
26 79 93 77 62
26 80 94 73 56
26 81 113 101 80
26 82 53 43 36
26 83 70 57 48
26 84 88 69 60
26 85 66 58 45
26 86 39 34 28
26 87 107 82 65
26 88 64 53 43
26 89 84 71 56
26 90 78 61 47
26 91 79 66 56
26 92 71 59 46
26 93 60 49 44
26 94 27 24 21
26 95 92 79 61
26 96 30 23 19
26 97 85 71 55
26 98 30 26 20
26 99 67 54 48
27 28 89 71 59
27 29 52 45 38
27 30 131 101 85
27 31 108 86 77
27 32 21 17 14
27 33 145 112 94
27 34 71 60 48
27 35 100 87 78
27 36 137 111 87
27 37 172 134 108
27 38 111 99 77
27 39 115 101 81
27 40 123 110 99
27 41 84 67 59
27 42 128 106 96
27 43 108 93 73
27 44 112 91 71
27 45 78 68 56
27 46 139 110 99
27 47 107 91 70
27 48 142 119 96
27 49 42 32 28
27 50 110 89 72
27 51 33 27 23
27 52 118 95 81
27 53 134 112 95
27 54 49 43 33
27 55 144 115 101
27 56 169 143 110
27 57 130 115 94
27 58 43 39 31
27 59 45 37 29
27 60 104 90 79
27 61 153 122 99
27 62 145 125 103
27 63 55 46 35
27 64 141 125 97
27 65 110 86 76
27 66 141 114 103
27 67 123 100 87
27 68 57 45 38
27 69 34 27 21
27 70 72 57 47
27 71 83 71 59
27 72 71 63 52
27 73 154 124 104
27 74 112 95 74
27 75 125 104 81
27 76 67 58 49
27 77 55 47 38
27 78 92 73 60
27 79 171 134 103
27 80 20 15 13
27 81 106 92 77
27 82 51 45 37
27 83 20 16 12
27 84 74 62 48
27 85 138 116 94
27 86 81 68 53
27 87 124 98 78
27 88 132 104 81
27 89 27 24 20
27 90 23 18 15
27 91 90 74 62
27 92 54 43 38
27 93 18 14 12
27 94 52 45 36
27 95 85 66 59
27 96 97 82 63
27 97 136 121 99
27 98 69 61 50
27 99 70 56 44
28 29 32 28 24
28 30 73 63 55
28 31 56 44 37
28 32 76 64 51
28 33 57 45 36
28 34 90 69 55
28 35 36 28 22
28 36 58 46 35
28 37 92 81 62
28 38 113 101 90
28 39 127 108 83
28 40 60 49 41
28 41 102 92 80
28 42 109 91 75
28 43 99 80 65
28 44 16 14 12
28 45 14 11 8
28 46 114 91 76
28 47 29 26 21
28 48 60 46 37
28 49 61 52 41
28 50 25 19 17
28 51 82 72 62
28 52 40 32 26
28 53 58 46 36
28 54 45 35 27
28 55 77 61 48
28 56 129 101 82
28 57 55 49 44
28 58 53 48 42
28 59 92 77 64
28 60 39 31 27
28 61 67 54 44
28 62 109 89 71
28 63 88 68 52
28 64 62 48 39
28 65 25 22 18
28 66 91 79 70
28 67 46 39 32
28 68 108 83 64
28 69 83 71 62
28 70 103 80 67
28 71 97 86 67
28 72 21 17 14
28 73 106 90 71
28 74 121 100 88
28 75 63 53 47
28 76 90 77 59
28 77 81 63 52
28 78 79 69 55
28 79 100 84 74
28 80 76 62 56
28 81 135 113 95
28 82 41 35 31
28 83 70 60 50
28 84 104 82 73
28 85 55 44 36
28 86 71 55 43
28 87 110 89 80
28 88 41 36 28
28 89 79 63 55
28 90 68 56 48
28 91 98 83 71
28 92 83 70 59
28 93 69 59 47
28 94 39 33 29
28 95 121 98 75
28 96 45 39 33
28 97 63 52 43
28 98 53 44 34
28 99 92 75 61
29 30 75 62 55
29 31 59 51 43
29 32 48 39 33
29 33 92 71 58
29 34 55 42 37
29 35 55 48 40
29 36 68 57 50
29 37 103 85 73
29 38 113 91 73
29 39 92 79 70
29 40 97 76 62
29 41 91 70 61
29 42 101 80 71
29 43 82 63 55
29 44 57 45 35
29 45 32 28 24
29 46 119 92 74
29 47 63 53 41
29 48 94 72 60
29 49 27 24 18
29 50 60 51 39
29 51 57 50 38
29 52 74 58 48
29 53 88 70 59
29 54 22 17 14
29 55 95 75 63
29 56 116 91 82
29 57 94 74 57
29 58 29 24 20
29 59 62 53 41
29 60 55 49 42
29 61 94 73 62
29 62 107 89 73
29 63 40 34 30
29 64 82 69 61
29 65 55 45 40
29 66 105 84 72
29 67 83 70 55
29 68 66 54 42
29 69 57 48 38
29 70 71 56 47
29 71 65 58 50
29 72 35 30 23
29 73 102 92 74
29 74 117 93 71
29 75 72 62 49
29 76 53 46 41
29 77 47 39 32
29 78 65 50 42
29 79 105 92 75
29 80 65 50 39
29 81 112 91 77
29 82 32 28 24
29 83 50 39 31
29 84 73 62 52
29 85 95 74 59
29 86 46 36 30
29 87 85 76 67
29 88 72 62 50
29 89 52 46 40
29 90 44 36 30
29 91 72 65 54
29 92 53 45 37
29 93 37 32 26
29 94 11 9 7
29 95 84 66 57
29 96 40 34 30
29 97 95 75 66
29 98 34 29 22
29 99 63 52 41
30 31 27 24 20
30 32 137 111 85
30 33 91 78 60
30 34 63 49 43
30 35 65 57 44
30 36 54 42 34
30 37 41 36 32
30 38 82 72 58
30 39 64 52 44
30 40 83 71 57
30 41 78 69 62
30 42 33 25 21
30 43 37 33 28
30 44 83 67 56
30 45 100 81 62
30 46 35 27 22
30 47 96 85 74
30 48 93 78 66
30 49 78 70 58
30 50 103 85 66
30 51 101 81 71
30 52 114 92 71
30 53 94 83 66
30 54 101 79 68
30 55 60 46 41
30 56 42 34 28
30 57 55 42 32
30 58 89 70 54
30 59 98 85 69
30 60 52 46 36
30 61 74 58 46
30 62 26 23 18
30 63 79 63 54
30 64 92 71 59
30 65 88 70 56
30 66 26 23 18
30 67 109 85 73
30 68 95 75 61
30 69 123 95 73
30 70 87 71 56
30 71 60 52 44
30 72 100 78 67
30 73 27 24 20
30 74 74 65 58
30 75 15 13 10
30 76 63 57 46
30 77 76 63 51
30 78 42 35 31
30 79 33 26 20
30 80 117 105 91
30 81 100 78 66
30 82 120 95 77
30 83 111 98 83
30 84 85 77 62
30 85 95 80 66
30 86 53 41 34
30 87 64 50 44
30 88 107 88 76
30 89 130 114 93
30 90 132 104 82
30 91 70 59 46
30 92 92 71 56
30 93 112 87 76
30 94 77 68 53
30 95 83 67 54
30 96 39 32 25
30 97 108 94 79
30 98 57 45 36
30 99 74 65 53
31 32 98 86 75
31 33 59 51 42
31 34 64 50 45
31 35 43 33 25
31 36 27 21 18
31 37 49 39 32
31 38 106 82 70
31 39 94 72 58
31 40 59 46 41
31 41 99 89 69
31 42 57 45 40
31 43 64 50 40
31 44 54 46 37
31 45 63 52 44
31 46 64 53 41
31 47 93 72 55
31 48 64 57 48
31 49 73 57 51
31 50 59 53 47
31 51 101 81 68
31 52 69 59 52
31 53 77 62 48
31 54 78 64 55
31 55 47 38 29
31 56 71 58 45
31 57 31 24 21
31 58 61 53 48
31 59 102 80 68
31 60 23 20 17
31 61 46 41 32
31 62 49 39 34
31 63 83 68 52
31 64 59 49 42
31 65 52 44 36
31 66 47 42 33
31 67 82 67 54
31 68 86 70 61
31 69 90 77 69
31 70 75 66 59
31 71 72 59 51
31 72 65 58 50
31 73 48 40 34
31 74 96 80 69
31 75 17 13 10
31 76 72 61 49
31 77 68 58 50
31 78 57 44 36
31 79 55 44 37
31 80 106 94 80
31 81 112 95 77
31 82 97 74 63
31 83 106 93 73
31 84 104 85 66
31 85 77 60 47
31 86 52 40 32
31 87 72 63 57
31 88 79 71 57
31 89 118 105 82
31 90 108 88 72
31 91 77 62 54
31 92 93 73 56
31 93 109 85 67
31 94 63 50 42
31 95 88 79 62
31 96 25 20 16
31 97 88 78 61
31 98 45 37 29
31 99 86 70 55
32 33 117 97 86
32 34 70 61 54
32 35 104 92 71
32 36 120 101 82
32 37 162 129 105
32 38 142 112 86
32 39 140 110 88
32 40 138 116 91
32 41 97 76 68
32 42 127 112 98
32 43 110 93 78
32 44 91 75 62
32 45 68 56 47
32 46 148 115 101
32 47 86 75 59
32 48 140 109 87
32 49 42 37 29
32 50 102 79 62
32 51 47 41 34
32 52 106 90 70
32 53 127 105 86
32 54 37 31 24
32 55 145 112 95
32 56 169 140 112
32 57 125 110 90
32 58 48 39 34
32 59 60 50 39
32 60 104 88 74
32 61 123 104 93
32 62 163 131 103
32 63 57 51 41
32 64 129 108 89
32 65 105 88 68
32 66 166 127 103
32 67 102 90 77
32 68 61 54 47
32 69 47 39 32
32 70 82 70 56
32 71 97 75 66
32 72 69 53 42
32 73 158 133 104
32 74 118 102 83
32 75 112 94 80
32 76 82 70 56
32 77 66 52 44
32 78 104 80 64
32 79 143 127 104
32 80 11 8 6
32 81 130 101 87
32 82 42 32 25
32 83 5 4 3
32 84 80 64 57
32 85 116 104 85
32 86 85 69 55
32 87 120 96 85
32 88 99 79 70
32 89 14 11 9
32 90 6 5 4
32 91 97 81 69
32 92 67 54 46
32 93 17 13 11
32 94 48 42 33
32 95 106 83 68
32 96 83 71 61
32 97 127 113 89
32 98 65 58 50
32 99 66 57 51
33 34 111 92 81
33 35 30 27 21
33 36 38 33 26
33 37 72 61 47
33 38 171 145 111
33 39 152 117 100
33 40 13 10 8
33 41 163 134 106
33 42 118 91 80
33 43 117 99 82
33 44 34 28 24
33 45 58 48 40
33 46 108 96 80
33 47 57 46 35
33 48 11 8 7
33 49 116 90 74
33 50 46 35 27
33 51 138 117 95
33 52 34 27 23
33 53 11 9 7
33 54 97 81 63
33 55 40 32 27
33 56 107 96 80
33 57 50 39 31
33 58 116 89 74
33 59 152 119 96
33 60 40 34 26
33 61 33 26 20
33 62 106 82 69
33 63 114 95 82
33 64 8 6 4
33 65 31 24 19
33 66 94 84 67
33 67 27 24 20
33 68 130 116 93
33 69 128 111 95
33 70 144 111 95
33 71 129 102 90
33 72 71 59 46
33 73 94 85 67
33 74 153 137 109
33 75 67 60 51
33 76 128 106 85
33 77 128 100 82
33 78 96 85 75
33 79 111 90 73
33 80 126 112 91
33 81 186 150 117
33 82 93 72 64
33 83 126 108 85
33 84 134 113 101
33 85 11 9 7
33 86 87 76 67
33 87 143 126 98
33 88 46 36 28
33 89 144 113 89
33 90 112 100 83
33 91 117 104 94
33 92 131 108 88
33 93 121 98 82
33 94 90 75 62
33 95 142 122 100
33 96 78 62 51
33 97 31 25 20
33 98 84 72 60
33 99 135 110 89
34 35 79 67 60
34 36 88 68 61
34 37 99 84 73
34 38 53 42 37
34 39 47 40 35
34 40 117 100 82
34 41 39 32 26
34 42 69 59 49
34 43 33 29 25
34 44 86 75 64
34 45 86 74 58
34 46 69 61 52
34 47 116 92 75
34 48 121 95 85
34 49 34 30 26
34 50 110 91 71
34 51 48 37 29
34 52 113 89 79
34 53 137 108 84
34 54 67 58 48
34 55 103 85 74
34 56 99 79 65
34 57 103 81 65
34 58 30 25 21
34 59 41 32 27
34 60 86 67 57
34 61 111 96 76
34 62 80 67 59
34 63 21 17 14
34 64 138 107 82
34 65 93 77 67
34 66 83 72 60
34 67 125 100 85
34 68 27 23 18
34 69 42 36 31
34 70 22 18 15
34 71 23 18 14
34 72 81 71 59
34 73 97 80 62
34 74 47 39 34
34 75 65 55 44
34 76 9 7 5
34 77 16 13 11
34 78 22 18 14
34 79 78 68 59
34 80 91 76 58
34 81 55 49 41
34 82 86 73 58
34 83 85 67 51
34 84 32 27 21
34 85 129 100 84
34 86 23 18 14
34 87 47 40 32
34 88 124 98 83
34 89 93 79 63
34 90 83 64 52
34 91 28 21 18
34 92 20 16 14
34 93 63 49 43
34 94 39 34 30
34 95 28 24 21
34 96 51 40 31
34 97 121 107 95
34 98 34 29 22
34 99 17 13 10
35 36 24 20 15
35 37 63 55 42
35 38 135 116 91
35 39 118 95 81
35 40 38 30 23
35 41 135 106 86
35 42 94 80 64
35 43 98 79 62
35 44 26 20 16
35 45 40 33 29
35 46 96 78 65
35 47 48 38 34
35 48 42 34 26
35 49 73 63 55
35 50 32 28 24
35 51 114 95 76
35 52 40 34 28
35 53 34 30 25
35 54 65 53 48
35 55 42 32 26
35 56 95 78 67
35 57 35 30 23
35 58 86 69 55
35 59 103 93 77
35 60 13 10 8
35 61 32 27 22
35 62 93 71 56
35 63 92 73 62
35 64 32 27 22
35 65 19 15 13
35 66 84 67 54
35 67 45 37 30
35 68 112 92 73
35 69 116 96 76
35 70 109 90 74
35 71 93 83 70
35 72 55 43 36
35 73 72 61 55
35 74 123 110 89
35 75 49 40 35
35 76 95 84 65
35 77 92 72 62
35 78 77 63 55
35 79 100 78 60
35 80 112 89 77
35 81 137 121 97
35 82 80 62 52
35 83 117 90 70
35 84 107 96 81
35 85 34 29 25
35 86 67 55 47
35 87 102 92 79
35 88 52 40 33
35 89 125 98 76
35 90 96 83 68
35 91 116 93 73
35 92 98 79 68
35 93 99 82 66
35 94 69 56 44
35 95 123 96 79
35 96 41 35 31
35 97 48 43 37
35 98 60 48 40
35 99 97 83 69
36 37 41 36 28
36 38 131 101 88
36 39 100 84 75
36 40 36 29 24
36 41 137 108 85
36 42 75 65 54
36 43 83 72 58
36 44 45 37 30
36 45 54 47 42
36 46 84 72 55
36 47 70 56 48
36 48 46 39 32
36 49 90 77 62
36 50 59 47 38
36 51 119 92 81
36 52 59 52 41
36 53 48 37 32
36 54 86 66 59
36 55 23 18 15
36 56 90 71 55
36 57 14 12 9
36 58 77 69 60
36 59 130 106 82
36 60 16 12 9
36 61 20 17 15
36 62 59 51 44
36 63 95 77 66
36 64 35 29 26
36 65 36 32 26
36 66 60 51 42
36 67 57 51 41
36 68 122 98 76
36 69 129 100 82
36 70 105 88 75
36 71 109 85 68
36 72 69 58 49
36 73 55 49 42
36 74 112 101 86
36 75 40 32 26
36 76 98 79 65
36 77 90 79 65
36 78 81 63 53
36 79 67 54 48
36 80 116 104 87
36 81 144 115 94
36 82 97 77 65
36 83 122 99 80
36 84 128 106 82
36 85 45 37 32
36 86 71 60 48
36 87 93 83 74
36 88 64 56 46
36 89 129 105 87
36 90 122 96 78
36 91 108 91 72
36 92 105 91 71
36 93 121 97 75
36 94 72 64 52
36 95 107 95 79
36 96 46 40 31
36 97 73 56 46
36 98 68 52 42
36 99 98 88 71
37 38 146 117 90
37 39 120 94 75
37 40 64 53 41
37 41 126 103 93
37 42 72 59 45
37 43 86 68 60
37 44 85 74 57
37 45 105 81 69
37 46 63 52 43
37 47 117 96 75
37 48 86 66 53
37 49 113 100 82
37 50 95 79 65
37 51 136 114 98
37 52 88 75 66
37 53 79 64 53
37 54 134 105 84
37 55 34 26 21
37 56 51 44 37
37 57 25 22 19
37 58 123 95 79
37 59 151 121 98
37 60 46 39 35
37 61 42 36 28
37 62 46 35 29
37 63 119 100 82
37 64 63 56 45
37 65 71 60 53
37 66 42 33 26
37 67 100 82 66
37 68 146 116 90
37 69 144 114 100
37 70 126 104 86
37 71 105 93 75
37 72 99 87 76
37 73 36 30 25
37 74 127 105 89
37 75 41 37 30
37 76 110 87 76
37 77 133 103 80
37 78 85 76 62
37 79 48 37 32
37 80 163 132 111
37 81 138 109 97
37 82 125 102 91
37 83 147 129 103
37 84 131 113 93
37 85 79 61 54
37 86 81 71 61
37 87 108 87 75
37 88 103 90 72
37 89 166 134 112
37 90 161 128 102
37 91 113 99 78
37 92 129 110 85
37 93 156 122 98
37 94 107 83 73
37 95 129 101 86
37 96 63 52 47
37 97 93 84 67
37 98 86 67 59
37 99 130 104 83
38 39 24 20 17
38 40 169 141 111
38 41 28 23 20
38 42 70 55 49
38 43 46 37 31
38 44 140 114 98
38 45 146 118 94
38 46 78 64 52
38 47 163 143 111
38 48 153 134 116
38 49 77 69 61
38 50 162 135 105
38 51 72 60 54
38 52 159 136 113
38 53 164 139 116
38 54 118 95 84
38 55 129 110 98
38 56 93 82 65
38 57 132 112 89
38 58 80 71 56
38 59 77 60 49
38 60 124 110 86
38 61 143 125 102
38 62 89 76 66
38 63 69 54 47
38 64 160 124 112
38 65 145 128 100
38 66 96 80 67
38 67 172 144 118
38 68 65 52 40
38 69 79 67 56
38 70 45 37 31
38 71 39 30 24
38 72 144 115 96
38 73 104 86 69
38 74 6 5 4
38 75 85 73 64
38 76 47 39 33
38 77 73 57 44
38 78 55 44 37
38 79 91 78 63
38 80 131 114 89
38 81 13 10 8
38 82 128 106 94
38 83 121 106 83
38 84 45 37 30
38 85 175 140 115
38 86 66 54 47
38 87 23 19 16
38 88 167 144 117
38 89 132 115 95
38 90 122 98 84
38 91 28 23 20
38 92 59 46 41
38 93 106 95 76
38 94 85 76 67
38 95 28 24 19
38 96 90 69 61
38 97 177 145 127
38 98 92 71 56
38 99 51 41 35
39 40 154 128 99
39 41 48 39 30
39 42 47 42 33
39 43 28 25 19
39 44 122 110 89
39 45 128 113 88
39 46 52 40 36
39 47 137 119 104
39 48 155 121 105
39 49 95 78 60
39 50 131 118 98
39 51 79 67 60
39 52 150 126 105
39 53 158 123 105
39 54 123 95 82
39 55 127 99 84
39 56 73 60 49
39 57 120 92 75
39 58 77 63 56
39 59 88 69 55
39 60 119 95 74
39 61 112 100 89
39 62 70 62 50
39 63 65 56 48
39 64 142 111 100
39 65 122 110 90
39 66 71 59 52
39 67 136 122 109
39 68 57 51 44
39 69 88 79 62
39 70 51 42 35
39 71 33 29 23
39 72 138 115 90
39 73 77 63 54
39 74 25 20 17
39 75 70 59 51
39 76 49 39 33
39 77 74 57 44
39 78 46 37 29
39 79 69 60 47
39 80 129 112 92
39 81 35 29 24
39 82 127 105 92
39 83 113 98 85
39 84 59 48 38
39 85 164 126 105
39 86 61 54 41
39 87 7 6 4
39 88 157 135 109
39 89 136 121 97
39 90 141 109 86
39 91 31 25 20
39 92 64 51 44
39 93 114 90 78
39 94 83 73 64
39 95 36 29 25
39 96 67 58 51
39 97 167 149 117
39 98 70 63 50
39 99 53 43 38
40 41 154 137 107
40 42 115 90 77
40 43 115 90 81
40 44 40 34 30
40 45 63 57 46
40 46 119 98 77
40 47 62 53 42
40 48 22 17 13
40 49 112 94 77
40 50 47 39 34
40 51 131 110 98
40 52 43 36 30
40 53 18 15 13
40 54 106 88 68
40 55 31 25 21
40 56 112 89 75
40 57 39 31 27
40 58 106 86 77
40 59 133 113 99
40 60 43 34 26
40 61 20 17 14
40 62 103 81 65
40 63 132 107 84
40 64 6 5 4
40 65 32 28 24
40 66 90 78 62
40 67 35 30 27
40 68 138 118 96
40 69 153 124 98
40 70 153 121 96
40 71 133 114 90
40 72 80 64 52
40 73 97 78 62
40 74 155 129 109
40 75 64 57 49
40 76 120 103 86
40 77 113 102 84
40 78 103 86 76
40 79 102 85 69
40 80 130 108 97
40 81 158 133 117
40 82 90 79 70
40 83 143 113 90
40 84 151 128 103
40 85 19 15 13
40 86 99 86 68
40 87 156 126 97
40 88 52 40 35
40 89 127 112 95
40 90 123 102 88
40 91 135 119 94
40 92 139 108 90
40 93 134 106 87
40 94 98 84 66
40 95 132 118 100
40 96 87 67 52
40 97 39 32 26
40 98 94 79 61
40 99 131 102 91
41 42 98 77 59
41 43 48 41 35
41 44 121 106 90
41 45 127 102 83
41 46 84 75 62
41 47 132 114 100
41 48 166 143 111
41 49 74 57 46
41 50 138 109 96
41 51 54 47 36
41 52 154 127 105
41 53 153 133 110
41 54 99 79 69
41 55 147 115 97
41 56 119 95 76
41 57 139 115 88
41 58 56 49 42
41 59 49 39 30
41 60 119 101 82
41 61 160 125 100
41 62 113 87 73
41 63 50 39 31
41 64 145 123 107
41 65 123 111 92
41 66 117 90 75
41 67 171 137 110
41 68 35 28 22
41 69 54 44 38
41 70 21 17 14
41 71 25 22 18
41 72 135 104 83
41 73 115 95 77
41 74 26 22 17
41 75 90 74 65
41 76 30 25 22
41 77 42 33 29
41 78 49 42 33
41 79 91 81 72
41 80 111 87 71
41 81 25 22 19
41 82 113 91 79
41 83 85 75 66
41 84 19 15 11
41 85 177 143 110
41 86 58 51 39
41 87 37 30 27
41 88 159 128 108
41 89 115 100 77
41 90 88 76 67
41 91 22 19 16
41 92 36 28 25
41 93 92 77 59
41 94 78 62 54
41 95 13 10 8
41 96 82 66 56
41 97 182 153 120
41 98 67 53 47
41 99 30 25 20
42 43 38 30 25
42 44 104 93 77
42 45 121 104 81
42 46 7 5 4
42 47 122 106 94
42 48 128 112 86
42 49 96 79 70
42 50 130 107 86
42 51 118 98 78
42 52 126 102 91
42 53 125 103 86
42 54 110 96 84
42 55 95 76 59
42 56 29 23 18
42 57 82 64 51
42 58 84 72 65
42 59 109 87 75
42 60 93 73 56
42 61 90 73 65
42 62 29 23 18
42 63 89 75 62
42 64 120 101 79
42 65 112 95 76
42 66 31 26 20
42 67 136 110 94
42 68 95 79 65
42 69 113 94 80
42 70 80 69 57
42 71 64 55 43
42 72 119 103 86
42 73 32 28 22
42 74 67 58 49
42 75 47 38 30
42 76 69 56 50
42 77 77 66 58
42 78 47 41 36
42 79 22 19 15
42 80 163 128 103
42 81 87 71 57
42 82 133 113 94
42 83 135 111 96
42 84 89 74 63
42 85 124 99 86
42 86 67 52 44
42 87 49 38 34
42 88 144 124 96
42 89 164 133 107
42 90 144 114 95
42 91 68 56 44
42 92 85 74 62
42 93 130 110 88
42 94 99 81 67
42 95 72 63 52
42 96 63 53 43
42 97 130 116 99
42 98 74 62 50
42 99 87 67 57
43 44 104 89 71
43 45 103 87 71
43 46 42 36 28
43 47 121 105 86
43 48 123 106 87
43 49 68 55 49
43 50 116 93 80
43 51 68 60 54
43 52 124 112 87
43 53 127 107 87
43 54 92 76 68
43 55 101 87 67
43 56 70 54 42
43 57 77 69 58
43 58 68 53 44
43 59 78 60 51
43 60 73 65 56
43 61 95 83 71
43 62 49 44 38
43 63 63 49 39
43 64 118 105 82
43 65 108 92 72
43 66 63 49 40
43 67 134 116 91
43 68 57 49 40
43 69 90 71 56
43 70 49 43 33
43 71 28 22 19
43 72 113 93 74
43 73 60 51 42
43 74 50 39 30
43 75 52 42 33
43 76 41 33 26
43 77 51 43 35
43 78 21 16 14
43 79 52 46 37
43 80 118 105 82
43 81 59 45 38
43 82 104 86 78
43 83 119 97 75
43 84 60 48 38
43 85 132 107 86
43 86 36 30 25
43 87 25 22 17
43 88 126 101 91
43 89 126 99 86
43 90 116 91 75
43 91 30 23 20
43 92 57 46 38
43 93 86 76 67
43 94 68 57 49
43 95 41 32 28
43 96 52 41 33
43 97 128 115 99
43 98 50 44 34
43 99 50 39 33
44 45 26 20 17
44 46 123 100 78
44 47 27 21 19
44 48 36 32 25
44 49 80 65 52
44 50 16 13 10
44 51 108 89 73
44 52 24 19 16
44 53 40 31 24
44 54 57 51 39
44 55 53 46 40
44 56 112 93 81
44 57 56 49 38
44 58 71 60 53
44 59 104 85 76
44 60 37 28 23
44 61 47 42 35
44 62 89 80 70
44 63 81 69 62
44 64 40 32 27
44 65 9 7 6
44 66 99 83 69
44 67 33 28 21
44 68 111 86 74
44 69 116 95 73
44 70 111 93 77
44 71 120 95 75
44 72 37 29 23
44 73 97 78 69
44 74 143 116 96
44 75 69 54 47
44 76 106 86 68
44 77 86 72 63
44 78 98 81 62
44 79 109 89 74
44 80 112 88 68
44 81 169 133 103
44 82 63 48 41
44 83 90 71 61
44 84 123 100 83
44 85 34 27 24
44 86 67 60 51
44 87 115 100 87
44 88 30 24 21
44 89 89 78 66
44 90 90 75 59
44 91 109 95 79
44 92 115 89 69
44 93 83 69 59
44 94 63 51 41
44 95 124 101 84
44 96 62 48 38
44 97 47 38 31
44 98 68 53 43
44 99 92 82 71
45 46 129 103 83
45 47 26 20 17
45 48 61 48 41
45 49 67 52 41
45 50 23 18 16
45 51 91 77 61
45 52 43 33 25
45 53 60 46 40
45 54 35 30 24
45 55 80 68 54
45 56 126 107 89
45 57 74 63 51
45 58 62 55 43
45 59 92 77 65
45 60 52 43 35
45 61 75 59 50
45 62 112 92 78
45 63 78 68 53
45 64 64 52 43
45 65 33 26 22
45 66 105 92 77
45 67 42 37 32
45 68 92 74 65
45 69 85 72 61
45 70 101 85 70
45 71 98 80 71
45 72 12 9 7
45 73 112 88 78
45 74 129 114 92
45 75 79 68 54
45 76 83 73 62
45 77 80 63 54
45 78 79 70 59
45 79 110 92 81
45 80 72 61 52
45 81 130 109 98
45 82 37 29 25
45 83 68 54 46
45 84 106 90 75
45 85 58 45 39
45 86 71 62 48
45 87 109 98 85
45 88 41 34 27
45 89 68 60 50
45 90 73 56 44
45 91 97 87 75
45 92 84 75 60
45 93 66 54 44
45 94 38 34 30
45 95 118 100 78
45 96 61 51 40
45 97 68 55 44
45 98 61 48 39
45 99 88 76 64
46 47 153 118 96
46 48 127 102 87
46 49 112 87 73
46 50 119 104 87
46 51 119 95 81
46 52 125 110 92
46 53 112 101 86
46 54 115 102 87
46 55 87 73 59
46 56 20 17 14
46 57 74 58 51
46 58 97 85 68
46 59 116 99 78
46 60 89 68 57
46 61 89 75 65
46 62 28 21 16
46 63 92 73 65
46 64 120 98 79
46 65 106 89 77
46 66 28 24 18
46 67 139 107 95
46 68 116 89 68
46 69 124 106 83
46 70 85 68 61
46 71 70 61 47
46 72 122 104 88
46 73 31 25 20
46 74 72 64 52
46 75 47 38 31
46 76 84 68 53
46 77 83 71 62
46 78 62 49 39
46 79 17 15 12
46 80 148 123 106
46 81 92 72 59
46 82 154 123 97
46 83 161 127 99
46 84 92 79 66
46 85 118 96 86
46 86 68 56 47
46 87 49 43 37
46 88 127 114 98
46 89 163 126 110
46 90 128 113 99
46 91 68 59 47
46 92 94 77 65
46 93 139 116 91
46 94 96 81 70
46 95 76 66 55
46 96 68 54 45
46 97 142 114 100
46 98 72 63 52
46 99 90 76 60
47 48 44 39 33
47 49 84 73 58
47 50 15 12 10
47 51 99 88 78
47 52 22 18 14
47 53 46 36 32
47 54 56 50 38
47 55 82 68 57
47 56 148 115 100
47 57 88 74 57
47 58 84 68 60
47 59 133 102 81
47 60 59 50 42
47 61 66 59 51
47 62 144 116 89
47 63 100 79 70
47 64 61 47 39
47 65 34 28 22
47 66 124 106 87
47 67 28 23 20
47 68 111 95 82
47 69 124 95 77
47 70 117 99 87
47 71 122 104 87
47 72 29 23 19
47 73 128 103 88
47 74 140 120 108
47 75 95 78 65
47 76 100 88 79
47 77 108 86 71
47 78 112 87 75
47 79 139 119 92
47 80 90 70 63
47 81 153 132 115
47 82 53 44 34
47 83 88 73 58
47 84 135 117 92
47 85 49 39 32
47 86 103 80 64
47 87 144 125 101
47 88 17 14 12
47 89 97 75 60
47 90 83 65 56
47 91 130 107 91
47 92 106 86 77
47 93 88 74 59
47 94 69 56 47
47 95 126 108 95
47 96 83 69 54
47 97 39 35 31
47 98 79 64 55
47 99 121 102 81
48 49 118 96 77
48 50 40 33 26
48 51 147 118 98
48 52 33 25 20
48 53 4 3 2
48 54 93 81 64
48 55 43 37 33
48 56 128 112 86
48 57 52 47 37
48 58 102 91 77
48 59 133 115 100
48 60 48 38 32
48 61 40 32 26
48 62 102 89 75
48 63 128 109 86
48 64 15 11 9
48 65 29 25 21
48 66 91 81 73
48 67 27 21 16
48 68 163 126 97
48 69 142 116 98
48 70 139 115 99
48 71 131 105 95
48 72 66 52 46
48 73 112 92 73
48 74 147 129 115
48 75 84 74 57
48 76 132 103 90
48 77 117 95 85
48 78 107 89 80
48 79 101 88 79
48 80 128 111 92
48 81 173 138 122
48 82 90 77 64
48 83 115 97 86
48 84 151 119 105
48 85 4 3 2
48 86 109 90 72
48 87 136 117 104
48 88 40 32 25
48 89 135 104 90
48 90 133 105 84
48 91 138 116 99
48 92 136 105 92
48 93 131 102 84
48 94 85 74 65
48 95 151 128 105
48 96 77 66 56
48 97 19 17 14
48 98 90 72 64
48 99 143 115 93
49 50 76 65 57
49 51 30 25 21
49 52 103 86 66
49 53 113 99 76
49 54 37 30 24
49 55 112 91 76
49 56 125 108 84
49 57 100 87 69
49 58 7 6 5
49 59 36 28 24
49 60 76 64 55
49 61 106 90 75
49 62 114 97 76
49 63 22 18 15
49 64 99 85 76
49 65 89 69 57
49 66 119 95 75
49 67 109 90 72
49 68 39 32 25
49 69 34 29 22
49 70 47 40 32
49 71 56 44 39
49 72 64 52 40
49 73 117 100 77
49 74 82 72 58
49 75 75 64 54
49 76 44 36 29
49 77 24 20 17
49 78 52 42 35
49 79 114 96 77
49 80 52 45 34
49 81 84 70 63
49 82 47 42 34
49 83 38 31 27
49 84 51 43 36
49 85 105 90 75
49 86 38 29 26
49 87 77 67 57
49 88 88 76 67
49 89 56 45 38
49 90 41 33 27
49 91 59 48 43
49 92 35 28 22
49 93 29 23 19
49 94 18 15 12
49 95 63 50 43
49 96 50 42 36
49 97 119 106 83
49 98 31 27 23
49 99 35 29 26
50 51 97 86 77
50 52 16 13 10
50 53 36 30 25
50 54 55 49 40
50 55 67 53 47
50 56 137 114 91
50 57 76 59 47
50 58 89 70 58
50 59 114 95 80
50 60 42 37 32
50 61 60 48 42
50 62 133 104 80
50 63 103 88 68
50 64 43 38 31
50 65 19 15 13
50 66 110 94 78
50 67 21 18 16
50 68 130 102 80
50 69 105 91 77
50 70 119 92 83
50 71 130 105 82
50 72 32 27 21
50 73 126 103 79
50 74 130 115 103
50 75 74 66 57
50 76 107 95 75
50 77 95 83 68
50 78 98 80 70
50 79 120 98 83
50 80 100 86 67
50 81 147 129 111
50 82 53 46 39
50 83 95 78 61
50 84 141 115 89
50 85 42 32 25
50 86 100 77 59
50 87 126 108 95
50 88 19 15 12
50 89 82 73 64
50 90 99 77 59
50 91 134 105 87
50 92 112 97 75
50 93 95 78 60
50 94 59 52 45
50 95 133 108 91
50 96 66 55 47
50 97 39 34 28
50 98 80 62 50
50 99 112 96 77
51 52 117 98 86
51 53 138 115 97
51 54 63 54 42
51 55 150 124 95
51 56 137 106 94
51 57 124 98 87
51 58 35 27 21
51 59 9 7 6
51 60 108 93 75
51 61 150 115 95
51 62 123 103 87
51 63 27 21 17
51 64 136 116 97
51 65 101 88 78
51 66 132 105 88
51 67 144 120 92
51 68 26 20 16
51 69 5 4 3
51 70 41 31 25
51 71 64 49 38
51 72 90 75 59
51 73 143 111 90
51 74 82 65 51
51 75 99 78 69
51 76 43 36 29
51 77 31 25 20
51 78 66 54 42
51 79 120 107 88
51 80 45 40 36
51 81 81 67 54
51 82 64 57 50
51 83 46 40 31
51 84 34 28 25
51 85 126 112 96
51 86 56 44 38
51 87 83 72 56
51 88 131 104 88
51 89 62 53 42
51 90 45 40 33
51 91 57 51 40
51 92 24 20 17
51 93 34 29 25
51 94 47 37 33
51 95 49 44 37
51 96 80 63 53
51 97 141 122 104
51 98 62 51 40
51 99 33 27 22
52 53 30 24 19
52 54 63 55 48
52 55 63 55 47
52 56 136 120 94
52 57 62 56 48
52 58 98 77 67
52 59 141 109 89
52 60 59 45 36
52 61 66 51 41
52 62 127 98 84
52 63 102 92 77
52 64 35 31 27
52 65 23 19 16
52 66 116 102 82
52 67 11 9 7
52 68 131 107 89
52 69 122 104 86
52 70 142 113 92
52 71 131 113 90
52 72 44 35 29
52 73 122 96 82
52 74 183 144 111
52 75 83 69 62
52 76 119 94 84
52 77 125 96 77
52 78 123 98 77
52 79 138 112 87
52 80 111 91 75
52 81 154 133 119
52 82 69 56 47
52 83 101 91 70
52 84 152 121 98
52 85 29 24 19
52 86 91 76 67
52 87 162 133 103
52 88 8 7 6
52 89 114 88 72
52 90 101 87 68
52 91 122 110 95
52 92 110 97 84
52 93 102 81 69
52 94 74 62 54
52 95 138 121 99
52 96 90 70 54
52 97 27 22 19
52 98 80 70 58
52 99 118 101 86
53 54 90 73 63
53 55 43 38 33
53 56 126 103 86
53 57 52 42 37
53 58 112 98 76
53 59 147 114 99
53 60 45 38 31
53 61 39 31 26
53 62 103 88 75
53 63 137 108 85
53 64 14 11 9
53 65 33 26 20
53 66 101 85 73
53 67 25 20 15
53 68 130 109 96
53 69 132 118 97
53 70 137 116 98
53 71 152 119 94
53 72 63 56 45
53 73 100 81 73
53 74 184 143 114
53 75 73 64 57
53 76 122 105 89
53 77 136 110 85
53 78 118 94 80
53 79 101 89 79
53 80 130 115 91
53 81 174 148 122
53 82 92 74 63
53 83 138 106 85
53 84 171 135 105
53 85 3 2 1
53 86 93 82 71
53 87 131 116 103
53 88 37 28 24
53 89 125 101 89
53 90 125 98 83
53 91 138 120 98
53 92 124 102 91
53 93 125 102 83
53 94 85 74 64
53 95 150 126 104
53 96 75 63 55
53 97 22 17 14
53 98 88 78 63
53 99 153 118 93
54 55 105 87 73
54 56 139 108 95
54 57 99 77 68
54 58 37 32 28
54 59 65 56 46
54 60 68 58 51
54 61 97 80 70
54 62 113 102 86
54 63 64 51 39
54 64 99 83 66
54 65 63 53 44
54 66 134 109 85
54 67 76 63 55
54 68 69 57 49
54 69 55 49 41
54 70 81 63 56
54 71 86 75 61
54 72 28 25 20
54 73 123 97 87
54 74 130 104 81
54 75 87 77 62
54 76 77 67 51
54 77 60 51 41
54 78 83 70 54
54 79 132 106 88
54 80 43 34 29
54 81 118 101 87
54 82 16 13 11
54 83 36 29 23
54 84 90 76 60
54 85 86 76 62
54 86 61 48 43
54 87 108 89 79
54 88 74 63 49
54 89 43 35 29
54 90 28 25 21
54 91 90 76 65
54 92 59 53 45
54 93 34 28 21
54 94 25 22 19
54 95 96 83 66
54 96 56 50 43
54 97 101 84 67
54 98 45 40 35
54 99 74 58 50
55 56 82 67 55
55 57 17 13 10
55 58 98 87 74
55 59 159 123 95
55 60 33 29 22
55 61 12 9 7
55 62 73 59 45
55 63 118 104 80
55 64 33 27 24
55 65 55 46 35
55 66 54 49 43
55 67 60 54 46
55 68 126 105 90
55 69 141 119 96
55 70 129 103 88
55 71 119 95 80
55 72 86 72 61
55 73 58 51 42
55 74 129 110 97
55 75 48 41 34
55 76 113 93 78
55 77 115 100 78
55 78 106 82 65
55 79 65 56 49
55 80 144 112 101
55 81 144 124 105
55 82 109 86 77
55 83 135 116 94
55 84 152 122 95
55 85 53 43 33
55 86 94 77 60
55 87 127 99 83
55 88 78 60 52
55 89 144 120 101
55 90 127 110 92
55 91 129 103 83
55 92 119 102 84
55 93 141 110 89
55 94 97 85 66
55 95 139 110 90
55 96 64 57 44
55 97 61 53 46
55 98 79 63 56
55 99 109 95 84
56 57 71 56 49
56 58 122 103 79
56 59 115 101 91
56 60 89 74 59
56 61 94 74 62
56 62 18 14 11
56 63 116 92 77
56 64 110 94 78
56 65 111 99 79
56 66 22 17 13
56 67 135 107 96
56 68 128 104 81
56 69 139 120 96
56 70 117 94 74
56 71 91 70 60
56 72 137 112 94
56 73 19 15 13
56 74 93 82 66
56 75 52 47 36
56 76 93 74 66
56 77 100 89 74
56 78 69 59 52
56 79 13 10 8
56 80 176 140 117
56 81 102 91 73
56 82 165 127 105
56 83 149 130 109
56 84 117 94 80
56 85 124 103 86
56 86 73 65 58
56 87 68 58 51
56 88 133 113 100
56 89 193 151 120
56 90 155 122 109
56 91 81 68 61
56 92 104 89 78
56 93 155 129 102
56 94 122 95 79
56 95 104 81 69
56 96 75 64 53
56 97 156 124 99
56 98 90 76 62
56 99 110 92 73
57 58 99 79 67
57 59 121 101 87
57 60 29 22 17
57 61 21 18 14
57 62 58 45 39
57 63 105 81 71
57 64 43 34 29
57 65 45 39 35
57 66 55 47 36
57 67 79 62 48
57 68 108 96 81
57 69 127 98 88
57 70 107 92 79
57 71 100 82 71
57 72 94 72 58
57 73 54 43 36
57 74 119 99 88
57 75 37 30 25
57 76 93 83 69
57 77 112 91 70
57 78 81 70 56
57 79 58 51 42
57 80 142 117 95
57 81 145 119 96
57 82 107 94 74
57 83 122 110 88
57 84 124 109 86
57 85 50 43 37
57 86 70 59 52
57 87 110 90 75
57 88 89 71 54
57 89 138 110 96
57 90 124 103 87
57 91 105 85 74
57 92 99 87 76
57 93 133 105 83
57 94 80 66 59
57 95 108 91 81
57 96 52 45 35
57 97 72 60 51
57 98 72 55 48
57 99 126 98 75
58 59 38 30 23
58 60 88 68 54
58 61 101 89 74
58 62 108 92 72
58 63 16 13 11
58 64 114 98 76
58 65 78 69 57
58 66 99 81 72
58 67 107 88 73
58 68 38 29 22
58 69 34 26 22
58 70 46 37 28
58 71 47 38 34
58 72 56 48 43
58 73 106 86 73
58 74 73 64 54
58 75 72 59 51
58 76 37 29 24
58 77 18 15 13
58 78 43 37 31
58 79 111 89 73
58 80 59 50 39
58 81 86 68 59
58 82 62 48 38
58 83 43 35 31
58 84 47 40 33
58 85 107 88 76
58 86 33 28 22
58 87 79 63 52
58 88 102 88 69
58 89 73 56 43
58 90 48 40 32
58 91 51 46 38
58 92 29 22 18
58 93 37 30 24
58 94 21 17 13
58 95 53 44 39
58 96 48 43 33
58 97 126 104 84
58 98 32 25 20
58 99 34 28 22
59 60 121 93 75
59 61 132 119 96
59 62 139 108 85
59 63 26 21 16
59 64 140 125 99
59 65 109 93 80
59 66 138 107 86
59 67 149 117 95
59 68 18 14 11
59 69 12 10 8
59 70 32 26 20
59 71 49 39 34
59 72 93 72 63
59 73 127 106 88
59 74 66 59 46
59 75 101 83 68
59 76 42 34 26
59 77 27 23 18
59 78 64 50 40
59 79 137 111 85
59 80 55 49 41
59 81 76 61 49
59 82 69 61 54
59 83 57 48 37
59 84 29 25 20
59 85 127 113 98
59 86 53 42 37
59 87 74 60 52
59 88 121 103 91
59 89 61 53 47
59 90 55 48 38
59 91 54 42 36
59 92 22 18 14
59 93 46 37 30
59 94 57 46 35
59 95 41 36 32
59 96 75 62 52
59 97 147 129 106
59 98 51 45 40
59 99 26 22 18
60 61 34 28 21
60 62 75 62 48
60 63 94 77 60
60 64 37 30 27
60 65 28 24 21
60 66 61 53 46
60 67 55 45 38
60 68 109 84 71
60 69 112 88 75
60 70 100 84 71
60 71 103 82 65
60 72 63 49 41
60 73 62 53 47
60 74 117 97 84
60 75 45 35 27
60 76 88 74 61
60 77 91 72 59
60 78 65 56 50
60 79 77 66 52
60 80 124 103 79
60 81 130 115 92
60 82 79 65 57
60 83 113 94 72
60 84 122 101 78
60 85 49 40 31
60 86 58 49 43
60 87 117 94 73
60 88 61 51 41
60 89 131 101 79
60 90 101 84 70
60 91 88 79 68
60 92 91 78 66
60 93 108 85 68
60 94 72 57 44
60 95 111 96 75
60 96 37 32 26
60 97 67 52 44
60 98 58 47 37
60 99 108 84 66
61 62 74 60 52
61 63 105 89 80
61 64 25 21 17
61 65 45 36 30
61 66 73 63 49
61 67 57 45 39
61 68 134 111 91
61 69 136 113 96
61 70 144 113 90
61 71 122 94 83
61 72 87 70 57
61 73 62 55 49
61 74 148 125 100
61 75 56 46 39
61 76 117 93 80
61 77 104 91 79
61 78 103 81 68
61 79 76 64 56
61 80 138 113 99
61 81 166 132 108
61 82 98 84 74
61 83 122 105 92
61 84 156 121 97
61 85 36 32 26
61 86 94 79 62
61 87 127 100 88
61 88 77 59 46
61 89 138 117 98
61 90 148 115 90
61 91 112 95 86
61 92 126 100 86
61 93 125 106 87
61 94 99 81 65
61 95 133 117 93
61 96 59 51 45
61 97 57 49 39
61 98 85 68 57
61 99 127 99 85
62 63 109 87 71
62 64 107 86 68
62 65 99 77 69
62 66 6 4 3
62 67 135 104 85
62 68 110 87 76
62 69 145 112 89
62 70 95 81 70
62 71 85 71 57
62 72 113 96 84
62 73 7 6 5
62 74 103 86 66
62 75 34 29 25
62 76 93 79 61
62 77 112 89 68
62 78 72 57 46
62 79 7 6 4
62 80 150 121 108
62 81 110 86 73
62 82 148 117 95
62 83 146 126 101
62 84 99 85 76
62 85 117 96 75
62 86 81 66 51
62 87 75 65 50
62 88 130 114 89
62 89 148 125 111
62 90 137 123 100
62 91 76 68 58
62 92 107 93 72
62 93 139 113 94
62 94 112 89 71
62 95 89 78 66
62 96 66 52 43
62 97 117 103 89
62 98 69 59 53
62 99 94 79 68
63 64 132 102 84
63 65 106 84 66
63 66 104 88 71
63 67 121 98 83
63 68 19 15 12
63 69 29 24 19
63 70 26 22 18
63 71 35 31 25
63 72 81 66 53
63 73 115 91 73
63 74 76 58 44
63 75 72 61 52
63 76 20 18 15
63 77 7 6 4
63 78 34 30 26
63 79 98 82 71
63 80 57 51 45
63 81 69 57 49
63 82 73 56 49
63 83 50 44 38
63 84 35 27 22
63 85 113 94 84
63 86 29 25 21
63 87 65 51 44
63 88 115 101 79
63 89 69 58 50
63 90 53 45 39
63 91 46 38 29
63 92 12 10 8
63 93 41 35 31
63 94 36 32 24
63 95 37 33 29
63 96 60 46 37
63 97 129 109 93
63 98 34 28 24
63 99 20 16 12
64 65 37 28 22
64 66 103 80 65
64 67 34 28 24
64 68 134 120 95
64 69 131 116 98
64 70 144 113 96
64 71 130 114 91
64 72 69 58 50
64 73 98 77 65
64 74 152 130 110
64 75 70 59 51
64 76 139 113 87
64 77 115 99 83
64 78 113 88 76
64 79 92 80 71
64 80 145 115 95
64 81 163 144 118
64 82 98 88 68
64 83 112 99 88
64 84 172 134 103
64 85 14 12 10
64 86 97 81 69
64 87 149 126 99
64 88 46 39 32
64 89 137 111 93
64 90 125 108 86
64 91 130 105 95
64 92 128 106 90
64 93 134 106 85
64 94 98 80 65
64 95 147 129 101
64 96 77 59 52
64 97 35 30 23
64 98 77 68 61
64 99 141 114 91
65 66 89 75 67
65 67 26 23 19
65 68 116 96 78
65 69 107 95 78
65 70 117 99 80
65 71 107 97 77
65 72 39 32 28
65 73 91 74 67
65 74 133 113 98
65 75 69 59 46
65 76 103 90 71
65 77 97 84 66
65 78 90 79 64
65 79 111 87 72
65 80 107 93 73
65 81 154 136 105
65 82 66 55 46
65 83 105 87 67
65 84 139 111 86
65 85 24 21 19
65 86 85 70 54
65 87 135 104 88
65 88 31 27 21
65 89 92 83 71
65 90 91 76 65
65 91 122 94 81
65 92 114 89 73
65 93 98 81 64
65 94 65 56 45
65 95 110 99 87
65 96 58 49 40
65 97 38 33 28
65 98 63 56 46
65 99 109 95 74
66 67 115 98 83
66 68 117 98 77
66 69 130 112 90
66 70 104 85 71
66 71 76 64 58
66 72 136 106 83
66 73 5 4 3
66 74 87 76 68
66 75 34 30 24
66 76 89 78 62
66 77 93 77 68
66 78 68 59 47
66 79 10 8 7
66 80 158 122 108
66 81 110 92 75
66 82 150 117 94
66 83 145 121 100
66 84 116 90 77
66 85 100 82 73
66 86 66 59 51
66 87 71 64 52
66 88 135 108 87
66 89 166 132 111
66 90 133 114 100
66 91 76 66 59
66 92 108 88 73
66 93 140 120 94
66 94 94 79 70
66 95 93 80 67
66 96 64 52 42
66 97 127 98 87
66 98 73 62 53
66 99 104 83 69
67 68 138 116 94
67 69 138 119 92
67 70 147 118 97
67 71 152 118 95
67 72 58 47 36
67 73 117 94 83
67 74 157 130 116
67 75 107 82 64
67 76 141 112 89
67 77 133 102 83
67 78 108 96 82
67 79 121 103 89
67 80 110 96 82
67 81 174 154 124
67 82 73 62 53
67 83 104 90 77
67 84 152 125 104
67 85 24 19 15
67 86 97 85 72
67 87 157 130 107
67 88 17 13 10
67 89 111 94 79
67 90 114 89 74
67 91 146 119 100
67 92 125 109 89
67 93 99 86 76
67 94 94 73 60
67 95 161 132 105
67 96 79 68 58
67 97 18 15 12
67 98 90 74 63
67 99 140 112 92
68 69 26 23 18
68 70 15 12 10
68 71 31 27 23
68 72 95 82 65
68 73 110 98 79
68 74 51 43 37
68 75 91 71 60
68 76 22 18 15
68 77 20 16 12
68 78 40 34 30
68 79 118 93 76
68 80 66 57 50
68 81 59 47 40
68 82 80 71 59
68 83 61 53 44
68 84 17 14 11
68 85 145 120 96
68 86 40 35 30
68 87 62 50 41
68 88 128 104 91
68 89 75 65 56
68 90 78 60 46
68 91 38 33 25
68 92 11 8 6
68 93 48 42 37
68 94 55 46 35
68 95 34 26 22
68 96 70 56 46
68 97 148 119 105
68 98 50 44 35
68 99 13 10 8
69 70 42 33 27
69 71 64 52 40
69 72 77 66 59
69 73 133 105 92
69 74 77 65 53
69 75 105 83 71
69 76 44 36 31
69 77 33 27 22
69 78 73 56 44
69 79 127 112 89
69 80 48 42 34
69 81 83 69 56
69 82 78 60 49
69 83 40 36 30
69 84 41 34 27
69 85 128 116 96
69 86 64 49 40
69 87 78 70 58
69 88 136 107 87
69 89 57 45 40
69 90 48 40 31
69 91 61 50 43
69 92 29 24 19
69 93 39 30 24
69 94 51 41 33
69 95 55 47 39
69 96 77 62 54
69 97 165 127 104
69 98 59 48 41
69 99 35 30 25
70 71 22 17 15
70 72 104 90 70
70 73 109 92 73
70 74 47 37 28
70 75 82 66 57
70 76 18 14 11
70 77 25 19 16
70 78 38 29 25
70 79 100 89 69
70 80 98 77 59
70 81 46 37 32
70 82 105 83 66
70 83 84 66 53
70 84 11 8 7
70 85 144 118 98
70 86 44 34 28
70 87 43 36 32
70 88 122 108 95
70 89 99 84 65
70 90 73 62 54
70 91 25 20 16
70 92 16 14 11
70 93 63 56 46
70 94 60 47 40
70 95 20 16 12
70 96 57 51 45
70 97 151 124 108
70 98 48 42 35
70 99 10 8 6
71 72 95 80 72
71 73 87 69 60
71 74 31 26 22
71 75 68 59 47
71 76 16 13 11
71 77 33 27 22
71 78 22 17 15
71 79 85 69 56
71 80 94 82 70
71 81 45 35 29
71 82 103 93 72
71 83 88 76 63
71 84 32 26 20
71 85 155 120 94
71 86 34 28 24
71 87 26 22 19
71 88 143 114 94
71 89 104 87 75
71 90 81 71 64
71 91 9 7 5
71 92 38 29 22
71 93 82 63 56
71 94 66 51 44
71 95 19 14 11
71 96 59 50 39
71 97 153 135 105
71 98 52 42 33
71 99 23 20 16
72 73 123 98 84
72 74 118 107 93
72 75 84 72 59
72 76 94 81 63
72 77 85 70 55
72 78 101 81 62
72 79 130 108 87
72 80 60 54 47
72 81 152 117 100
72 82 26 22 19
72 83 62 48 41
72 84 120 96 75
72 85 67 54 45
72 86 70 63 50
72 87 124 111 88
72 88 44 35 29
72 89 57 50 44
72 90 61 51 39
72 91 113 88 76
72 92 87 69 60
72 93 63 48 40
72 94 46 37 30
72 95 124 100 79
72 96 68 57 44
72 97 69 58 48
72 98 54 46 41
72 99 86 75 64
73 74 104 83 70
73 75 40 32 26
73 76 91 73 64
73 77 99 80 70
73 78 66 59 49
73 79 12 9 8
73 80 158 126 110
73 81 123 99 77
73 82 147 113 95
73 83 152 132 102
73 84 131 101 79
73 85 102 81 73
73 86 72 62 53
73 87 79 63 54
73 88 133 110 88
73 89 150 133 112
73 90 146 124 101
73 91 86 73 61
73 92 99 89 75
73 93 135 116 95
73 94 96 82 72
73 95 102 84 69
73 96 64 56 44
73 97 134 108 86
73 98 76 61 55
73 99 103 91 71
74 75 94 72 63
74 76 40 36 30
74 77 60 49 41
74 78 53 41 35
74 79 89 74 64
74 80 145 112 86
74 81 15 12 9
74 82 122 110 91
74 83 115 98 80
74 84 42 34 27
74 85 170 142 114
74 86 71 59 45
74 87 23 20 16
74 88 152 134 115
74 89 136 114 92
74 90 117 100 81
74 91 25 20 17
74 92 54 47 38
74 93 117 92 73
74 94 97 77 64
74 95 28 21 16
74 96 83 69 59
74 97 180 160 125
74 98 76 63 54
74 99 49 38 32
75 76 67 54 47
75 77 75 58 50
75 78 41 37 32
75 79 39 33 28
75 80 131 107 86
75 81 100 83 71
75 82 106 87 70
75 83 117 90 78
75 84 104 81 64
75 85 86 72 57
75 86 47 36 32
75 87 78 60 50
75 88 104 87 67
75 89 135 106 88
75 90 111 94 77
75 91 73 60 49
75 92 82 69 56
75 93 105 90 71
75 94 68 57 47
75 95 79 68 57
75 96 27 23 19
75 97 109 86 70
75 98 43 36 31
75 99 79 61 54
76 77 19 15 12
76 78 25 20 16
76 79 97 77 61
76 80 79 69 59
76 81 57 48 37
76 82 82 74 62
76 83 78 67 53
76 84 25 21 18
76 85 124 106 88
76 86 29 22 18
76 87 38 33 29
76 88 117 100 87
76 89 85 72 65
76 90 78 63 54
76 91 25 19 15
76 92 20 16 13
76 93 56 50 45
76 94 54 43 34
76 95 28 22 17
76 96 52 41 35
76 97 133 115 99
76 98 40 33 26
76 99 13 10 8
77 78 37 30 23
77 79 96 84 68
77 80 74 61 48
77 81 68 56 47
77 82 67 60 51
77 83 62 53 41
77 84 32 26 21
77 85 127 100 84
77 86 25 22 19
77 87 54 46 41
77 88 112 99 80
77 89 77 59 53
77 90 55 47 42
77 91 40 34 26
77 92 10 8 7
77 93 50 40 34
77 94 36 29 25
77 95 36 31 26
77 96 48 43 35
77 97 146 121 94
77 98 37 28 23
77 99 15 13 10
78 79 68 53 46
78 80 102 80 69
78 81 65 52 42
78 82 105 81 65
78 83 89 73 61
78 84 49 40 32
78 85 114 102 79
78 86 19 16 12
78 87 41 32 26
78 88 132 104 82
78 89 122 94 73
78 90 95 73 62
78 91 27 24 19
78 92 41 33 27
78 93 80 70 54
78 94 48 41 36
78 95 43 33 26
78 96 33 29 25
78 97 133 119 91
78 98 32 25 21
78 99 34 27 23
79 80 174 135 110
79 81 104 84 71
79 82 145 115 97
79 83 138 115 102
79 84 114 95 75
79 85 118 91 79
79 86 83 67 51
79 87 72 60 48
79 88 140 118 93
79 89 164 133 113
79 90 140 126 102
79 91 81 67 56
79 92 99 83 72
79 93 120 108 95
79 94 93 84 72
79 95 106 83 65
79 96 68 57 45
79 97 139 121 93
79 98 75 67 55
79 99 97 78 68
80 81 126 99 89
80 82 43 37 29
80 83 12 10 8
80 84 87 77 60
80 85 141 115 91
80 86 86 69 59
80 87 127 101 88
80 88 101 88 75
80 89 13 10 8
80 90 13 11 9
80 91 107 92 73
80 92 74 60 49
80 93 23 17 15
80 94 63 50 39
80 95 112 91 71
80 96 96 85 67
80 97 139 118 94
80 98 78 70 56
80 99 86 71 55
81 82 154 120 97
81 83 117 103 84
81 84 42 37 30
81 85 171 145 121
81 86 75 65 52
81 87 33 28 23
81 88 173 156 122
81 89 141 116 95
81 90 124 104 86
81 91 39 30 25
81 92 72 56 43
81 93 122 98 77
81 94 97 86 70
81 95 33 25 21
81 96 98 86 67
81 97 199 160 133
81 98 93 73 61
81 99 57 46 37
82 83 40 33 25
82 84 115 90 70
82 85 106 81 63
82 86 76 64 53
82 87 120 107 89
82 88 65 54 46
82 89 38 30 26
82 90 36 28 22
82 91 103 88 76
82 92 91 71 55
82 93 39 35 27
82 94 41 35 29
82 95 105 86 77
82 96 81 65 53
82 97 94 75 65
82 98 68 58 46
82 99 89 73 60
83 84 73 66 55
83 85 120 95 84
83 86 73 61 52
83 87 120 94 82
83 88 98 81 70
83 89 19 15 12
83 90 5 4 3
83 91 104 82 67
83 92 69 54 43
83 93 13 10 8
83 94 50 39 31
83 95 100 78 65
83 96 84 68 59
83 97 115 99 88
83 98 73 57 48
83 99 72 57 49
84 85 140 118 104
84 86 50 42 35
84 87 50 44 35
84 88 132 112 101
84 89 90 79 66
84 90 76 67 56
84 91 31 26 20
84 92 21 18 15
84 93 61 54 48
84 94 61 52 45
84 95 22 17 14
84 96 82 67 52
84 97 149 132 114
84 98 61 50 42
84 99 19 16 12
85 86 107 84 71
85 87 159 128 103
85 88 34 30 23
85 89 124 103 88
85 90 131 103 82
85 91 132 116 97
85 92 115 102 91
85 93 118 99 82
85 94 90 81 64
85 95 146 126 103
85 96 74 62 55
85 97 22 18 14
85 98 97 75 63
85 99 143 117 92
86 87 61 50 38
86 88 111 88 71
86 89 99 78 63
86 90 66 59 52
86 91 40 32 28
86 92 40 31 25
86 93 66 56 45
86 94 40 31 25
86 95 48 38 33
86 96 29 23 17
86 97 111 97 82
86 98 15 13 10
86 99 34 30 24
87 88 149 123 107
87 89 142 114 94
87 90 114 97 83
87 91 24 19 16
87 92 59 49 40
87 93 109 93 74
87 94 94 76 61
87 95 29 25 22
87 96 76 58 49
87 97 162 133 115
87 98 68 61 47
87 99 48 40 35
88 89 98 85 71
88 90 108 85 67
88 91 147 117 98
88 92 143 111 86
88 93 89 79 69
88 94 76 64 56
88 95 147 129 103
88 96 74 66 59
88 97 26 23 20
88 98 88 72 62
88 99 114 102 89
89 90 20 16 12
89 91 109 87 78
89 92 89 69 54
89 93 29 25 20
89 94 53 47 41
89 95 110 91 77
89 96 96 77 69
89 97 118 103 90
89 98 80 68 58
89 99 90 76 60
90 91 112 88 68
90 92 58 52 44
90 93 14 12 9
90 94 39 34 30
90 95 98 81 66
90 96 74 66 58
90 97 130 112 86
90 98 74 57 47
90 99 68 61 50
91 92 33 29 25
91 93 88 76 59
91 94 72 60 48
91 95 16 12 9
91 96 63 55 43
91 97 144 128 109
91 98 52 41 37
91 99 26 23 19
92 93 52 43 35
92 94 42 37 31
92 95 36 30 23
92 96 56 48 41
92 97 150 130 100
92 98 49 38 30
92 99 11 8 6
93 94 36 28 25
93 95 80 70 58
93 96 80 65 53
93 97 128 112 87
93 98 62 52 41
93 99 67 52 41
94 95 75 62 50
94 96 44 34 28
94 97 94 82 71
94 98 25 22 18
94 99 52 40 34
95 96 79 63 49
95 97 151 136 114
95 98 61 51 42
95 99 26 22 17
96 97 91 79 67
96 98 20 15 13
96 99 52 46 41
97 98 107 89 73
97 99 168 130 102
98 99 44 39 30
5
10
8
1
9
9
10
3
1
6
2
5
8
2
10
9
1
4
9
7
6
6
8
8
5
7
9
4
4
6
7
7
3
3
6
4
9
3
2
1
2
10
10
7
5
7
6
4
9
10
7
10
2
9
5
1
1
1
4
6
10
7
10
2
4
4
4
9
3
1
3
4
5
10
5
6
8
1
9
6
5
2
9
9
9
5
3
2
10
10
8
7
1
1
9
4
8
5
7
2
