100 4950
0 1 130 102 87
0 2 78 70 54
0 3 72 61 53
0 4 136 108 83
0 5 110 96 82
0 6 167 131 106
0 7 52 44 34
0 8 23 18 14
0 9 177 136 113
0 10 48 38 33
0 11 120 105 94
0 12 66 57 44
0 13 99 81 64
0 14 71 60 47
0 15 86 74 63
0 16 63 51 40
0 17 141 110 85
0 18 106 87 77
0 19 106 95 84
0 20 123 96 86
0 21 84 66 52
0 22 89 72 61
0 23 136 115 91
0 24 101 88 72
0 25 41 35 31
0 26 117 96 75
0 27 72 60 46
0 28 91 72 62
0 29 113 102 80
0 30 44 39 31
0 31 87 68 60
0 32 62 54 48
0 33 61 51 39
0 34 78 68 60
0 35 130 104 90
0 36 27 21 18
0 37 136 105 89
0 38 109 94 73
0 39 57 47 40
0 40 99 80 71
0 41 118 107 96
0 42 61 52 40
0 43 86 72 59
0 44 44 39 33
0 45 197 152 118
0 46 96 85 65
0 47 107 87 76
0 48 120 99 76
0 49 93 75 60
0 50 14 11 9
0 51 106 92 79
0 52 69 59 52
0 53 86 72 55
0 54 72 58 47
0 55 95 80 62
0 56 87 74 63
0 57 41 32 27
0 58 110 94 73
0 59 96 79 67
0 60 20 16 13
0 61 121 109 94
0 62 110 98 85
0 63 119 106 87
0 64 32 26 23
0 65 119 94 81
0 66 51 40 33
0 67 80 66 58
0 68 100 89 70
0 69 63 55 42
0 70 80 61 48
0 71 108 92 72
0 72 9 7 6
0 73 113 97 75
0 74 70 62 48
0 75 120 108 84
0 76 21 16 13
0 77 25 19 15
0 78 100 80 63
0 79 23 20 16
0 80 101 89 75
0 81 35 28 22
0 82 49 44 38
0 83 48 38 29
0 84 83 68 56
0 85 128 107 84
0 86 26 22 18
0 87 27 24 20
0 88 111 93 75
0 89 116 104 85
0 90 146 129 110
0 91 91 79 70
0 92 122 103 81
0 93 109 89 75
0 94 85 77 67
0 95 82 68 56
0 96 29 24 19
0 97 113 90 72
0 98 27 22 19
0 99 54 47 39
1 2 50 41 34
1 3 92 71 55
1 4 103 83 71
1 5 26 23 20
1 6 41 32 26
1 7 82 65 57
1 8 132 113 88
1 9 44 34 27
1 10 117 94 80
1 11 35 28 22
1 12 95 74 58
1 13 117 96 74
1 14 55 47 41
1 15 76 62 54
1 16 83 74 59
1 17 83 66 53
1 18 46 38 32
1 19 20 16 14
1 20 95 73 65
1 21 102 83 65
1 22 70 54 46
1 23 38 33 25
1 24 69 54 43
1 25 89 71 57
1 26 94 73 61
1 27 66 56 43
1 28 111 93 73
1 29 24 20 17
1 30 97 75 66
1 31 63 56 43
1 32 64 54 44
1 33 78 67 59
1 34 42 33 28
1 35 46 40 36
1 36 112 101 85
1 37 63 51 41
1 38 56 49 38
1 39 110 91 78
1 40 42 34 29
1 41 15 12 10
1 42 120 95 75
1 43 45 37 28
1 44 89 70 58
1 45 50 41 32
1 46 79 68 57
1 47 74 58 51
1 48 39 31 27
1 49 43 33 27
1 50 153 118 94
1 51 29 24 21
1 52 50 43 35
1 53 60 51 42
1 54 60 54 44
1 55 37 31 26
1 56 102 86 74
1 57 107 86 68
1 58 84 68 56
1 59 78 68 57
1 60 100 86 78
1 61 32 25 20
1 62 122 101 79
1 63 3 2 1
1 64 115 97 76
1 65 76 58 46
1 66 89 78 67
1 67 90 74 60
1 68 28 25 21
1 69 70 59 50
1 70 115 90 76
1 71 54 43 35
1 72 148 118 92
1 73 40 32 26
1 74 90 73 59
1 75 114 96 78
1 76 118 96 78
1 77 124 98 76
1 78 51 40 31
1 79 141 115 91
1 80 37 32 27
1 81 108 84 67
1 82 68 60 49
1 83 90 75 59
1 84 95 85 71
1 85 100 80 66
1 86 107 91 76
1 87 114 103 83
1 88 28 21 17
1 89 84 71 57
1 90 38 31 25
1 91 94 82 71
1 92 34 29 22
1 93 104 82 73
1 94 39 33 27
1 95 62 49 40
1 96 99 80 70
1 97 55 43 34
1 98 112 91 78
1 99 74 61 53
2 3 56 44 38
2 4 89 76 59
2 5 54 41 35
2 6 84 66 53
2 7 40 31 28
2 8 82 70 57
2 9 88 70 59
2 10 70 61 48
2 11 64 56 45
2 12 46 38 29
2 13 84 67 52
2 14 12 10 8
2 15 49 43 35
2 16 40 32 28
2 17 72 57 48
2 18 53 42 36
2 19 46 39 31
2 20 87 73 65
2 21 54 48 40
2 22 45 40 35
2 23 71 55 45
2 24 53 47 41
2 25 38 30 24
2 26 90 73 56
2 27 22 17 14
2 28 72 58 51
2 29 42 35 31
2 30 49 41 34
2 31 42 36 31
2 32 21 17 13
2 33 47 41 33
2 34 11 9 7
2 35 67 52 42
2 36 76 68 52
2 37 83 65 51
2 38 42 35 30
2 39 85 66 54
2 40 45 35 29
2 41 62 54 43
2 42 73 66 51
2 43 14 11 9
2 44 33 28 25
2 45 89 74 65
2 46 77 60 47
2 47 62 55 49
2 48 47 42 33
2 49 11 9 7
2 50 77 69 61
2 51 43 34 27
2 52 7 5 4
2 53 28 23 18
2 54 30 23 18
2 55 18 15 12
2 56 75 58 52
2 57 51 43 35
2 58 77 63 51
2 59 65 58 48
2 60 64 54 46
2 61 60 47 41
2 62 97 78 65
2 63 53 42 33
2 64 68 54 43
2 65 63 48 41
2 66 52 40 35
2 67 63 49 38
2 68 28 25 22
2 69 28 23 18
2 70 74 57 48
2 71 39 32 28
2 72 82 72 60
2 73 38 30 25
2 74 56 50 39
2 75 89 79 65
2 76 64 57 45
2 77 57 48 43
2 78 32 27 21
2 79 86 68 60
2 80 51 40 31
2 81 48 40 34
2 82 25 20 17
2 83 37 31 26
2 84 78 60 47
2 85 88 78 64
2 86 68 57 46
2 87 86 69 53
2 88 41 33 26
2 89 80 62 51
2 90 85 73 57
2 91 83 70 61
2 92 40 35 29
2 93 93 76 65
2 94 32 25 22
2 95 24 20 16
2 96 51 43 37
2 97 40 32 27
2 98 67 55 45
2 99 31 24 21
3 4 130 111 95
3 5 60 46 41
3 6 124 96 80
3 7 38 29 22
3 8 76 59 46
3 9 130 103 80
3 10 93 77 68
3 11 80 61 50
3 12 90 72 57
3 13 126 107 85
3 14 59 48 37
3 15 100 83 70
3 16 87 72 55
3 17 110 97 85
3 18 47 38 30
3 19 90 79 61
3 20 53 42 35
3 21 88 78 70
3 22 17 14 11
3 23 62 53 47
3 24 33 27 22
3 25 52 46 41
3 26 39 31 24
3 27 37 29 25
3 28 108 92 83
3 29 66 53 41
3 30 81 63 54
3 31 21 16 13
3 32 69 58 45
3 33 23 19 15
3 34 70 55 42
3 35 124 98 78
3 36 94 81 62
3 37 57 45 39
3 38 104 86 68
3 39 36 30 25
3 40 46 36 28
3 41 82 74 60
3 42 34 28 22
3 43 46 39 34
3 44 63 57 46
3 45 112 96 85
3 46 23 18 14
3 47 39 32 24
3 48 48 39 32
3 49 56 46 38
3 50 101 78 61
3 51 88 71 60
3 52 47 40 34
3 53 80 65 54
3 54 34 26 21
3 55 48 39 34
3 56 138 110 84
3 57 76 64 52
3 58 33 25 21
3 59 25 20 15
3 60 67 52 40
3 61 108 91 71
3 62 153 121 101
3 63 82 65 55
3 64 81 69 57
3 65 107 95 79
3 66 79 66 56
3 67 90 79 71
3 68 51 40 34
3 69 66 57 46
3 70 113 98 75
3 71 99 79 65
3 72 84 70 56
3 73 91 76 60
3 74 10 8 6
3 75 162 130 100
3 76 66 58 51
3 77 75 65 50
3 78 33 28 25
3 79 74 57 47
3 80 47 37 31
3 81 66 59 46
3 82 55 42 34
3 83 55 45 37
3 84 118 91 77
3 85 49 43 33
3 86 53 44 36
3 87 53 47 38
3 88 53 45 39
3 89 134 106 88
3 90 127 101 79
3 91 35 31 25
3 92 93 75 63
3 93 41 34 29
3 94 43 38 29
3 95 76 67 52
3 96 72 56 47
3 97 88 73 64
3 98 87 68 57
3 99 70 60 46
4 5 131 102 85
4 6 94 82 67
4 7 115 98 78
4 8 124 112 93
4 9 131 106 81
4 10 87 67 52
4 11 130 107 92
4 12 63 50 42
4 13 31 27 21
4 14 86 69 59
4 15 34 30 25
4 16 64 52 45
4 17 33 25 20
4 18 137 112 92
4 19 79 66 58
4 20 178 143 123
4 21 42 36 31
4 22 132 110 93
4 23 135 110 94
4 24 143 112 98
4 25 91 75 60
4 26 148 127 114
4 27 107 87 70
4 28 39 30 23
4 29 114 95 81
4 30 70 62 53
4 31 117 101 89
4 32 68 56 50
4 33 130 107 86
4 34 82 71 57
4 35 56 46 40
4 36 104 87 68
4 37 130 117 106
4 38 49 40 34
4 39 134 117 104
4 40 138 106 85
4 41 115 94 80
4 42 136 123 102
4 43 86 76 65
4 44 81 64 55
4 45 120 108 87
4 46 149 119 106
4 47 140 120 107
4 48 113 101 87
4 49 78 69 62
4 50 130 101 85
4 51 73 63 51
4 52 89 77 62
4 53 60 51 42
4 54 114 97 75
4 55 106 86 68
4 56 35 28 22
4 57 87 73 57
4 58 166 135 109
4 59 156 128 106
4 60 120 101 83
4 61 94 76 59
4 62 12 10 8
4 63 97 85 70
4 64 82 69 60
4 65 37 32 26
4 66 72 59 51
4 67 38 32 26
4 68 102 86 76
4 69 77 63 51
4 70 58 45 37
4 71 59 47 37
4 72 114 98 88
4 73 65 57 46
4 74 138 122 95
4 75 13 11 8
4 76 113 89 70
4 77 103 80 68
4 78 114 89 78
4 79 135 113 96
4 80 119 97 86
4 81 92 74 64
4 82 98 80 63
4 83 93 72 65
4 84 45 36 28
4 85 175 144 122
4 86 132 110 86
4 87 146 119 94
4 88 118 91 76
4 89 24 19 16
4 90 106 88 79
4 91 164 132 119
4 92 63 56 50
4 93 157 139 123
4 94 111 94 78
4 95 65 50 43
4 96 105 85 66
4 97 61 48 38
4 98 94 74 64
4 99 73 60 52
5 6 59 52 44
5 7 80 62 49
5 8 120 94 80
5 9 60 48 41
5 10 135 107 82
5 11 17 14 12
5 12 85 73 62
5 13 128 107 84
5 14 63 51 41
5 15 87 78 64
5 16 99 77 62
5 17 98 79 69
5 18 19 16 13
5 19 52 40 32
5 20 66 51 46
5 21 109 86 73
5 22 45 36 31
5 23 16 13 11
5 24 40 32 24
5 25 85 71 56
5 26 62 51 42
5 27 59 47 37
5 28 113 95 83
5 29 9 7 5
5 30 112 88 68
5 31 38 32 28
5 32 59 53 47
5 33 62 54 48
5 34 51 41 32
5 35 80 69 54
5 36 125 96 84
5 37 37 28 22
5 38 69 58 52
5 39 100 80 65
5 40 21 17 13
5 41 28 25 21
5 42 103 79 62
5 43 42 34 26
5 44 79 68 58
5 45 74 57 45
5 46 60 52 40
5 47 47 39 32
5 48 14 11 9
5 49 47 37 28
5 50 139 112 90
5 51 55 45 36
5 52 51 40 34
5 53 69 56 49
5 54 53 43 36
5 55 35 29 23
5 56 126 109 84
5 57 97 75 68
5 58 51 44 37
5 59 58 47 39
5 60 117 94 72
5 61 56 46 39
5 62 133 110 92
5 63 28 24 20
5 64 107 90 76
5 65 90 71 62
5 66 92 81 69
5 67 107 84 69
5 68 21 17 13
5 69 76 65 52
5 70 108 93 82
5 71 68 58 49
5 72 118 104 87
5 73 53 46 40
5 74 66 52 45
5 75 128 112 92
5 76 114 89 75
5 77 108 89 73
5 78 28 24 20
5 79 114 102 83
5 80 15 13 10
5 81 97 82 65
5 82 72 59 47
5 83 78 64 56
5 84 103 89 79
5 85 65 56 47
5 86 109 84 68
5 87 110 86 73
5 88 15 12 10
5 89 104 86 73
5 90 57 45 40
5 91 73 61 53
5 92 57 45 38
5 93 84 68 55
5 94 25 21 16
5 95 68 53 47
5 96 101 80 68
5 97 75 61 47
5 98 111 87 77
5 99 79 68 55
6 7 110 91 79
6 8 158 123 109
6 9 25 19 15
6 10 141 109 92
6 11 60 48 42
6 12 89 80 69
6 13 100 87 77
6 14 90 76 60
6 15 86 70 58
6 16 104 84 72
6 17 78 60 48
6 18 87 68 56
6 19 37 29 22
6 20 123 106 89
6 21 104 82 73
6 22 100 82 72
6 23 61 55 46
6 24 99 78 68
6 25 117 91 75
6 26 125 111 86
6 27 90 81 65
6 28 110 92 77
6 29 68 55 42
6 30 112 93 81
6 31 94 82 68
6 32 90 70 59
6 33 135 107 82
6 34 67 52 46
6 35 44 34 28
6 36 130 115 101
6 37 97 83 64
6 38 56 46 41
6 39 169 133 102
6 40 84 64 54
6 41 42 33 26
6 42 144 122 99
6 43 78 65 50
6 44 117 96 74
6 45 32 26 20
6 46 120 98 82
6 47 100 88 75
6 48 82 64 52
6 49 71 55 47
6 50 177 141 112
6 51 45 34 28
6 52 86 70 55
6 53 75 61 54
6 54 95 74 67
6 55 69 58 49
6 56 116 94 77
6 57 121 101 83
6 58 127 100 81
6 59 118 98 82
6 60 138 125 99
6 61 18 15 13
6 62 111 86 75
6 63 33 29 25
6 64 128 106 91
6 65 72 55 43
6 66 125 102 80
6 67 83 74 66
6 68 73 57 46
6 69 98 75 65
6 70 124 102 84
6 71 54 48 39
6 72 165 128 112
6 73 44 39 33
6 74 120 96 83
6 75 100 87 75
6 76 132 110 95
6 77 136 117 93
6 78 92 71 55
6 79 159 142 112
6 80 79 61 52
6 81 123 109 85
6 82 98 83 69
6 83 108 97 77
6 84 113 90 77
6 85 128 115 90
6 86 148 120 98
6 87 159 134 105
6 88 63 55 42
6 89 66 58 51
6 90 18 16 13
6 91 128 112 97
6 92 38 29 26
6 93 149 115 98
6 94 75 65 52
6 95 74 67 52
6 96 128 115 88
6 97 55 45 39
6 98 131 104 94
6 99 99 78 69
7 8 44 36 32
7 9 110 95 83
7 10 66 56 46
7 11 88 71 60
7 12 50 44 38
7 13 96 82 66
7 14 36 30 23
7 15 72 65 54
7 16 44 39 35
7 17 110 89 72
7 18 67 56 43
7 19 86 73 58
7 20 76 64 57
7 21 81 64 51
7 22 47 37 28
7 23 86 71 58
7 24 57 47 39
7 25 31 25 20
7 26 71 59 46
7 27 23 18 15
7 28 97 80 64
7 29 72 57 47
7 30 48 41 33
7 31 40 32 27
7 32 41 34 30
7 33 14 12 9
7 34 51 41 34
7 35 112 90 70
7 36 61 51 41
7 37 83 67 56
7 38 83 66 56
7 39 38 30 27
7 40 56 48 38
7 41 85 72 65
7 42 39 31 25
7 43 45 39 30
7 44 32 28 25
7 45 142 115 88
7 46 51 41 36
7 47 73 59 45
7 48 64 49 42
7 49 46 40 32
7 50 64 53 42
7 51 78 66 54
7 52 35 29 25
7 53 58 48 39
7 54 21 18 14
7 55 48 37 32
7 56 98 80 65
7 57 45 39 31
7 58 59 51 43
7 59 55 42 37
7 60 37 29 23
7 61 94 75 68
7 62 117 97 83
7 63 79 71 57
7 64 51 42 35
7 65 103 85 66
7 66 51 41 35
7 67 76 65 53
7 68 54 46 38
7 69 37 31 28
7 70 74 61 54
7 71 83 65 54
7 72 62 49 39
7 73 79 68 52
7 74 27 23 19
7 75 114 94 83
7 76 42 37 30
7 77 50 38 29
7 78 38 34 30
7 79 48 38 34
7 80 60 53 41
7 81 33 27 24
7 82 21 19 16
7 83 21 18 16
7 84 78 67 58
7 85 78 67 55
7 86 27 23 20
7 87 40 34 26
7 88 64 53 43
7 89 103 87 74
7 90 103 90 81
7 91 71 56 45
7 92 75 66 57
7 93 73 65 50
7 94 55 43 34
7 95 57 45 39
7 96 33 29 25
7 97 73 62 53
7 98 52 43 35
7 99 42 34 27
8 9 148 129 114
8 10 66 58 46
8 11 149 118 91
8 12 71 61 53
8 13 105 88 76
8 14 65 58 50
8 15 95 83 72
8 16 70 58 49
8 17 147 119 93
8 18 115 90 73
8 19 123 103 87
8 20 113 89 77
8 21 104 81 63
8 22 77 68 55
8 23 126 100 89
8 24 104 86 67
8 25 62 48 37
8 26 99 84 67
8 27 65 55 46
8 28 104 87 73
8 29 98 87 78
8 30 58 47 41
8 31 89 71 55
8 32 72 60 53
8 33 47 41 33
8 34 87 71 63
8 35 137 111 96
8 36 46 36 31
8 37 117 98 84
8 38 124 97 80
8 39 46 36 28
8 40 95 85 68
8 41 133 110 96
8 42 48 38 29
8 43 81 69 60
8 44 63 52 40
8 45 194 152 119
8 46 89 72 57
8 47 101 86 69
8 48 108 83 73
8 49 80 69 62
8 50 32 24 19
8 51 109 94 82
8 52 81 69 54
8 53 87 74 62
8 54 65 50 45
8 55 88 79 63
8 56 95 84 75
8 57 57 44 37
8 58 85 74 65
8 59 83 69 59
8 60 19 15 11
8 61 152 125 97
8 62 146 114 96
8 63 130 108 88
8 64 51 43 35
8 65 119 106 89
8 66 63 50 43
8 67 88 77 68
8 68 93 79 69
8 69 65 55 49
8 70 92 74 60
8 71 113 101 79
8 72 19 16 13
8 73 113 93 79
8 74 63 51 40
8 75 138 125 96
8 76 36 30 25
8 77 33 29 26
8 78 88 72 61
8 79 6 5 4
8 80 105 84 72
8 81 49 37 30
8 82 66 51 41
8 83 50 41 33
8 84 90 80 67
8 85 104 84 75
8 86 18 16 12
8 87 13 11 9
8 88 111 87 74
8 89 127 109 94
8 90 175 135 112
8 91 86 70 60
8 92 113 95 85
8 93 95 83 64
8 94 95 77 65
8 95 93 76 62
8 96 44 35 28
8 97 107 91 78
8 98 45 37 31
8 99 72 56 46
9 10 144 121 102
9 11 60 46 36
9 12 114 91 79
9 13 130 104 90
9 14 89 74 66
9 15 106 85 70
9 16 131 104 81
9 17 92 76 62
9 18 72 59 53
9 19 48 38 31
9 20 117 96 84
9 21 118 94 84
9 22 107 90 71
9 23 62 50 40
9 24 85 76 65
9 25 121 103 82
9 26 111 93 82
9 27 114 88 69
9 28 143 110 90
9 29 56 46 40
9 30 115 100 90
9 31 97 87 68
9 32 100 83 67
9 33 145 111 85
9 34 70 60 53
9 35 65 55 42
9 36 161 125 110
9 37 82 70 57
9 38 78 65 53
9 39 151 124 104
9 40 75 61 53
9 41 35 28 21
9 42 149 128 101
9 43 69 62 54
9 44 121 107 82
9 45 12 9 7
9 46 123 100 80
9 47 109 86 72
9 48 77 60 50
9 49 74 59 53
9 50 159 135 120
9 51 53 46 38
9 52 93 73 61
9 53 80 70 63
9 54 109 91 70
9 55 80 62 52
9 56 129 113 90
9 57 129 113 92
9 58 118 97 77
9 59 113 101 80
9 60 154 134 104
9 61 37 31 24
9 62 128 114 89
9 63 36 30 27
9 64 154 129 100
9 65 78 68 56
9 66 130 109 90
9 67 125 100 78
9 68 65 57 47
9 69 108 83 73
9 70 134 117 95
9 71 75 65 51
9 72 180 141 118
9 73 57 50 44
9 74 108 95 85
9 75 123 105 89
9 76 133 120 103
9 77 144 121 101
9 78 84 72 57
9 79 167 143 117
9 80 72 63 50
9 81 132 111 92
9 82 109 90 75
9 83 119 102 84
9 84 146 113 89
9 85 128 104 85
9 86 148 127 102
9 87 159 133 109
9 88 61 51 42
9 89 91 79 65
9 90 5 4 3
9 91 133 115 94
9 92 59 46 36
9 93 139 119 95
9 94 80 68 52
9 95 89 73 62
9 96 140 118 95
9 97 81 63 50
9 98 137 119 102
9 99 113 91 77
10 11 131 115 93
10 12 36 28 23
10 13 52 42 32
10 14 68 53 42
10 15 49 44 38
10 16 31 26 21
10 17 86 74 59
10 18 124 98 82
10 19 96 81 72
10 20 140 116 102
10 21 38 29 23
10 22 103 91 72
10 23 133 110 92
10 24 126 101 82
10 25 49 38 29
10 26 118 104 91
10 27 73 64 49
10 28 44 39 30
10 29 110 97 79
10 30 20 17 15
10 31 111 89 70
10 32 50 44 37
10 33 73 64 54
10 34 72 60 52
10 35 108 84 70
10 36 25 20 17
10 37 133 117 96
10 38 72 63 53
10 39 99 84 65
10 40 101 84 75
10 41 140 109 90
10 42 92 80 64
10 43 80 72 56
10 44 35 31 25
10 45 156 137 108
10 46 131 103 81
10 47 126 112 89
10 48 106 94 79
10 49 90 69 55
10 50 51 41 34
10 51 92 81 65
10 52 68 58 49
10 53 58 49 39
10 54 76 62 52
10 55 77 69 60
10 56 41 37 32
10 57 24 20 16
10 58 132 108 88
10 59 117 92 82
10 60 54 49 38
10 61 120 95 80
10 62 81 63 53
10 63 121 98 79
10 64 21 16 12
10 65 78 70 57
10 66 22 17 14
10 67 47 38 31
10 68 104 82 70
10 69 45 36 31
10 70 22 19 16
10 71 68 60 54
10 72 52 43 37
10 73 74 66 59
10 74 107 82 65
10 75 76 63 53
10 76 31 27 22
10 77 34 27 22
10 78 106 86 66
10 79 70 59 48
10 80 122 101 78
10 81 35 28 23
10 82 52 46 38
10 83 49 38 31
10 84 34 30 25
10 85 145 113 100
10 86 61 49 43
10 87 67 55 49
10 88 108 94 73
10 89 84 68 58
10 90 148 122 100
10 91 119 107 90
10 92 94 81 66
10 93 139 117 95
10 94 103 79 68
10 95 63 48 41
10 96 34 28 23
10 97 72 63 54
10 98 23 19 15
10 99 40 35 28
11 12 109 88 73
11 13 145 117 93
11 14 77 62 52
11 15 108 90 73
11 16 105 90 73
11 17 95 84 75
11 18 36 28 21
11 19 53 46 36
11 20 80 63 49
11 21 117 100 82
11 22 59 45 40
11 23 9 7 5
11 24 47 37 31
11 25 104 86 67
11 26 69 53 47
11 27 76 60 49
11 28 126 113 92
11 29 20 18 15
11 30 119 92 79
11 31 59 48 38
11 32 80 64 57
11 33 90 73 59
11 34 67 52 42
11 35 85 69 58
11 36 142 116 96
11 37 32 28 22
11 38 75 66 59
11 39 102 84 75
11 40 36 28 24
11 41 23 20 17
11 42 103 92 72
11 43 55 44 37
11 44 99 85 70
11 45 53 43 38
11 46 70 55 47
11 47 56 43 37
11 48 26 21 19
11 49 55 46 39
11 50 152 120 101
11 51 61 48 42
11 52 62 50 45
11 53 89 75 59
11 54 71 60 47
11 55 52 40 34
11 56 153 121 93
11 57 118 91 79
11 58 65 51 43
11 59 62 54 46
11 60 119 96 83
11 61 63 52 40
11 62 140 113 100
11 63 38 30 23
11 64 112 96 87
11 65 107 86 68
11 66 134 104 80
11 67 123 99 78
11 68 33 29 24
11 69 95 79 63
11 70 133 118 92
11 71 89 72 56
11 72 157 126 98
11 73 68 56 47
11 74 72 62 55
11 75 138 121 99
11 76 126 102 87
11 77 133 104 85
11 78 45 37 31
11 79 141 112 94
11 80 33 25 20
11 81 98 87 77
11 82 84 68 58
11 83 95 83 67
11 84 126 103 89
11 85 74 58 50
11 86 114 90 80
11 87 121 97 85
11 88 34 26 20
11 89 113 102 79
11 90 57 44 35
11 91 91 76 60
11 92 63 54 43
11 93 90 76 60
11 94 39 35 27
11 95 79 70 57
11 96 130 100 79
11 97 83 65 54
11 98 114 103 89
11 99 100 84 66
12 13 40 32 28
12 14 35 31 24
12 15 30 25 20
12 16 6 5 4
12 17 54 46 41
12 18 91 75 64
12 19 77 60 49
12 20 131 115 90
12 21 23 18 14
12 22 84 68 59
12 23 116 94 72
12 24 98 84 67
12 25 32 25 19
12 26 107 92 79
12 27 46 38 34
12 28 43 34 26
12 29 77 67 59
12 30 19 16 14
12 31 72 63 55
12 32 26 20 16
12 33 74 60 47
12 34 48 37 31
12 35 61 55 48
12 36 50 39 34
12 37 114 98 79
12 38 45 36 31
12 39 96 76 63
12 40 76 68 57
12 41 88 76 68
12 42 92 74 61
12 43 50 45 37
12 44 23 19 14
12 45 118 103 85
12 46 93 81 70
12 47 118 92 75
12 48 84 71 61
12 49 46 41 35
12 50 67 53 48
12 51 61 55 42
12 52 41 34 30
12 53 22 19 16
12 54 56 49 38
12 55 59 46 40
12 56 43 34 27
12 57 24 21 17
12 58 109 98 75
12 59 98 82 71
12 60 71 55 43
12 61 72 63 57
12 62 58 51 46
12 63 83 74 57
12 64 32 28 23
12 65 49 42 38
12 66 17 14 12
12 67 26 21 16
12 68 71 61 50
12 69 17 14 12
12 70 31 24 20
12 71 41 37 32
12 72 64 55 49
12 73 51 43 37
12 74 90 72 56
12 75 70 55 45
12 76 45 40 31
12 77 41 36 29
12 78 68 57 48
12 79 73 65 56
12 80 85 68 59
12 81 39 30 23
12 82 33 27 24
12 83 34 28 24
12 84 30 26 21
12 85 119 99 88
12 86 64 50 45
12 87 76 68 53
12 88 85 67 53
12 89 58 47 42
12 90 106 93 77
12 91 125 103 81
12 92 73 56 44
12 93 139 112 86
12 94 72 64 50
12 95 27 22 18
12 96 38 32 26
12 97 50 41 32
12 98 42 35 27
12 99 19 16 12
13 14 79 65 50
13 15 31 25 21
13 16 44 35 31
13 17 52 41 33
13 18 118 99 88
13 19 85 76 62
13 20 187 146 116
13 21 24 19 15
13 22 132 110 85
13 23 144 112 93
13 24 132 114 92
13 25 72 57 46
13 26 153 135 106
13 27 87 70 61
13 28 5 4 3
13 29 113 96 80
13 30 55 47 36
13 31 105 95 82
13 32 57 46 41
13 33 106 92 74
13 34 76 67 53
13 35 73 59 50
13 36 74 62 49
13 37 156 130 103
13 38 59 46 37
13 39 134 110 90
13 40 117 105 81
13 41 103 93 84
13 42 125 103 88
13 43 92 74 60
13 44 59 46 41
13 45 144 111 96
13 46 145 114 97
13 47 140 126 101
13 48 121 102 84
13 49 88 76 58
13 50 88 77 65
13 51 74 61 55
13 52 78 68 55
13 53 53 46 36
13 54 104 84 65
13 55 98 82 63
13 56 3 2 1
13 57 60 50 40
13 58 142 123 102
13 59 148 115 98
13 60 95 75 67
13 61 94 83 66
13 62 32 25 21
13 63 106 88 73
13 64 58 51 42
13 65 59 47 36
13 66 47 40 34
13 67 25 19 15
13 68 103 89 73
13 69 56 46 39
13 70 28 22 17
13 71 51 46 40
13 72 98 85 69
13 73 72 63 49
13 74 137 108 83
13 75 28 25 21
13 76 75 66 52
13 77 69 58 51
13 78 93 83 73
13 79 117 95 78
13 80 117 105 83
13 81 64 53 47
13 82 74 64 51
13 83 71 63 51
13 84 16 12 9
13 85 176 149 115
13 86 100 79 70
13 87 109 93 78
13 88 111 89 75
13 89 47 39 31
13 90 115 101 87
13 91 158 122 109
13 92 81 72 55
13 93 179 138 113
13 94 117 90 74
13 95 54 43 38
13 96 71 63 49
13 97 61 47 41
13 98 65 53 46
13 99 64 51 39
14 15 50 43 34
14 16 34 30 23
14 17 71 59 50
14 18 57 51 41
14 19 51 43 38
14 20 98 76 67
14 21 53 43 36
14 22 55 43 36
14 23 85 66 51
14 24 59 48 43
14 25 29 22 17
14 26 84 70 57
14 27 16 14 12
14 28 63 54 48
14 29 56 47 37
14 30 40 34 28
14 31 54 42 32
14 32 13 11 9
14 33 41 34 30
14 34 22 17 14
14 35 69 55 47
14 36 63 50 45
14 37 80 69 56
14 38 54 42 33
14 39 81 65 50
14 40 50 41 34
14 41 74 63 50
14 42 77 61 47
14 43 24 19 15
14 44 26 20 18
14 45 107 86 72
14 46 72 60 48
14 47 83 65 52
14 48 56 50 38
14 49 26 20 15
14 50 83 66 54
14 51 47 39 33
14 52 11 8 7
14 53 28 23 18
14 54 27 21 17
14 55 26 21 18
14 56 75 61 49
14 57 43 37 28
14 58 83 66 53
14 59 75 58 49
14 60 55 48 40
14 61 65 55 48
14 62 108 84 64
14 63 66 53 41
14 64 55 44 36
14 65 70 54 44
14 66 42 35 29
14 67 56 44 35
14 68 40 35 28
14 69 18 15 12
14 70 58 50 43
14 71 40 35 31
14 72 84 66 53
14 73 44 34 30
14 74 57 45 37
14 75 80 71 64
14 76 53 47 37
14 77 49 39 35
14 78 34 28 25
14 79 76 67 53
14 80 61 47 37
14 81 43 35 27
14 82 15 13 10
14 83 29 22 18
14 84 63 55 43
14 85 100 84 66
14 86 60 47 39
14 87 68 58 47
14 88 53 41 32
14 89 75 67 53
14 90 87 71 64
14 91 78 69 61
14 92 52 46 36
14 93 89 76 65
14 94 46 35 27
14 95 27 22 17
14 96 44 34 30
14 97 45 36 31
14 98 58 48 38
14 99 26 20 15
15 16 34 27 23
15 17 30 25 22
15 18 100 86 69
15 19 63 50 42
15 20 147 114 99
15 21 22 19 16
15 22 98 85 69
15 23 109 93 73
15 24 105 85 75
15 25 54 44 37
15 26 114 102 90
15 27 64 53 45
15 28 27 23 20
15 29 89 77 60
15 30 50 39 33
15 31 107 85 65
15 32 38 30 26
15 33 89 70 62
15 34 46 40 34
15 35 46 40 33
15 36 80 63 51
15 37 131 104 84
15 38 25 21 18
15 39 119 102 80
15 40 95 78 62
15 41 83 72 63
15 42 130 101 78
15 43 58 52 42
15 44 47 36 32
15 45 119 96 76
15 46 121 94 81
15 47 116 93 83
15 48 96 81 65
15 49 57 50 39
15 50 112 87 67
15 51 47 40 34
15 52 57 48 38
15 53 27 21 17
15 54 82 65 50
15 55 61 52 45
15 56 31 24 21
15 57 53 46 36
15 58 120 102 85
15 59 106 95 82
15 60 99 76 62
15 61 68 54 47
15 62 48 39 31
15 63 81 68 53
15 64 58 52 42
15 65 29 23 20
15 66 48 40 31
15 67 14 11 8
15 68 80 63 53
15 69 44 34 26
15 70 39 34 27
15 71 30 24 20
15 72 90 77 69
15 73 42 36 28
15 74 101 87 70
15 75 41 35 31
15 76 69 59 50
15 77 72 56 48
15 78 81 67 55
15 79 101 87 75
15 80 95 81 64
15 81 57 48 42
15 82 64 49 39
15 83 63 52 41
15 84 29 22 19
15 85 133 109 98
15 86 97 83 64
15 87 102 87 72
15 88 75 66 55
15 89 36 29 23
15 90 85 77 68
15 91 127 108 94
15 92 53 42 35
15 93 131 118 98
15 94 73 61 55
15 95 28 22 19
15 96 72 57 45
15 97 30 26 21
15 98 68 58 46
15 99 36 32 28
16 17 70 54 45
16 18 97 78 63
16 19 72 60 51
16 20 147 113 88
16 21 25 20 17
16 22 79 69 57
16 23 98 87 72
16 24 97 82 65
16 25 26 20 16
16 26 115 89 77
16 27 51 42 32
16 28 41 33 29
16 29 84 73 59
16 30 17 14 11
16 31 70 62 53
16 32 26 20 16
16 33 64 55 44
16 34 40 36 31
16 35 67 58 51
16 36 40 36 31
16 37 103 93 78
16 38 46 41 34
16 39 80 71 60
16 40 80 64 56
16 41 97 77 69
16 42 89 72 58
16 43 55 44 36
16 44 16 13 11
16 45 107 97 87
16 46 100 81 68
16 47 121 95 73
16 48 86 67 60
16 49 50 42 35
16 50 58 51 45
16 51 65 53 44
16 52 46 37 29
16 53 26 21 18
16 54 53 46 36
16 55 55 47 40
16 56 45 39 30
16 57 22 18 14
16 58 110 91 73
16 59 100 78 68
16 60 54 48 39
16 61 78 68 59
16 62 66 58 49
16 63 88 72 58
16 64 28 24 20
16 65 60 51 41
16 66 16 12 9
16 67 33 25 20
16 68 75 59 50
16 69 17 13 11
16 70 31 26 21
16 71 51 40 34
16 72 64 56 46
16 73 55 48 39
16 74 68 59 53
16 75 71 62 49
16 76 39 35 27
16 77 35 31 26
16 78 73 59 47
16 79 84 66 52
16 80 91 76 59
16 81 29 23 19
16 82 31 27 22
16 83 29 24 20
16 84 34 30 23
16 85 135 108 86
16 86 65 53 41
16 87 69 61 49
16 88 76 68 53
16 89 64 57 46
16 90 113 91 79
16 91 116 93 79
16 92 60 53 46
16 93 118 98 83
16 94 79 62 49
16 95 31 24 20
16 96 31 27 22
16 97 54 43 35
16 98 35 31 24
16 99 15 12 9
17 18 99 85 77
17 19 56 50 39
17 20 159 128 110
17 21 51 41 36
17 22 116 100 82
17 23 110 98 77
17 24 122 97 85
17 25 81 70 57
17 26 154 121 102
17 27 78 70 61
17 28 47 41 34
17 29 94 81 65
17 30 78 63 55
17 31 123 101 78
17 32 73 56 43
17 33 121 99 79
17 34 59 52 44
17 35 30 26 21
17 36 106 89 73
17 37 134 110 90
17 38 31 24 19
17 39 135 120 99
17 40 114 91 71
17 41 86 72 61
17 42 138 117 96
17 43 86 66 53
17 44 76 59 53
17 45 111 87 67
17 46 140 113 94
17 47 133 113 94
17 48 94 82 72
17 49 69 59 49
17 50 125 102 89
17 51 51 40 34
17 52 68 59 52
17 53 47 41 34
17 54 101 84 66
17 55 71 62 55
17 56 50 43 34
17 57 78 68 58
17 58 134 107 97
17 59 128 111 95
17 60 113 94 83
17 61 64 49 39
17 62 41 37 28
17 63 76 63 52
17 64 92 77 63
17 65 14 11 8
17 66 82 63 53
17 67 38 34 28
17 68 97 75 61
17 69 65 57 46
17 70 66 59 46
17 71 32 28 22
17 72 131 115 90
17 73 38 33 29
17 74 129 104 86
17 75 37 33 27
17 76 118 93 72
17 77 92 83 70
17 78 103 79 66
17 79 141 124 96
17 80 105 81 71
17 81 93 75 64
17 82 94 74 57
17 83 97 79 62
17 84 54 47 37
17 85 162 141 110
17 86 120 95 84
17 87 151 120 92
17 88 84 75 61
17 89 6 5 4
17 90 86 72 59
17 91 148 122 108
17 92 51 41 32
17 93 164 127 112
17 94 98 83 64
17 95 52 45 34
17 96 99 78 66
17 97 31 26 23
17 98 86 75 68
17 99 73 57 48
18 19 59 52 42
18 20 57 45 35
18 21 101 89 76
18 22 33 25 20
18 23 24 20 17
18 24 19 14 12
18 25 67 60 54
18 26 42 35 30
18 27 49 44 34
18 28 133 110 87
18 29 26 20 15
18 30 97 84 67
18 31 27 24 18
18 32 75 63 48
18 33 61 47 40
18 34 52 44 36
18 35 89 75 64
18 36 114 94 81
18 37 22 19 16
18 38 74 65 59
18 39 87 70 55
18 40 11 9 7
18 41 55 43 33
18 42 79 61 52
18 43 47 37 28
18 44 90 70 57
18 45 74 65 57
18 46 39 31 27
18 47 30 26 20
18 48 8 6 5
18 49 46 40 31
18 50 110 95 85
18 51 58 52 45
18 52 51 40 35
18 53 71 59 53
18 54 49 39 31
18 55 34 30 25
18 56 124 105 88
18 57 93 80 67
18 58 39 30 25
18 59 35 30 27
18 60 100 83 65
18 61 73 65 51
18 62 142 129 99
18 63 48 41 32
18 64 117 92 74
18 65 114 88 70
18 66 100 78 68
18 67 103 90 73
18 68 23 20 17
18 69 80 68 53
18 70 112 99 84
18 71 86 71 56
18 72 118 93 81
18 73 73 58 48
18 74 53 44 35
18 75 148 115 98
18 76 91 81 71
18 77 112 90 70
18 78 26 21 16
18 79 117 98 75
18 80 9 7 6
18 81 87 73 63
18 82 62 53 45
18 83 79 64 53
18 84 119 93 83
18 85 52 41 35
18 86 83 73 62
18 87 89 77 66
18 88 25 20 17
18 89 115 101 81
18 90 81 66 53
18 91 58 47 41
18 92 66 53 47
18 93 60 49 42
18 94 25 20 15
18 95 76 62 51
18 96 90 75 65
18 97 75 62 55
18 98 118 98 75
18 99 89 69 55
19 20 105 93 76
19 21 87 72 55
19 22 73 65 54
19 23 61 48 38
19 24 72 63 52
19 25 76 66 53
19 26 97 84 71
19 27 64 52 43
19 28 87 76 62
19 29 38 33 28
19 30 95 73 60
19 31 79 62 50
19 32 47 42 37
19 33 85 74 61
19 34 38 30 25
19 35 32 25 22
19 36 116 95 80
19 37 67 60 54
19 38 35 31 25
19 39 117 100 81
19 40 59 45 38
19 41 35 30 23
19 42 107 92 78
19 43 43 33 29
19 44 80 64 52
19 45 51 44 37
19 46 94 81 66
19 47 102 79 61
19 48 58 50 38
19 49 40 31 26
19 50 133 109 91
19 51 12 10 8
19 52 45 40 33
19 53 48 37 33
19 54 69 56 45
19 55 38 32 28
19 56 104 80 62
19 57 99 77 62
19 58 99 78 66
19 59 93 81 65
19 60 110 99 77
19 61 16 13 11
19 62 99 84 65
19 63 19 15 13
19 64 98 87 70
19 65 48 40 32
19 66 93 72 60
19 67 82 63 49
19 68 42 35 28
19 69 59 52 44
19 70 89 74 66
19 71 33 27 23
19 72 124 103 90
19 73 22 18 14
19 74 97 83 64
19 75 92 74 65
19 76 108 87 73
19 77 104 87 71
19 78 51 44 37
19 79 134 117 90
19 80 58 45 37
19 81 104 80 63
19 82 68 58 47
19 83 80 71 55
19 84 93 78 60
19 85 123 96 77
19 86 117 92 76
19 87 128 106 83
19 88 40 34 26
19 89 61 49 43
19 90 43 36 28
19 91 106 89 80
19 92 12 10 8
19 93 114 93 82
19 94 50 39 33
19 95 44 36 31
19 96 90 77 66
19 97 30 24 21
19 98 105 85 73
19 99 72 59 47
20 21 156 126 102
20 22 44 35 31
20 23 70 55 45
20 24 33 29 25
20 25 109 93 75
20 26 19 16 12
20 27 79 67 56
20 28 159 139 114
20 29 74 64 49
20 30 147 113 88
20 31 52 41 35
20 32 107 96 75
20 33 77 65 50
20 34 100 79 67
20 35 124 112 98
20 36 140 126 97
20 37 42 34 27
20 38 138 109 92
20 39 72 65 51
20 40 62 48 39
20 41 87 77 65
20 42 67 60 49
20 43 83 69 58
20 44 111 91 79
20 45 131 109 86
20 46 31 27 22
20 47 22 18 16
20 48 56 45 39
20 49 84 70 62
20 50 144 114 94
20 51 113 88 79
20 52 92 71 62
20 53 133 104 82
20 54 75 67 52
20 55 81 66 56
20 56 168 136 116
20 57 127 111 87
20 58 23 18 15
20 59 28 25 21
20 60 108 93 74
20 61 115 103 84
20 62 200 158 130
20 63 93 79 66
20 64 140 116 92
20 65 141 124 103
20 66 142 112 90
20 67 132 113 102
20 68 71 62 50
20 69 113 100 78
20 70 149 125 108
20 71 130 101 89
20 72 127 107 89
20 73 127 101 82
20 74 60 48 39
20 75 190 160 129
20 76 113 100 86
20 77 124 105 85
20 78 69 59 45
20 79 119 100 79
20 80 55 46 40
20 81 123 99 80
20 82 91 79 67
20 83 99 81 71
20 84 173 135 109
20 85 5 4 3
20 86 107 87 69
20 87 96 86 69
20 88 77 65 51
20 89 157 140 113
20 90 102 92 83
20 91 27 24 21
20 92 126 104 81
20 93 25 19 17
20 94 69 55 46
20 95 118 100 81
20 96 134 103 81
20 97 121 103 87
20 98 137 108 91
20 99 107 95 79
21 22 98 79 71
21 23 118 94 83
21 24 111 97 79
21 25 45 36 32
21 26 137 105 92
21 27 67 57 47
21 28 21 17 13
21 29 107 85 69
21 30 32 28 23
21 31 100 77 68
21 32 39 35 28
21 33 77 68 60
21 34 60 48 41
21 35 76 62 48
21 36 60 46 38
21 37 132 103 91
21 38 46 40 32
21 39 109 96 76
21 40 102 85 69
21 41 110 85 75
21 42 100 85 74
21 43 69 59 48
21 44 36 31 27
21 45 134 106 90
21 46 130 101 83
21 47 126 99 87
21 48 122 94 72
21 49 61 54 46
21 50 82 69 55
21 51 65 58 47
21 52 65 55 42
21 53 36 32 24
21 54 72 60 51
21 55 69 60 51
21 56 23 19 14
21 57 41 34 26
21 58 137 111 88
21 59 118 95 84
21 60 84 67 53
21 61 83 74 61
21 62 57 44 34
21 63 81 73 65
21 64 45 36 30
21 65 54 42 35
21 66 32 26 20
21 67 13 10 8
21 68 83 72 61
21 69 39 33 25
21 70 20 16 12
21 71 55 43 34
21 72 93 73 57
21 73 61 48 41
21 74 109 88 69
21 75 51 39 34
21 76 59 50 39
21 77 57 45 38
21 78 87 74 60
21 79 111 85 66
21 80 112 88 71
21 81 49 42 34
21 82 59 47 37
21 83 54 46 36
21 84 14 11 8
21 85 162 127 101
21 86 85 67 56
21 87 107 82 64
21 88 86 77 63
21 89 47 41 35
21 90 110 93 82
21 91 151 116 95
21 92 70 54 48
21 93 152 120 99
21 94 92 78 61
21 95 42 33 26
21 96 54 42 36
21 97 50 45 35
21 98 52 44 34
21 99 37 33 25
22 23 57 47 37
22 24 17 14 12
22 25 67 56 44
22 26 35 27 22
22 27 37 32 25
22 28 120 101 84
22 29 42 36 31
22 30 75 66 58
22 31 7 6 5
22 32 64 57 45
22 33 35 27 23
22 34 54 47 38
22 35 102 92 72
22 36 90 79 68
22 37 42 35 29
22 38 100 83 64
22 39 59 45 35
22 40 23 20 18
22 41 75 64 50
22 42 49 39 32
22 43 46 36 30
22 44 64 55 49
22 45 97 84 75
22 46 19 17 13
22 47 25 21 17
22 48 32 28 22
22 49 51 42 33
22 50 101 90 69
22 51 85 66 54
22 52 47 39 32
22 53 85 67 52
22 54 32 27 21
22 55 39 33 28
22 56 124 111 85
22 57 79 64 56
22 58 29 22 17
22 59 21 16 13
22 60 70 58 49
22 61 90 79 63
22 62 149 125 100
22 63 63 53 47
22 64 99 78 62
22 65 116 93 75
22 66 83 71 60
22 67 100 84 71
22 68 40 31 26
22 69 67 59 47
22 70 105 87 77
22 71 93 75 61
22 72 95 78 65
22 73 79 68 55
22 74 25 21 16
22 75 127 112 99
22 76 87 72 58
22 77 94 73 57
22 78 27 21 18
22 79 87 71 57
22 80 32 28 21
22 81 73 61 51
22 82 52 42 36
22 83 64 53 41
22 84 103 89 79
22 85 46 38 30
22 86 58 50 45
22 87 68 58 48
22 88 42 35 30
22 89 123 96 85
22 90 98 82 70
22 91 40 33 27
22 92 84 74 57
22 93 43 38 31
22 94 30 24 21
22 95 75 60 51
22 96 70 63 52
22 97 75 67 60
22 98 90 76 62
22 99 65 56 48
23 24 44 34 28
23 25 108 85 66
23 26 61 54 43
23 27 71 56 47
23 28 131 105 92
23 29 21 16 14
23 30 104 90 78
23 31 52 46 35
23 32 85 73 57
23 33 74 65 56
23 34 56 47 42
23 35 84 72 60
23 36 133 104 94
23 37 29 23 18
23 38 77 68 60
23 39 97 85 71
23 40 29 25 21
23 41 34 27 21
23 42 101 78 68
23 43 58 46 37
23 44 101 84 68
23 45 61 51 42
23 46 62 48 43
23 47 44 39 33
23 48 22 18 16
23 49 58 48 38
23 50 149 116 99
23 51 56 48 43
23 52 69 57 44
23 53 80 71 59
23 54 69 55 45
23 55 48 42 33
23 56 143 113 93
23 57 112 100 78
23 58 58 45 39
23 59 60 50 42
23 60 116 101 81
23 61 60 49 43
23 62 160 124 101
23 63 36 29 25
23 64 119 97 86
23 65 101 85 69
23 66 112 94 79
23 67 127 100 79
23 68 35 28 23
23 69 88 74 62
23 70 139 113 92
23 71 82 68 57
23 72 144 123 96
23 73 67 59 48
23 74 76 68 52
23 75 144 127 101
23 76 116 105 85
23 77 108 97 83
23 78 43 35 29
23 79 123 101 91
23 80 27 21 17
23 81 99 89 75
23 82 85 66 57
23 83 92 78 65
23 84 121 104 89
23 85 64 52 46
23 86 99 87 77
23 87 107 93 82
23 88 30 26 20
23 89 115 89 80
23 90 61 47 39
23 91 85 71 56
23 92 60 54 45
23 93 77 67 56
23 94 39 30 25
23 95 91 70 57
23 96 125 98 78
23 97 76 63 56
23 98 140 111 87
23 99 99 83 65
24 25 74 61 54
24 26 31 24 19
24 27 52 40 34
24 28 147 117 91
24 29 43 33 26
24 30 88 75 67
24 31 19 16 13
24 32 78 65 52
24 33 45 40 34
24 34 57 47 42
24 35 99 86 73
24 36 99 88 79
24 37 26 21 18
24 38 92 77 67
24 39 65 58 46
24 40 24 19 15
24 41 75 57 44
24 42 55 49 43
24 43 50 41 33
24 44 92 75 58
24 45 95 86 68
24 46 23 20 16
24 47 13 11 9
24 48 25 21 16
24 49 59 47 37
24 50 118 101 80
24 51 81 68 54
24 52 61 49 38
24 53 97 75 58
24 54 43 36 30
24 55 45 35 31
24 56 129 113 92
24 57 105 81 66
24 58 24 18 14
24 59 21 18 15
24 60 76 67 60
24 61 88 71 61
24 62 150 116 105
24 63 68 53 43
24 64 103 85 73
24 65 114 101 78
24 66 88 77 69
24 67 102 89 78
24 68 32 28 25
24 69 77 66 55
24 70 124 103 86
24 71 98 80 64
24 72 128 99 76
24 73 88 73 57
24 74 39 32 27
24 75 151 125 104
24 76 110 89 69
24 77 100 88 68
24 78 29 25 20
24 79 85 77 69
24 80 22 19 16
24 81 80 72 61
24 82 58 50 45
24 83 78 65 52
24 84 139 108 86
24 85 37 30 25
24 86 75 64 56
24 87 94 74 59
24 88 36 31 27
24 89 125 105 88
24 90 101 79 64
24 91 40 35 30
24 92 75 64 57
24 93 42 37 31
24 94 32 27 21
24 95 76 65 56
24 96 100 81 63
24 97 90 80 63
24 98 99 83 73
24 99 77 68 57
25 26 82 73 64
25 27 28 24 21
25 28 60 51 44
25 29 85 65 53
25 30 22 18 14
25 31 55 49 41
25 32 26 21 17
25 33 43 36 29
25 34 41 35 30
25 35 78 67 59
25 36 44 38 29
25 37 107 83 68
25 38 60 51 43
25 39 58 51 45
25 40 73 61 47
25 41 88 79 67
25 42 61 54 43
25 43 48 38 31
25 44 11 8 6
25 45 116 102 88
25 46 71 61 54
25 47 83 72 61
25 48 70 59 52
25 49 42 37 31
25 50 55 49 38
25 51 68 57 48
25 52 35 28 23
25 53 38 31 25
25 54 34 30 24
25 55 54 44 34
25 56 67 58 46
25 57 21 16 13
25 58 85 70 60
25 59 86 71 55
25 60 40 32 26
25 61 94 81 63
25 62 107 85 65
25 63 78 68 57
25 64 29 24 20
25 65 77 65 52
25 66 21 18 16
25 67 52 46 35
25 68 72 56 43
25 69 19 15 12
25 70 58 45 35
25 71 67 53 42
25 72 56 48 37
25 73 67 53 44
25 74 56 47 38
25 75 94 84 64
25 76 28 24 21
25 77 30 23 19
25 78 63 50 38
25 79 62 48 40
25 80 72 59 50
25 81 17 14 11
25 82 17 13 10
25 83 8 6 5
25 84 56 43 38
25 85 104 88 73
25 86 42 37 28
25 87 57 44 36
25 88 66 57 48
25 89 88 71 59
25 90 120 93 80
25 91 105 83 64
25 92 73 61 50
25 93 94 80 69
25 94 58 49 41
25 95 36 32 26
25 96 23 18 14
25 97 60 53 42
25 98 30 26 22
25 99 15 11 9
26 27 69 54 46
26 28 145 117 105
26 29 63 53 45
26 30 121 95 77
26 31 39 33 25
26 32 96 80 66
26 33 54 44 39
26 34 94 73 58
26 35 126 104 91
26 36 125 109 86
26 37 40 33 28
26 38 133 104 84
26 39 59 48 41
26 40 56 43 33
26 41 94 79 62
26 42 59 49 39
26 43 72 61 50
26 44 113 90 69
26 45 114 103 85
26 46 17 13 11
26 47 17 13 11
26 48 46 41 34
26 49 81 64 53
26 50 112 93 83
26 51 107 90 72
26 52 76 62 53
26 53 101 89 73
26 54 68 53 41
26 55 75 58 48
26 56 144 130 106
26 57 121 98 76
26 58 8 7 6
26 59 16 13 10
26 60 88 71 63
26 61 123 97 80
26 62 177 148 121
26 63 94 72 61
26 64 117 105 81
26 65 156 124 95
26 66 117 93 80
26 67 140 114 92
26 68 64 55 43
26 69 105 86 68
26 70 151 116 98
26 71 111 91 81
26 72 111 99 78
26 73 115 95 74
26 74 40 34 28
26 75 171 151 120
26 76 106 90 75
26 77 103 90 74
26 78 50 45 37
26 79 103 84 68
26 80 47 40 35
26 81 104 82 69
26 82 89 73 56
26 83 91 77 61
26 84 164 127 99
26 85 16 13 10
26 86 75 65 58
26 87 82 67 58
26 88 65 54 46
26 89 148 132 105
26 90 104 90 81
26 91 21 18 14
26 92 117 97 75
26 93 20 16 13
26 94 55 44 39
26 95 109 87 71
26 96 105 82 70
26 97 120 95 80
26 98 109 89 80
26 99 102 89 69
27 28 72 65 59
27 29 54 42 35
27 30 49 39 34
27 31 33 28 22
27 32 32 26 20
27 33 28 23 19
27 34 30 23 20
27 35 82 71 56
27 36 61 54 48
27 37 67 57 48
27 38 72 57 44
27 39 59 46 40
27 40 46 35 27
27 41 77 62 51
27 42 55 48 37
27 43 24 20 15
27 44 34 29 24
27 45 115 92 74
27 46 50 43 37
27 47 69 54 41
27 48 47 37 32
27 49 28 23 18
27 50 87 69 53
27 51 61 47 40
27 52 17 13 11
27 53 42 35 29
27 54 8 6 5
27 55 25 21 17
27 56 84 69 60
27 57 49 40 33
27 58 69 53 42
27 59 55 45 37
27 60 47 41 36
27 61 78 64 54
27 62 105 87 76
27 63 68 54 43
27 64 63 51 40
27 65 85 69 55
27 66 51 41 36
27 67 69 59 47
27 68 38 32 25
27 69 36 28 22
27 70 80 63 53
27 71 55 48 41
27 72 73 65 51
27 73 59 47 38
27 74 35 30 25
27 75 100 84 75
27 76 57 47 39
27 77 50 43 37
27 78 24 21 18
27 79 74 58 49
27 80 49 40 31
27 81 44 36 29
27 82 18 15 12
27 83 29 24 19
27 84 73 63 54
27 85 82 65 55
27 86 48 38 34
27 87 65 52 41
27 88 42 37 30
27 89 85 75 64
27 90 97 81 67
27 91 76 58 49
27 92 65 51 43
27 93 71 62 53
27 94 31 26 22
27 95 39 34 28
27 96 52 40 32
27 97 60 47 41
27 98 55 49 41
27 99 38 29 23
28 29 125 99 79
28 30 56 44 34
28 31 115 96 80
28 32 57 45 40
28 33 121 93 72
28 34 79 66 51
28 35 76 64 51
28 36 69 60 47
28 37 130 114 102
28 38 49 43 37
28 39 133 106 88
28 40 125 97 80
28 41 104 94 83
28 42 124 100 86
28 43 76 68 59
28 44 59 46 39
28 45 128 112 96
28 46 134 111 95
28 47 155 125 99
28 48 127 106 83
28 49 73 64 56
28 50 86 70 63
28 51 74 63 54
28 52 70 63 53
28 53 47 41 34
28 54 94 73 64
28 55 88 71 62
28 56 4 3 2
28 57 61 50 38
28 58 148 129 100
28 59 135 117 96
28 60 91 81 64
28 61 98 76 66
28 62 34 28 23
28 63 112 86 73
28 64 62 51 39
28 65 50 44 36
28 66 44 38 32
28 67 20 17 14
28 68 113 91 71
28 69 59 47 37
28 70 22 18 15
28 71 56 47 40
28 72 96 75 67
28 73 82 63 48
28 74 103 92 81
28 75 36 28 23
28 76 74 60 49
28 77 60 54 48
28 78 112 93 72
28 79 109 91 76
28 80 116 98 82
28 81 60 51 45
28 82 66 58 50
28 83 73 59 49
28 84 12 9 7
28 85 167 143 113
28 86 95 84 68
28 87 103 88 75
28 88 119 91 74
28 89 42 36 32
28 90 130 104 87
28 91 156 136 107
28 92 79 61 55
28 93 149 125 111
28 94 95 84 73
28 95 55 45 36
28 96 66 56 47
28 97 68 53 41
28 98 61 48 43
28 99 49 42 37
29 30 95 77 64
29 31 39 34 28
29 32 71 56 43
29 33 76 58 47
29 34 46 37 28
29 35 74 60 50
29 36 113 102 81
29 37 40 33 26
29 38 67 59 48
29 39 86 71 64
29 40 21 16 13
29 41 32 26 20
29 42 91 79 61
29 43 32 27 23
29 44 72 65 55
29 45 64 53 44
29 46 64 54 41
29 47 52 40 34
29 48 16 14 11
29 49 33 28 24
29 50 129 111 88
29 51 53 42 32
29 52 51 40 31
29 53 68 56 45
29 54 51 44 34
29 55 31 25 20
29 56 113 93 80
29 57 93 75 65
29 58 56 45 39
29 59 66 51 41
29 60 107 86 70
29 61 56 44 36
29 62 141 109 88
29 63 28 22 17
29 64 90 80 72
29 65 93 72 57
29 66 94 74 65
29 67 86 72 65
29 68 16 12 10
29 69 64 54 48
29 70 121 99 78
29 71 68 56 44
29 72 112 96 85
29 73 54 45 36
29 74 72 59 45
29 75 129 105 88
29 76 100 85 72
29 77 98 83 71
29 78 29 24 18
29 79 122 103 81
29 80 18 14 11
29 81 93 79 63
29 82 65 50 44
29 83 78 62 53
29 84 113 96 75
29 85 66 59 50
29 86 95 84 67
29 87 99 89 72
29 88 9 7 6
29 89 88 79 68
29 90 51 44 39
29 91 83 72 55
29 92 45 39 34
29 93 78 67 57
29 94 22 18 14
29 95 67 53 43
29 96 89 80 65
29 97 61 49 43
29 98 102 89 74
29 99 81 66 51
30 31 81 67 55
30 32 38 30 23
30 33 65 52 41
30 34 58 48 39
30 35 97 75 61
30 36 30 26 21
30 37 121 96 82
30 38 59 51 44
30 39 79 63 55
30 40 98 76 60
30 41 119 94 76
30 42 75 61 53
30 43 64 51 42
30 44 15 13 10
30 45 154 125 96
30 46 91 76 67
30 47 119 92 74
30 48 100 81 64
30 49 60 52 41
30 50 52 45 35
30 51 73 65 53
30 52 50 44 34
30 53 45 36 28
30 54 54 46 38
30 55 68 56 45
30 56 53 45 36
30 57 7 5 4
30 58 105 92 74
30 59 106 86 68
30 60 39 35 31
30 61 108 84 69
30 62 81 63 56
30 63 99 82 66
30 64 15 12 10
30 65 74 67 51
30 66 5 4 3
30 67 37 32 28
30 68 82 67 55
30 69 25 20 17
30 70 36 30 23
30 71 67 52 44
30 72 57 47 36
30 73 69 54 48
30 74 71 62 51
30 75 81 72 56
30 76 27 21 18
30 77 25 20 16
30 78 76 62 51
30 79 63 53 43
30 80 94 79 63
30 81 20 16 12
30 82 34 29 23
30 83 26 20 17
30 84 47 36 28
30 85 123 96 86
30 86 52 43 34
30 87 70 55 42
30 88 93 74 59
30 89 88 68 55
30 90 128 107 88
30 91 108 89 77
30 92 77 62 55
30 93 118 95 82
30 94 80 68 54
30 95 45 38 29
30 96 20 15 13
30 97 62 52 44
30 98 20 16 14
30 99 23 19 14
31 32 60 49 41
31 33 36 29 23
31 34 49 43 34
31 35 114 87 68
31 36 91 74 67
31 37 41 34 30
31 38 90 71 60
31 39 56 44 37
31 40 26 20 16
31 41 73 59 47
31 42 45 39 34
31 43 38 30 25
31 44 68 58 46
31 45 102 82 72
31 46 27 22 17
31 47 29 23 20
31 48 30 24 19
31 49 41 34 29
31 50 98 81 68
31 51 74 57 50
31 52 42 33 28
31 53 66 57 48
31 54 25 21 18
31 55 34 27 24
31 56 122 106 81
31 57 76 65 54
31 58 30 24 21
31 59 28 23 18
31 60 69 57 48
31 61 87 72 60
31 62 139 111 96
31 63 67 55 43
31 64 76 67 60
31 65 95 84 71
31 66 84 66 57
31 67 88 75 67
31 68 33 26 22
31 69 72 57 44
31 70 112 91 74
31 71 79 68 57
31 72 95 80 64
31 73 71 57 51
31 74 25 22 18
31 75 127 113 95
31 76 92 71 56
31 77 86 72 55
31 78 21 17 14
31 79 73 63 57
31 80 29 24 19
31 81 75 59 49
31 82 44 38 33
31 83 54 46 39
31 84 126 97 75
31 85 50 42 34
31 86 65 50 44
31 87 69 56 48
31 88 37 33 27
31 89 114 98 81
31 90 105 81 67
31 91 51 40 32
31 92 79 67 53
31 93 53 44 35
31 94 28 22 17
31 95 65 56 47
31 96 75 64 50
31 97 76 66 56
31 98 99 78 60
31 99 58 51 45
32 33 54 44 37
32 34 26 21 16
32 35 62 51 43
32 36 61 50 43
32 37 99 77 63
32 38 38 32 27
32 39 81 73 56
32 40 65 53 41
32 41 76 65 53
32 42 87 68 54
32 43 34 27 21
32 44 23 19 16
32 45 101 83 73
32 46 82 70 56
32 47 92 77 60
32 48 69 57 45
32 49 32 25 19
32 50 77 67 54
32 51 45 35 31
32 52 21 17 14
32 53 15 13 10
32 54 37 32 25
32 55 35 31 24
32 56 63 49 41
32 57 36 31 25
32 58 81 68 61
32 59 93 74 57
32 60 60 49 43
32 61 75 60 47
32 62 85 68 56
32 63 57 50 43
32 64 50 41 33
32 65 61 48 38
32 66 37 31 24
32 67 42 32 27
32 68 52 40 34
32 69 12 9 7
32 70 54 43 36
32 71 41 33 26
32 72 73 60 54
32 73 43 35 27
32 74 60 53 45
32 75 69 62 56
32 76 49 43 37
32 77 51 42 35
32 78 47 39 33
32 79 84 69 56
32 80 61 51 44
32 81 37 30 26
32 82 24 19 14
32 83 30 23 20
32 84 46 40 35
32 85 110 86 74
32 86 63 56 43
32 87 70 63 51
32 88 51 46 37
32 89 69 58 45
32 90 87 74 65
32 91 92 78 69
32 92 48 42 34
32 93 114 93 73
32 94 48 40 34
32 95 15 13 10
32 96 42 35 29
32 97 38 34 26
32 98 52 42 36
32 99 14 12 10
33 34 58 45 39
33 35 106 88 75
33 36 68 59 48
33 37 64 57 51
33 38 95 74 62
33 39 33 27 21
33 40 47 42 36
33 41 94 74 65
33 42 28 23 18
33 43 47 40 33
33 44 56 43 34
33 45 138 114 90
33 46 38 33 28
33 47 54 46 38
33 48 62 49 40
33 49 52 43 36
33 50 75 58 47
33 51 91 75 59
33 52 41 34 30
33 53 60 53 46
33 54 25 20 16
33 55 53 44 34
33 56 112 89 73
33 57 59 47 39
33 58 52 41 36
33 59 46 37 30
33 60 43 33 27
33 61 101 80 72
33 62 134 113 91
33 63 91 75 59
33 64 61 50 43
33 65 112 92 73
33 66 62 52 43
33 67 80 72 61
33 68 52 44 39
33 69 54 45 36
33 70 85 76 63
33 71 89 78 60
33 72 63 49 42
33 73 87 67 57
33 74 17 14 11
33 75 128 113 91
33 76 59 48 37
33 77 58 45 36
33 78 40 35 29
33 79 53 44 35
33 80 61 48 40
33 81 43 37 32
33 82 37 30 24
33 83 33 29 24
33 84 100 78 66
33 85 68 59 47
33 86 35 28 22
33 87 40 34 26
33 88 66 54 44
33 89 127 104 82
33 90 113 96 83
33 91 54 46 37
33 92 92 71 62
33 93 60 52 41
33 94 46 40 34
33 95 70 60 46
33 96 49 38 33
33 97 81 73 59
33 98 56 49 42
33 99 54 44 36
34 35 51 45 37
34 36 81 71 57
34 37 80 63 51
34 38 41 33 26
34 39 83 67 59
34 40 44 34 29
34 41 55 49 38
34 42 89 69 56
34 43 13 11 9
34 44 46 37 30
34 45 89 76 59
34 46 74 62 51
34 47 68 60 51
34 48 51 41 32
34 49 9 7 6
34 50 89 79 67
34 51 27 24 20
34 52 16 12 10
34 53 30 23 18
34 54 35 30 24
34 55 19 15 12
34 56 83 65 52
34 57 62 51 40
34 58 84 66 53
34 59 71 61 51
34 60 83 64 53
34 61 50 43 35
34 62 100 79 64
34 63 45 35 28
34 64 68 54 48
34 65 62 48 37
34 66 55 49 39
34 67 53 47 38
34 68 32 28 21
34 69 34 26 22
34 70 65 57 50
34 71 35 27 23
34 72 91 82 66
34 73 30 24 19
34 74 69 54 44
34 75 94 78 63
34 76 75 62 50
34 77 73 56 48
34 78 30 26 22
34 79 88 77 66
34 80 49 40 31
34 81 57 48 40
34 82 36 30 23
34 83 47 39 32
34 84 68 60 48
34 85 92 74 66
34 86 75 61 52
34 87 75 66 59
34 88 35 27 23
34 89 70 58 47
34 90 66 59 51
34 91 91 80 65
34 92 35 28 23
34 93 96 87 68
34 94 31 25 22
34 95 23 18 16
34 96 66 51 43
34 97 35 28 22
34 98 75 64 50
34 99 35 29 25
35 36 116 95 81
35 37 112 86 75
35 38 30 24 18
35 39 145 119 96
35 40 80 69 59
35 41 59 52 43
35 42 136 106 93
35 43 67 54 44
35 44 87 71 57
35 45 71 56 47
35 46 124 110 85
35 47 119 98 82
35 48 85 71 59
35 49 65 52 41
35 50 146 120 95
35 51 29 22 19
35 52 74 58 46
35 53 53 41 35
35 54 77 68 60
35 55 61 50 45
35 56 77 60 51
35 57 93 72 64
35 58 112 96 86
35 59 128 101 85
35 60 115 102 85
35 61 29 25 20
35 62 76 59 48
35 63 48 40 35
35 64 97 86 71
35 65 25 19 16
35 66 84 69 60
35 67 62 50 41
35 68 74 61 48
35 69 79 61 48
35 70 89 74 59
35 71 27 21 18
35 72 122 109 95
35 73 25 22 19
35 74 115 96 80
35 75 67 58 47
35 76 115 99 77
35 77 108 85 76
35 78 83 67 55
35 79 129 113 99
35 80 80 67 58
35 81 100 79 68
35 82 78 64 56
35 83 96 82 63
35 84 83 64 51
35 85 154 123 98
35 86 121 98 85
35 87 120 104 93
35 88 70 59 47
35 89 30 27 24
35 90 60 49 39
35 91 149 125 99
35 92 29 22 17
35 93 137 116 102
35 94 86 68 53
35 95 54 42 34
35 96 112 92 71
35 97 26 21 18
35 98 101 87 75
35 99 69 62 51
36 37 125 106 95
36 38 87 72 64
36 39 79 63 54
36 40 109 84 75
36 41 130 111 95
36 42 89 68 54
36 43 89 71 59
36 44 38 32 28
36 45 175 138 115
36 46 106 89 75
36 47 123 102 85
36 48 107 89 79
36 49 80 70 59
36 50 24 21 17
36 51 108 83 73
36 52 77 61 52
36 53 81 63 48
36 54 73 65 51
36 55 91 79 62
36 56 70 63 48
36 57 28 23 18
36 58 113 96 83
36 59 108 96 77
36 60 39 33 26
36 61 137 106 89
36 62 114 90 69
36 63 127 108 85
36 64 18 14 11
36 65 102 82 71
36 66 31 25 22
36 67 77 59 45
36 68 105 92 72
36 69 53 46 37
36 70 48 38 32
36 71 91 73 64
36 72 33 26 21
36 73 106 83 68
36 74 95 75 58
36 75 97 86 69
36 76 15 13 11
36 77 18 15 12
36 78 91 77 66
36 79 45 38 33
36 80 117 91 78
36 81 25 22 19
36 82 57 50 38
36 83 45 38 29
36 84 61 50 41
36 85 147 122 95
36 86 42 35 31
36 87 52 43 36
36 88 120 92 76
36 89 102 88 73
36 90 151 129 107
36 91 105 93 82
36 92 106 93 75
36 93 117 100 87
36 94 106 82 69
36 95 70 57 49
36 96 27 21 17
36 97 103 80 65
36 98 12 10 8
36 99 45 40 33
37 38 111 95 73
37 39 93 75 62
37 40 30 25 22
37 41 60 46 39
37 42 86 68 60
37 43 68 54 43
37 44 109 91 72
37 45 94 77 59
37 46 42 37 31
37 47 26 21 18
37 48 27 24 19
37 49 65 52 46
37 50 121 109 97
37 51 93 71 58
37 52 81 62 50
37 53 97 78 68
37 54 65 55 45
37 55 61 49 40
37 56 145 117 103
37 57 115 103 81
37 58 35 27 24
37 59 45 37 30
37 60 107 86 77
37 61 90 76 60
37 62 175 139 113
37 63 57 47 42
37 64 124 101 88
37 65 108 96 83
37 66 115 101 83
37 67 130 108 88
37 68 45 39 31
37 69 106 87 68
37 70 156 126 99
37 71 91 79 70
37 72 130 109 93
37 73 91 72 61
37 74 61 55 44
37 75 182 146 113
37 76 132 104 85
37 77 113 93 84
37 78 50 39 31
37 79 130 100 86
37 80 34 26 21
37 81 121 94 77
37 82 87 72 59
37 83 107 86 67
37 84 143 119 98
37 85 41 35 29
37 86 108 87 73
37 87 109 86 76
37 88 44 38 30
37 89 143 117 94
37 90 78 70 57
37 91 62 54 41
37 92 100 77 60
37 93 60 51 40
37 94 38 34 30
37 95 106 83 66
37 96 127 101 79
37 97 101 79 68
37 98 136 109 89
37 99 101 79 70
38 39 115 96 82
38 40 80 67 53
38 41 77 60 48
38 42 114 103 80
38 43 58 44 35
38 44 63 51 40
38 45 76 68 59
38 46 117 93 76
38 47 103 93 76
38 48 81 63 55
38 49 42 35 31
38 50 108 91 78
38 51 31 24 18
38 52 46 41 34
38 53 24 21 18
38 54 73 57 48
38 55 50 44 37
38 56 50 44 38
38 57 70 59 47
38 58 127 102 79
38 59 113 93 77
38 60 89 77 69
38 61 40 36 30
38 62 64 54 41
38 63 56 45 38
38 64 83 69 54
38 65 19 15 12
38 66 62 49 43
38 67 41 32 25
38 68 59 50 43
38 69 48 38 32
38 70 61 54 43
38 71 6 5 4
38 72 129 102 79
38 73 18 16 13
38 74 97 81 69
38 75 58 47 41
38 76 85 74 61
38 77 90 77 59
38 78 72 59 48
38 79 129 99 83
38 80 79 67 54
38 81 73 62 51
38 82 57 48 41
38 83 68 60 47
38 84 52 44 36
38 85 130 116 91
38 86 99 84 70
38 87 117 92 78
38 88 60 53 43
38 89 38 29 22
38 90 65 57 51
38 91 143 110 90
38 92 24 21 18
38 93 127 111 94
38 94 65 55 46
38 95 25 22 18
38 96 83 64 54
38 97 8 6 5
38 98 85 69 58
38 99 50 39 35
39 40 76 65 52
39 41 123 106 84
39 42 7 6 4
39 43 75 67 53
39 44 71 63 50
39 45 149 134 108
39 46 50 41 33
39 47 69 56 46
39 48 81 65 56
39 49 75 67 56
39 50 78 60 46
39 51 106 88 79
39 52 71 62 50
39 53 92 81 66
39 54 48 43 37
39 55 87 67 54
39 56 125 106 89
39 57 69 61 52
39 58 60 48 41
39 59 49 42 34
39 60 45 35 29
39 61 135 105 92
39 62 163 136 109
39 63 129 101 78
39 64 76 62 54
39 65 140 110 93
39 66 78 64 57
39 67 111 88 79
39 68 80 66 57
39 69 85 67 54
39 70 108 92 77
39 71 133 103 80
39 72 63 49 41
39 73 117 101 78
39 74 29 26 20
39 75 144 129 108
39 76 70 55 45
39 77 68 56 45
39 78 62 54 48
39 79 47 38 29
39 80 74 67 56
39 81 69 54 44
39 82 61 50 43
39 83 61 49 40
39 84 127 100 82
39 85 79 63 48
39 86 36 30 24
39 87 30 24 20
39 88 82 71 62
39 89 160 125 101
39 90 135 116 102
39 91 42 36 32
39 92 119 106 82
39 93 59 47 37
39 94 71 60 52
39 95 91 74 65
39 96 56 50 43
39 97 111 97 80
39 98 69 57 51
39 99 77 59 53
40 41 49 40 33
40 42 70 59 49
40 43 30 26 21
40 44 82 64 51
40 45 87 69 57
40 46 46 37 29
40 47 35 28 24
40 48 8 6 5
40 49 34 28 24
40 50 117 95 79
40 51 51 45 40
40 52 42 36 28
40 53 74 60 46
40 54 37 30 25
40 55 30 23 18
40 56 133 104 81
40 57 98 78 60
40 58 39 34 28
40 59 42 36 28
40 60 88 71 60
40 61 61 54 47
40 62 137 115 92
40 63 48 38 30
40 64 102 87 67
40 65 84 72 64
40 66 92 81 62
40 67 99 83 66
40 68 18 14 11
40 69 68 56 46
40 70 101 90 77
40 71 65 56 50
40 72 114 88 76
40 73 61 48 43
40 74 48 37 33
40 75 133 114 92
40 76 100 80 65
40 77 93 82 64
40 78 17 13 10
40 79 103 92 71
40 80 8 6 4
40 81 81 64 56
40 82 57 48 38
40 83 66 57 46
40 84 103 87 76
40 85 57 50 39
40 86 79 66 57
40 87 97 75 61
40 88 19 16 13
40 89 109 88 75
40 90 87 67 52
40 91 62 53 43
40 92 62 54 42
40 93 68 58 45
40 94 12 10 8
40 95 63 53 44
40 96 95 74 59
40 97 76 59 49
40 98 105 89 68
40 99 62 55 48
41 42 109 93 80
41 43 57 49 37
41 44 100 77 68
41 45 39 31 25
41 46 91 76 60
41 47 80 65 51
41 48 38 34 30
41 49 51 46 36
41 50 153 130 103
41 51 44 39 30
41 52 63 49 44
41 53 76 60 52
41 54 72 59 51
41 55 48 39 34
41 56 128 105 84
41 57 114 98 77
41 58 85 69 57
41 59 94 76 59
41 60 114 95 86
41 61 32 27 24
41 62 133 113 88
41 63 18 14 11
41 64 119 106 85
41 65 89 72 55
41 66 126 99 77
41 67 104 91 70
41 68 35 31 27
41 69 81 73 60
41 70 122 108 86
41 71 67 57 45
41 72 135 121 101
41 73 46 41 36
41 74 88 79 64
41 75 116 98 87
41 76 137 113 87
41 77 121 104 85
41 78 46 41 37
41 79 156 120 99
41 80 43 37 30
41 81 118 91 77
41 82 86 67 58
41 83 101 81 68
41 84 109 98 81
41 85 95 75 66
41 86 127 103 84
41 87 148 116 90
41 88 34 26 22
41 89 96 78 65
41 90 29 23 20
41 91 96 86 74
41 92 42 37 30
41 93 126 97 75
41 94 47 41 32
41 95 71 60 50
41 96 127 101 79
41 97 64 50 43
41 98 117 100 88
41 99 81 70 63
42 43 71 63 50
42 44 71 56 48
42 45 152 118 105
42 46 46 36 31
42 47 61 51 43
42 48 75 62 53
42 49 76 64 53
42 50 64 57 47
42 51 108 93 76
42 52 68 57 47
42 53 83 71 63
42 54 46 41 33
42 55 75 58 51
42 56 117 105 88
42 57 78 63 50
42 58 53 47 38
42 59 47 42 32
42 60 43 36 29
42 61 137 113 89
42 62 160 128 107
42 63 105 84 75
42 64 81 68 53
42 65 129 108 90
42 66 81 66 56
42 67 117 94 77
42 68 76 67 54
42 69 80 66 52
42 70 110 85 75
42 71 113 90 78
42 72 60 48 41
42 73 105 93 75
42 74 26 21 17
42 75 165 128 106
42 76 61 49 44
42 77 60 50 44
42 78 64 50 44
42 79 42 36 30
42 80 75 61 53
42 81 62 50 43
42 82 55 49 40
42 83 49 43 38
42 84 111 89 80
42 85 70 57 47
42 86 36 28 23
42 87 34 26 21
42 88 92 73 59
42 89 134 119 98
42 90 138 120 99
42 91 46 37 31
42 92 105 90 79
42 93 59 46 36
42 94 71 62 49
42 95 95 74 63
42 96 67 54 42
42 97 127 99 77
42 98 81 63 50
42 99 78 61 51
43 44 47 38 33
43 45 89 74 60
43 46 61 49 42
43 47 62 51 42
43 48 38 31 24
43 49 7 5 4
43 50 108 86 67
43 51 41 33 26
43 52 13 11 8
43 53 33 29 25
43 54 25 22 17
43 55 7 5 4
43 56 82 73 60
43 57 61 51 42
43 58 60 50 45
43 59 62 49 42
43 60 78 61 51
43 61 57 46 39
43 62 119 92 72
43 63 43 33 28
43 64 73 56 50
43 65 68 58 46
43 66 62 55 43
43 67 65 57 45
43 68 20 17 14
43 69 43 33 26
43 70 82 63 56
43 71 43 37 32
43 72 89 80 65
43 73 40 31 26
43 74 51 43 36
43 75 110 88 72
43 76 77 64 51
43 77 72 61 49
43 78 20 18 14
43 79 86 76 63
43 80 33 26 23
43 81 61 48 41
43 82 36 29 22
43 83 51 39 31
43 84 88 68 55
43 85 89 69 58
43 86 78 60 49
43 87 73 63 55
43 88 27 21 18
43 89 89 70 56
43 90 71 60 52
43 91 84 66 56
43 92 43 34 29
43 93 82 72 60
43 94 20 17 14
43 95 33 27 23
43 96 70 54 43
43 97 48 41 31
43 98 85 66 52
43 99 41 34 29
44 45 136 109 88
44 46 88 73 59
44 47 91 81 65
44 48 74 66 55
44 49 55 42 32
44 50 52 45 39
44 51 63 54 47
44 52 39 30 25
44 53 33 27 23
44 54 39 31 28
44 55 52 45 36
44 56 55 49 40
44 57 16 13 10
44 58 103 79 65
44 59 77 67 60
44 60 47 36 30
44 61 83 71 62
44 62 87 72 60
44 63 85 73 58
44 64 25 21 18
44 65 81 63 49
44 66 19 16 12
44 67 43 36 30
44 68 69 58 46
44 69 14 12 10
44 70 41 36 30
44 71 54 45 40
44 72 56 45 39
44 73 61 49 42
44 74 61 53 44
44 75 96 75 59
44 76 33 27 22
44 77 31 24 20
44 78 52 47 41
44 79 71 56 44
44 80 75 65 53
44 81 16 14 12
44 82 18 15 13
44 83 15 13 10
44 84 52 41 33
44 85 128 99 78
44 86 47 41 32
44 87 57 45 40
44 88 77 60 50
44 89 80 62 54
44 90 115 104 80
44 91 105 82 69
44 92 74 60 49
44 93 96 85 74
44 94 69 54 44
44 95 34 29 23
44 96 21 19 15
44 97 65 50 39
44 98 33 27 21
44 99 9 7 6
45 46 123 100 84
45 47 121 93 74
45 48 77 64 54
45 49 78 70 58
45 50 181 146 125
45 51 58 51 44
45 52 90 78 66
45 53 97 82 70
45 54 111 96 75
45 55 81 71 57
45 56 142 116 96
45 57 140 118 98
45 58 111 100 80
45 59 119 102 83
45 60 147 123 110
45 61 40 36 30
45 62 127 110 95
45 63 46 37 32
45 64 150 124 105
45 65 97 77 62
45 66 142 121 96
45 67 124 101 84
45 68 70 62 52
45 69 101 89 79
45 70 145 112 101
45 71 78 64 57
45 72 172 151 124
45 73 74 61 50
45 74 131 115 89
45 75 137 122 94
45 76 135 122 108
45 77 157 133 106
45 78 94 77 61
45 79 159 138 122
45 80 82 63 54
45 81 152 126 98
45 82 121 100 81
45 83 138 116 90
45 84 149 116 95
45 85 110 99 87
45 86 159 139 108
45 87 177 137 114
45 88 64 54 47
45 89 100 83 71
45 90 16 12 9
45 91 127 111 97
45 92 59 53 43
45 93 134 111 98
45 94 86 71 57
45 95 89 79 68
45 96 133 113 101
45 97 76 64 56
45 98 148 128 108
45 99 129 100 83
46 47 19 17 14
46 48 45 39 31
46 49 69 55 46
46 50 106 85 73
46 51 93 75 66
46 52 65 52 44
46 53 103 84 64
46 54 46 38 32
46 55 56 49 41
46 56 123 107 96
46 57 95 81 66
46 58 14 11 9
46 59 4 3 2
46 60 77 65 53
46 61 113 96 75
46 62 163 143 112
46 63 78 66 58
46 64 106 88 71
46 65 133 107 87
46 66 92 79 69
46 67 133 106 83
46 68 59 46 38
46 69 82 69 58
46 70 113 99 88
46 71 91 82 73
46 72 96 87 68
46 73 109 85 67
46 74 26 21 18
46 75 157 137 111
46 76 92 83 65
46 77 100 81 64
46 78 43 38 30
46 79 92 71 59
46 80 47 37 31
46 81 84 75 59
46 82 65 54 46
46 83 70 57 50
46 84 120 103 90
46 85 31 25 20
46 86 65 56 48
46 87 78 60 49
46 88 61 53 41
46 89 146 119 98
46 90 133 102 79
46 91 22 18 15
46 92 91 80 69
46 93 28 21 18
46 94 46 40 33
46 95 83 73 63
46 96 84 75 60
46 97 113 91 72
46 98 92 79 70
46 99 78 66 59
47 48 41 32 24
47 49 64 52 46
47 50 114 96 85
47 51 93 81 63
47 52 68 55 46
47 53 100 77 67
47 54 54 45 37
47 55 59 48 40
47 56 143 116 100
47 57 112 88 73
47 58 11 9 7
47 59 19 15 12
47 60 95 78 64
47 61 89 80 70
47 62 177 146 114
47 63 82 63 51
47 64 119 93 79
47 65 133 107 87
47 66 113 99 76
47 67 131 109 86
47 68 52 45 34
47 69 87 72 63
47 70 141 119 94
47 71 116 91 73
47 72 101 91 80
47 73 89 74 66
47 74 40 34 30
47 75 176 144 113
47 76 112 95 75
47 77 108 84 73
47 78 39 33 29
47 79 114 91 71
47 80 34 30 25
47 81 88 77 67
47 82 74 64 52
47 83 76 64 58
47 84 151 122 94
47 85 27 21 16
47 86 91 74 60
47 87 98 77 61
47 88 52 46 36
47 89 149 115 97
47 90 107 90 71
47 91 32 28 24
47 92 103 81 66
47 93 30 27 24
47 94 43 36 30
47 95 101 79 65
47 96 111 87 69
47 97 109 87 71
47 98 127 102 79
47 99 92 73 64
48 49 43 34 27
48 50 121 103 84
48 51 53 48 40
48 52 50 38 31
48 53 70 55 49
48 54 45 39 30
48 55 32 25 21
48 56 117 103 84
48 57 82 72 64
48 58 45 37 29
48 59 49 39 30
48 60 98 83 65
48 61 67 58 46
48 62 130 106 94
48 63 47 36 28
48 64 108 84 71
48 65 101 85 65
48 66 95 77 65
48 67 98 77 69
48 68 19 15 12
48 69 77 63 49
48 70 107 94 80
48 71 78 66 51
48 72 117 99 80
48 73 67 51 44
48 74 54 44 37
48 75 157 121 94
48 76 90 79 70
48 77 99 81 68
48 78 19 16 14
48 79 114 90 75
48 80 4 3 2
48 81 83 68 61
48 82 56 48 42
48 83 79 61 51
48 84 111 98 79
48 85 55 47 40
48 86 90 76 61
48 87 102 81 66
48 88 20 16 13
48 89 114 97 76
48 90 73 64 49
48 91 69 54 45
48 92 57 48 43
48 93 68 57 46
48 94 17 15 11
48 95 72 60 47
48 96 95 80 63
48 97 66 59 50
48 98 102 82 72
48 99 69 60 52
49 50 107 85 68
49 51 32 27 23
49 52 15 12 9
49 53 31 27 22
49 54 33 25 20
49 55 11 9 7
49 56 84 66 57
49 57 61 54 42
49 58 72 63 48
49 59 69 55 46
49 60 79 67 52
49 61 57 48 37
49 62 89 78 69
49 63 41 35 27
49 64 75 59 50
49 65 68 52 42
49 66 62 54 42
49 67 66 52 43
49 68 28 21 16
49 69 33 28 25
49 70 71 63 54
49 71 42 36 28
49 72 91 79 66
49 73 33 26 23
49 74 61 51 40
49 75 100 81 68
49 76 72 61 51
49 77 72 64 49
49 78 28 22 17
49 79 87 77 65
49 80 42 33 26
49 81 57 48 41
49 82 37 28 23
49 83 51 40 32
49 84 68 59 52
49 85 85 77 61
49 86 84 67 51
49 87 90 75 58
49 88 30 23 19
49 89 68 59 52
49 90 79 64 51
49 91 93 73 60
49 92 38 30 26
49 93 90 71 63
49 94 27 22 17
49 95 32 26 20
49 96 60 50 44
49 97 37 31 27
49 98 79 63 52
49 99 39 32 28
50 51 126 101 85
50 52 99 76 60
50 53 87 78 61
50 54 77 69 55
50 55 107 91 70
50 56 88 73 65
50 57 48 40 32
50 58 119 98 81
50 59 112 89 75
50 60 28 25 21
50 61 163 129 100
50 62 125 101 86
50 63 129 105 94
50 64 36 31 26
50 65 117 102 86
50 66 47 42 36
50 67 83 70 61
50 68 108 91 78
50 69 71 58 48
50 70 69 62 49
50 71 120 93 78
50 72 12 9 7
50 73 110 93 81
50 74 87 67 56
50 75 134 106 86
50 76 27 22 18
50 77 27 23 20
50 78 105 89 71
50 79 29 23 20
50 80 114 93 83
50 81 42 32 28
50 82 59 52 45
50 83 48 41 36
50 84 81 67 58
50 85 124 112 92
50 86 39 33 26
50 87 39 31 27
50 88 122 96 83
50 89 138 115 89
50 90 175 143 118
50 91 110 88 77
50 92 121 99 87
50 93 138 107 82
50 94 107 84 75
50 95 93 72 62
50 96 38 33 25
50 97 116 92 78
50 98 32 25 21
50 99 65 53 45
51 52 43 34 30
51 53 37 30 26
51 54 55 48 43
51 55 38 31 27
51 56 78 62 55
51 57 75 62 55
51 58 89 75 67
51 59 98 78 66
51 60 100 88 72
51 61 24 20 16
51 62 90 72 59
51 63 31 24 20
51 64 97 79 63
51 65 39 31 27
51 66 85 66 53
51 67 59 47 41
51 68 47 39 30
51 69 53 48 37
51 70 94 74 58
51 71 26 20 15
51 72 117 95 84
51 73 11 8 7
51 74 97 76 62
51 75 82 71 58
51 76 109 86 67
51 77 84 73 66
51 78 54 42 37
51 79 114 97 86
51 80 62 50 40
51 81 82 67 57
51 82 55 49 42
51 83 69 58 50
51 84 69 61 53
51 85 104 87 79
51 86 111 86 71
51 87 115 90 79
51 88 43 34 28
51 89 59 48 38
51 90 54 43 35
51 91 122 96 81
51 92 5 4 3
51 93 118 98 83
51 94 45 38 34
51 95 34 29 25
51 96 86 67 60
51 97 21 18 14
51 98 95 82 66
51 99 58 51 41
52 53 35 28 21
52 54 21 17 15
52 55 17 14 12
52 56 85 68 55
52 57 48 41 35
52 58 68 56 48
52 59 61 53 45
52 60 66 56 44
52 61 64 52 44
52 62 96 83 68
52 63 49 43 35
52 64 66 51 42
52 65 74 59 45
52 66 51 42 35
52 67 60 49 40
52 68 34 26 21
52 69 30 23 19
52 70 75 59 50
52 71 44 38 31
52 72 97 75 58
52 73 40 33 28
52 74 49 43 35
52 75 107 87 68
52 76 66 54 43
52 77 52 47 41
52 78 28 24 19
52 79 80 68 57
52 80 46 39 30
52 81 44 38 33
52 82 22 18 15
52 83 33 29 24
52 84 67 60 49
52 85 94 73 61
52 86 59 52 43
52 87 67 56 50
52 88 37 32 25
52 89 82 64 54
52 90 88 71 59
52 91 84 70 58
52 92 50 40 33
52 93 85 75 61
52 94 30 25 21
52 95 29 24 19
52 96 48 43 36
52 97 42 34 30
52 98 56 49 44
52 99 34 26 21
53 54 52 44 34
53 55 41 35 28
53 56 51 43 35
53 57 42 34 30
53 58 89 80 68
53 59 94 75 65
53 60 70 57 51
53 61 57 50 42
53 62 67 59 48
53 63 62 48 42
53 64 55 46 38
53 65 41 34 28
53 66 34 30 27
53 67 28 24 21
53 68 59 45 38
53 69 22 18 14
53 70 48 39 34
53 71 25 21 18
53 72 82 70 61
53 73 33 28 21
53 74 70 63 54
53 75 68 56 47
53 76 66 54 43
53 77 63 48 41
53 78 57 47 38
53 79 89 74 65
53 80 68 59 48
53 81 48 39 34
53 82 34 28 24
53 83 47 37 29
53 84 46 36 31
53 85 132 103 81
53 86 74 60 52
53 87 86 69 60
53 88 63 49 40
53 89 54 45 36
53 90 95 78 61
53 91 114 92 78
53 92 44 35 28
53 93 120 105 81
53 94 53 46 39
53 95 5 4 3
53 96 55 45 37
53 97 24 21 17
53 98 53 47 41
53 99 23 20 17
54 55 25 22 19
54 56 105 83 65
54 57 52 44 37
54 58 63 48 37
54 59 49 43 33
54 60 51 42 36
54 61 77 65 56
54 62 108 90 81
54 63 64 57 44
54 64 69 54 43
54 65 87 76 59
54 66 54 49 40
54 67 74 64 51
54 68 37 32 25
54 69 39 33 27
54 70 82 65 57
54 71 64 54 46
54 72 86 68 52
54 73 56 50 42
54 74 31 26 21
54 75 101 89 80
54 76 53 47 41
54 77 60 48 39
54 78 24 21 17
54 79 66 53 48
54 80 39 35 29
54 81 49 40 32
54 82 24 19 16
54 83 35 27 22
54 84 90 76 58
54 85 73 56 50
54 86 48 41 34
54 87 55 48 39
54 88 47 39 30
54 89 110 89 68
54 90 100 78 68
54 91 65 54 45
54 92 65 52 46
54 93 71 56 49
54 94 29 25 21
54 95 43 38 32
54 96 52 41 34
54 97 74 57 45
54 98 69 56 44
54 99 38 33 28
55 56 88 70 63
55 57 64 53 46
55 58 62 49 43
55 59 59 52 41
55 60 69 60 53
55 61 55 46 38
55 62 108 84 75
55 63 41 34 26
55 64 70 61 53
55 65 70 55 48
55 66 69 55 46
55 67 75 61 49
55 68 16 12 10
55 69 49 38 30
55 70 96 77 60
55 71 44 38 34
55 72 86 75 67
55 73 38 31 27
55 74 47 42 36
55 75 108 86 74
55 76 81 67 54
55 77 76 68 52
55 78 16 14 11
55 79 91 74 65
55 80 30 23 20
55 81 59 51 44
55 82 33 28 25
55 83 45 39 34
55 84 79 65 58
55 85 74 66 55
55 86 83 66 51
55 87 81 66 57
55 88 24 19 14
55 89 88 68 58
55 90 69 59 50
55 91 79 62 55
55 92 42 35 29
55 93 87 71 58
55 94 18 14 11
55 95 38 30 26
55 96 72 55 47
55 97 46 36 32
55 98 78 63 55
55 99 51 40 32
56 57 65 51 39
56 58 140 113 101
56 59 162 126 97
56 60 90 79 66
56 61 111 86 67
56 62 29 25 22
56 63 109 95 73
56 64 55 47 41
56 65 54 47 36
56 66 48 37 33
56 67 22 19 15
56 68 91 82 72
56 69 64 49 39
56 70 20 18 16
56 71 51 46 40
56 72 91 76 68
56 73 77 64 49
56 74 115 96 83
56 75 36 28 22
56 76 79 65 51
56 77 71 62 50
56 78 109 92 73
56 79 110 87 78
56 80 124 104 83
56 81 70 59 47
56 82 66 58 51
56 83 67 57 50
56 84 13 10 8
56 85 161 129 115
56 86 99 89 69
56 87 116 99 77
56 88 116 92 74
56 89 46 37 32
56 90 129 103 88
56 91 157 138 108
56 92 79 66 55
56 93 152 129 113
56 94 108 93 74
56 95 63 48 37
56 96 67 57 48
56 97 58 51 41
56 98 64 55 45
56 99 55 45 39
57 58 96 83 72
57 59 95 83 67
57 60 43 34 27
57 61 109 88 71
57 62 80 70 60
57 63 87 79 67
57 64 11 9 8
57 65 90 69 55
57 66 11 8 6
57 67 54 42 32
57 68 89 68 55
57 69 27 22 19
57 70 34 30 26
57 71 64 54 47
57 72 50 43 33
57 73 71 60 51
57 74 72 60 49
57 75 95 75 59
57 76 22 18 14
57 77 22 17 13
57 78 77 64 51
57 79 58 49 40
57 80 95 74 63
57 81 11 9 8
57 82 32 25 22
57 83 26 21 16
57 84 43 37 31
57 85 127 108 85
57 86 47 39 31
57 87 51 46 38
57 88 82 73 60
57 89 94 73 59
57 90 119 99 89
57 91 112 88 75
57 92 84 74 58
57 93 108 94 80
57 94 70 60 54
57 95 47 42 32
57 96 17 13 10
57 97 69 56 47
57 98 16 13 11
57 99 22 17 15
58 59 13 10 7
58 60 91 74 61
58 61 111 95 74
58 62 163 143 116
58 63 81 73 56
58 64 110 99 78
58 65 142 109 90
58 66 107 86 76
58 67 137 113 87
58 68 54 46 38
58 69 83 74 63
58 70 138 112 94
58 71 101 91 76
58 72 121 93 76
58 73 107 88 69
58 74 33 29 26
58 75 177 136 115
58 76 105 90 72
58 77 100 85 71
58 78 47 39 32
58 79 92 75 67
58 80 40 34 29
58 81 92 74 66
58 82 73 59 52
58 83 86 71 57
58 84 150 119 95
58 85 21 18 14
58 86 93 72 56
58 87 77 69 57
58 88 67 51 40
58 89 147 122 100
58 90 104 87 77
58 91 24 20 17
58 92 91 79 70
58 93 32 24 18
58 94 50 38 33
58 95 89 77 67
58 96 107 87 67
58 97 97 87 75
58 98 108 90 77
58 99 86 77 64
59 60 78 66 55
59 61 101 88 75
59 62 161 142 112
59 63 95 74 57
59 64 109 92 72
59 65 127 102 88
59 66 98 87 70
59 67 122 97 84
59 68 52 46 38
59 69 87 72 59
59 70 122 105 89
59 71 106 93 74
59 72 105 83 70
59 73 87 78 68
59 74 28 24 20
59 75 149 128 112
59 76 96 81 66
59 77 94 75 65
59 78 45 36 30
59 79 84 72 60
59 80 45 39 30
59 81 89 72 60
59 82 68 59 47
59 83 79 62 52
59 84 125 111 91
59 85 29 23 19
59 86 65 58 50
59 87 70 57 51
59 88 64 51 41
59 89 154 124 98
59 90 131 103 79
59 91 23 18 15
59 92 99 80 69
59 93 26 22 18
59 94 48 37 33
59 95 104 82 63
59 96 79 71 61
59 97 106 92 73
59 98 114 91 71
59 99 88 75 60
60 61 136 104 87
60 62 129 109 87
60 63 107 88 78
60 64 44 35 27
60 65 124 98 78
60 66 56 43 33
60 67 77 69 58
60 68 80 72 60
60 69 59 50 38
60 70 76 60 52
60 71 103 86 68
60 72 25 20 16
60 73 107 85 69
60 74 52 45 36
60 75 130 105 86
60 76 26 20 17
60 77 23 20 17
60 78 67 59 52
60 79 21 17 14
60 80 86 73 64
60 81 33 26 20
60 82 44 37 31
60 83 35 28 23
60 84 90 72 58
60 85 110 93 72
60 86 9 8 6
60 87 18 15 12
60 88 89 74 65
60 89 117 100 84
60 90 134 114 102
60 91 75 67 58
60 92 108 93 75
60 93 90 76 63
60 94 81 73 56
60 95 73 57 51
60 96 30 23 18
60 97 104 85 68
60 98 36 29 24
60 99 49 41 35
61 62 100 79 67
61 63 29 22 19
61 64 112 100 79
61 65 41 37 33
61 66 100 77 68
61 67 82 64 54
61 68 54 47 38
61 69 74 64 53
61 70 112 94 72
61 71 38 34 28
61 72 159 126 100
61 73 30 24 21
61 74 111 95 74
61 75 97 76 66
61 76 134 103 83
61 77 113 101 81
61 78 72 57 47
61 79 137 115 101
61 80 69 60 46
61 81 96 81 73
61 82 76 64 57
61 83 93 82 66
61 84 96 80 66
61 85 124 109 85
61 86 134 105 86
61 87 126 108 93
61 88 56 45 35
61 89 65 50 43
61 90 35 27 22
61 91 131 105 90
61 92 21 17 14
61 93 140 110 92
61 94 61 53 43
61 95 66 51 40
61 96 111 97 76
61 97 41 32 27
61 98 103 92 82
61 99 76 66 57
62 63 117 92 78
62 64 100 77 62
62 65 46 41 34
62 66 76 66 54
62 67 41 36 30
62 68 119 107 83
62 69 82 71 56
62 70 63 49 38
62 71 63 51 44
62 72 128 113 90
62 73 82 68 54
62 74 155 127 100
62 75 3 2 1
62 76 96 85 72
62 77 105 84 71
62 78 120 100 85
62 79 138 115 99
62 80 140 119 93
62 81 87 77 67
62 82 112 87 68
62 83 111 88 69
62 84 44 37 29
62 85 193 150 129
62 86 125 103 90
62 87 134 114 98
62 88 115 93 84
62 89 36 28 24
62 90 132 109 87
62 91 158 140 125
62 92 89 69 58
62 93 186 167 129
62 94 139 108 85
62 95 72 56 50
62 96 97 81 69
62 97 61 51 46
62 98 99 82 66
62 99 87 69 56
63 64 113 89 75
63 65 70 56 45
63 66 109 86 66
63 67 85 67 59
63 68 32 25 21
63 69 66 56 49
63 70 113 96 75
63 71 54 43 35
63 72 140 113 92
63 73 39 32 25
63 74 87 76 59
63 75 119 96 78
63 76 99 89 77
63 77 111 89 75
63 78 47 38 31
63 79 144 118 91
63 80 38 32 28
63 81 101 80 67
63 82 79 61 49
63 83 78 68 58
63 84 111 86 70
63 85 102 80 67
63 86 98 86 76
63 87 119 104 83
63 88 29 22 17
63 89 85 70 56
63 90 39 31 25
63 91 108 91 72
63 92 32 28 21
63 93 104 87 74
63 94 40 33 27
63 95 57 44 39
63 96 96 87 70
63 97 50 41 33
63 98 117 93 78
63 99 71 63 53
64 65 91 76 61
64 66 16 13 11
64 67 57 44 36
64 68 94 75 63
64 69 39 34 27
64 70 36 32 26
64 71 91 70 54
64 72 38 32 28
64 73 87 75 58
64 74 83 67 54
64 75 96 80 62
64 76 16 14 11
64 77 14 12 10
64 78 88 69 58
64 79 54 46 37
64 80 103 91 70
64 81 18 14 12
64 82 42 38 29
64 83 32 28 22
64 84 55 44 34
64 85 122 109 90
64 86 50 40 31
64 87 54 46 38
64 88 96 78 67
64 89 96 74 64
64 90 153 120 97
64 91 114 90 79
64 92 97 83 65
64 93 124 96 84
64 94 91 73 61
64 95 63 51 39
64 96 16 13 11
64 97 75 60 54
64 98 8 6 5
64 99 34 28 23
65 66 73 56 50
65 67 40 35 27
65 68 78 60 54
65 69 62 49 41
65 70 61 53 46
65 71 23 19 15
65 72 134 105 87
65 73 32 27 22
65 74 121 102 80
65 75 47 39 33
65 76 93 83 68
65 77 91 77 67
65 78 76 66 59
65 79 134 111 92
65 80 94 79 64
65 81 89 71 60
65 82 72 59 51
65 83 83 65 57
65 84 55 45 37
65 85 147 132 102
65 86 109 98 79
65 87 114 101 88
65 88 75 65 53
65 89 17 15 12
65 90 81 64 54
65 91 158 122 102
65 92 39 32 25
65 93 154 127 105
65 94 93 71 57
65 95 42 36 28
65 96 97 80 63
65 97 27 21 16
65 98 103 85 65
65 99 58 50 44
66 67 36 30 26
66 68 85 69 56
66 69 27 21 18
66 70 33 25 20
66 71 59 52 43
66 72 52 45 38
66 73 74 57 48
66 74 79 65 54
66 75 74 63 53
66 76 32 25 20
66 77 27 23 18
66 78 77 67 52
66 79 65 52 46
66 80 89 72 64
66 81 21 18 14
66 82 39 33 25
66 83 28 25 20
66 84 37 32 26
66 85 134 113 89
66 86 55 43 37
66 87 58 51 44
66 88 88 69 60
66 89 80 68 53
66 90 117 103 87
66 91 110 96 80
66 92 74 64 55
66 93 124 101 84
66 94 81 64 55
66 95 43 38 29
66 96 26 21 16
66 97 69 56 44
66 98 23 18 15
66 99 21 18 14
67 68 90 73 58
67 69 33 29 26
67 70 27 22 19
67 71 41 34 27
67 72 81 72 63
67 73 49 43 35
67 74 101 82 70
67 75 45 38 30
67 76 69 59 45
67 77 67 57 44
67 78 86 67 58
67 79 103 79 71
67 80 90 81 68
67 81 63 49 38
67 82 51 44 38
67 83 61 50 39
67 84 17 14 12
67 85 151 116 101
67 86 98 77 61
67 87 87 78 69
67 88 81 70 60
67 89 43 35 28
67 90 104 84 75
67 91 144 123 95
67 92 61 48 42
67 93 153 122 100
67 94 96 75 59
67 95 32 27 23
67 96 58 52 41
67 97 43 34 28
67 98 61 47 40
67 99 36 32 27
68 69 59 49 40
68 70 105 82 70
68 71 61 48 40
68 72 116 93 75
68 73 47 36 32
68 74 48 43 38
68 75 126 99 82
68 76 94 81 63
68 77 91 75 61
68 78 16 12 10
68 79 93 80 72
68 80 15 13 11
68 81 81 67 53
68 82 50 40 34
68 83 59 48 43
68 84 92 83 68
68 85 67 59 50
68 86 83 65 58
68 87 95 75 63
68 88 9 7 6
68 89 81 73 65
68 90 73 57 45
68 91 74 63 52
68 92 43 37 32
68 93 81 66 55
68 94 11 8 6
68 95 50 44 36
68 96 81 72 56
68 97 52 46 39
68 98 85 73 65
68 99 72 55 42
69 70 45 40 32
69 71 50 39 31
69 72 63 55 48
69 73 52 40 33
69 74 69 58 45
69 75 79 63 55
69 76 42 36 31
69 77 44 35 29
69 78 58 47 37
69 79 71 61 52
69 80 78 62 48
69 81 28 25 21
69 82 20 17 13
69 83 25 21 16
69 84 46 38 32
69 85 109 86 77
69 86 61 51 39
69 87 60 53 47
69 88 66 52 43
69 89 71 57 48
69 90 104 84 71
69 91 109 90 70
69 92 58 47 40
69 93 109 89 75
69 94 50 44 39
69 95 23 18 14
69 96 35 27 24
69 97 45 40 31
69 98 45 37 30
69 99 7 5 4
70 71 75 57 45
70 72 67 60 53
70 73 70 63 52
70 74 95 85 73
70 75 60 48 37
70 76 52 46 36
70 77 48 43 35
70 78 97 79 68
70 79 104 80 63
70 80 123 96 79
70 81 48 39 33
70 82 58 47 42
70 83 59 47 39
70 84 15 13 10
70 85 147 122 107
70 86 81 63 56
70 87 81 73 63
70 88 102 89 73
70 89 69 58 45
70 90 139 115 93
70 91 136 113 99
70 92 86 72 59
70 93 152 129 103
70 94 94 82 70
70 95 50 44 36
70 96 54 44 35
70 97 69 58 46
70 98 41 35 30
70 99 44 35 30
71 72 101 88 78
71 73 16 13 10
71 74 104 84 66
71 75 58 50 44
71 76 86 72 60
71 77 89 74 58
71 78 61 54 44
71 79 114 92 82
71 80 74 62 50
71 81 72 65 51
71 82 56 47 39
71 83 68 60 46
71 84 50 43 38
71 85 141 109 88
71 86 110 86 69
71 87 116 99 76
71 88 64 49 40
71 89 41 32 25
71 90 63 56 49
71 91 128 104 88
71 92 26 20 16
71 93 138 109 91
71 94 61 54 43
71 95 27 21 17
71 96 83 70 54
71 97 4 3 2
71 98 84 68 58
71 99 48 43 34
72 73 113 95 80
72 74 79 61 51
72 75 128 105 89
72 76 28 22 19
72 77 33 25 21
72 78 90 80 68
72 79 25 19 14
72 80 116 90 79
72 81 36 31 28
72 82 62 55 44
72 83 51 45 35
72 84 84 72 61
72 85 133 106 86
72 86 34 28 21
72 87 29 24 21
72 88 122 97 80
72 89 133 113 91
72 90 158 141 116
72 91 101 89 72
72 92 145 113 87
72 93 114 88 77
72 94 110 88 72
72 95 92 74 62
72 96 34 29 25
72 97 118 93 78
72 98 37 31 24
72 99 59 53 45
73 74 89 70 62
73 75 83 65 53
73 76 93 80 63
73 77 96 76 61
73 78 51 45 38
73 79 107 95 82
73 80 69 54 43
73 81 76 63 53
73 82 62 49 39
73 83 67 53 47
73 84 71 61 47
73 85 129 100 81
73 86 100 79 69
73 87 103 92 76
73 88 47 38 32
73 89 50 40 33
73 90 60 47 41
73 91 116 100 82
73 92 13 11 8
73 93 124 105 85
73 94 48 43 36
73 95 30 24 20
73 96 80 67 56
73 97 13 11 8
73 98 94 74 62
73 99 54 44 37
74 75 126 113 100
74 76 76 59 47
74 77 65 55 46
74 78 41 36 29
74 79 56 47 42
74 80 53 42 36
74 81 66 55 42
74 82 51 41 33
74 83 54 44 34
74 84 109 92 76
74 85 49 42 37
74 86 40 35 31
74 87 49 42 32
74 88 68 55 43
74 89 123 99 89
74 90 114 100 83
74 91 39 34 26
74 92 106 84 65
74 93 47 37 31
74 94 45 39 33
74 95 90 69 53
74 96 68 54 43
74 97 96 79 65
74 98 80 69 53
74 99 66 52 45
75 76 117 93 72
75 77 94 79 71
75 78 121 95 85
75 79 153 125 98
75 80 134 103 93
75 81 110 85 67
75 82 95 79 68
75 83 92 77 69
75 84 46 38 29
75 85 207 160 128
75 86 112 99 89
75 87 139 116 97
75 88 126 102 83
75 89 34 30 24
75 90 118 103 86
75 91 193 162 124
75 92 82 74 58
75 93 166 143 128
75 94 105 95 85
75 95 71 56 49
75 96 116 90 69
75 97 63 52 45
75 98 104 84 66
75 99 90 69 56
76 77 4 3 2
76 78 82 67 56
76 79 40 32 27
76 80 111 86 69
76 81 16 13 11
76 82 38 33 29
76 83 30 24 20
76 84 62 49 43
76 85 126 97 84
76 86 36 29 22
76 87 39 35 28
76 88 97 80 67
76 89 101 89 72
76 90 148 118 100
76 91 97 87 72
76 92 112 90 70
76 93 96 86 77
76 94 90 74 60
76 95 60 49 44
76 96 13 10 8
76 97 78 68 60
76 98 10 8 7
76 99 42 33 27
77 78 69 62 55
77 79 41 32 28
77 80 101 87 67
77 81 14 11 9
77 82 40 31 27
77 83 26 22 18
77 84 66 55 42
77 85 116 100 83
77 86 34 27 22
77 87 43 36 28
77 88 84 74 66
77 89 103 88 71
77 90 162 128 99
77 91 101 91 71
77 92 91 78 68
77 93 101 91 76
77 94 92 74 58
77 95 59 51 42
77 96 8 7 6
77 97 82 67 58
77 98 11 9 7
77 99 39 32 25
78 79 95 73 63
78 80 22 17 13
78 81 67 55 47
78 82 48 37 29
78 83 57 44 37
78 84 90 79 67
78 85 60 50 44
78 86 62 56 49
78 87 79 70 54
78 88 22 19 15
78 89 113 88 69
78 90 88 70 55
78 91 62 52 45
78 92 52 46 39
78 93 68 54 47
78 94 7 6 5
78 95 51 44 36
78 96 72 61 49
78 97 62 51 43
78 98 90 70 59
78 99 53 47 39
79 80 108 90 74
79 81 46 39 33
79 82 64 57 44
79 83 47 41 36
79 84 102 82 70
79 85 108 88 76
79 86 23 20 15
79 87 17 13 10
79 88 114 100 77
79 89 145 112 97
79 90 189 148 115
79 91 97 78 60
79 92 120 98 88
79 93 89 76 65
79 94 102 87 68
79 95 103 82 65
79 96 45 35 31
79 97 133 105 81
79 98 48 39 34
79 99 61 55 49
80 81 86 66 59
80 82 62 51 41
80 83 83 65 50
80 84 109 98 78
80 85 61 47 40
80 86 82 71 60
80 87 98 76 65
80 88 18 14 12
80 89 104 85 75
80 90 76 61 49
80 91 65 58 45
80 92 57 48 42
80 93 76 60 47
80 94 14 12 10
80 95 68 59 46
80 96 89 77 62
80 97 76 59 49
80 98 102 86 71
80 99 74 60 51
81 82 29 22 19
81 83 14 12 10
81 84 56 47 39
81 85 114 101 78
81 86 37 30 23
81 87 50 41 31
81 88 85 72 58
81 89 91 78 65
81 90 130 108 90
81 91 100 89 68
81 92 96 76 59
81 93 109 85 73
81 94 75 58 51
81 95 54 43 34
81 96 8 6 4
81 97 75 61 51
81 98 22 17 13
81 99 26 21 17
82 83 16 13 10
82 84 69 55 44
82 85 92 78 65
82 86 45 38 30
82 87 51 43 38
82 88 58 48 39
82 89 85 69 59
82 90 105 83 73
82 91 78 69 58
82 92 63 54 45
82 93 98 80 62
82 94 48 42 32
82 95 39 30 23
82 96 34 28 22
82 97 55 47 39
82 98 45 39 31
82 99 22 17 13
83 84 57 48 43
83 85 99 80 70
83 86 31 26 23
83 87 43 37 31
83 88 68 61 48
83 89 104 82 63
83 90 125 106 82
83 91 90 76 60
83 92 69 61 53
83 93 92 75 65
83 94 57 50 41
83 95 42 35 29
83 96 19 16 13
83 97 61 52 46
83 98 31 27 22
83 99 22 18 14
84 85 153 122 108
84 86 95 80 62
84 87 116 89 69
84 88 97 83 70
84 89 46 40 35
84 90 124 102 87
84 91 161 131 101
84 92 74 62 53
84 93 166 138 106
84 94 96 85 68
84 95 49 41 33
84 96 60 48 41
84 97 58 50 39
84 98 52 45 38
84 99 49 39 32
85 86 106 85 67
85 87 93 83 67
85 88 88 68 52
85 89 172 139 113
85 90 125 103 85
85 91 24 21 18
85 92 114 91 81
85 93 23 18 15
85 94 59 52 46
85 95 104 92 80
85 96 109 95 79
85 97 130 113 87
85 98 126 101 89
85 99 114 91 77
86 87 12 10 9
86 88 93 82 63
86 89 138 109 86
86 90 148 116 101
86 91 74 60 53
86 92 108 83 74
86 93 81 69 58
86 94 73 61 53
86 95 66 59 52
86 96 29 25 22
86 97 93 84 68
86 98 45 36 28
86 99 58 46 36
87 88 85 77 68
87 89 120 104 94
87 90 139 120 107
87 91 69 58 51
87 92 108 92 82
87 93 78 64 56
87 94 77 66 59
87 95 94 74 60
87 96 37 33 29
87 97 95 85 76
87 98 50 39 35
87 99 62 53 44
88 89 98 78 64
88 90 58 47 41
88 91 84 68 56
88 92 47 37 30
88 93 90 73 58
88 94 17 14 11
88 95 58 49 38
88 96 93 75 60
88 97 60 48 39
88 98 94 83 69
88 99 59 53 46
89 90 83 70 63
89 91 161 134 111
89 92 51 44 36
89 93 159 144 115
89 94 111 85 68
89 95 52 43 37
89 96 86 77 67
89 97 36 31 26
89 98 109 85 68
89 99 65 57 50
90 91 136 105 93
90 92 49 39 34
90 93 130 113 94
90 94 78 65 51
90 95 92 72 59
90 96 139 116 93
90 97 74 59 48
90 98 135 115 100
90 99 97 87 75
91 92 132 102 83
91 93 9 7 5
91 94 68 54 47
91 95 115 93 76
91 96 110 85 68
91 97 128 107 86
91 98 124 101 78
91 99 91 78 70
92 93 121 102 86
92 94 50 44 37
92 95 42 33 27
92 96 81 72 63
92 97 22 17 14
92 98 96 83 68
92 99 64 54 43
93 94 63 56 50
93 95 123 95 80
93 96 110 90 73
93 97 138 107 90
93 98 123 107 83
93 99 98 84 75
94 95 59 46 37
94 96 83 68 53
94 97 58 49 42
94 98 91 72 62
94 99 59 51 41
95 96 58 45 37
95 97 24 20 17
95 98 63 54 43
95 99 24 21 18
96 97 78 66 54
96 98 16 14 11
96 99 29 26 20
97 98 93 74 58
97 99 44 39 34
98 99 39 31 26
4
3
3
7
9
9
10
5
10
4
1
4
5
8
7
9
2
2
1
7
10
5
1
10
1
6
1
7
7
5
8
4
1
10
1
8
6
3
2
1
4
10
9
2
4
7
10
10
3
9
7
3
3
2
4
5
9
1
4
9
10
5
10
8
3
10
9
9
8
3
2
10
9
10
7
1
2
8
3
10
6
7
1
9
1
10
10
9
7
5
6
9
4
4
8
10
3
2
10
10
