100 4950
0 1 39 31 27
0 2 30 27 22
0 3 91 79 66
0 4 43 38 34
0 5 93 81 69
0 6 67 60 52
0 7 28 23 19
0 8 122 100 81
0 9 58 45 39
0 10 80 67 60
0 11 87 73 63
0 12 89 70 62
0 13 85 76 64
0 14 92 82 67
0 15 57 48 39
0 16 64 49 40
0 17 17 14 11
0 18 74 60 47
0 19 33 29 24
0 20 78 64 52
0 21 108 83 64
0 22 120 102 83
0 23 52 47 36
0 24 87 71 63
0 25 73 64 52
0 26 53 41 33
0 27 59 49 41
0 28 93 80 69
0 29 124 105 81
0 30 29 22 17
0 31 87 75 61
0 32 50 41 31
0 33 130 111 93
0 34 78 65 50
0 35 60 50 43
0 36 52 42 37
0 37 68 58 48
0 38 18 14 11
0 39 70 58 52
0 40 34 26 22
0 41 92 80 63
0 42 89 78 67
0 43 28 24 18
0 44 51 42 34
0 45 68 55 44
0 46 93 82 65
0 47 119 102 81
0 48 39 33 27
0 49 119 98 84
0 50 60 51 42
0 51 85 69 55
0 52 12 10 9
0 53 58 45 37
0 54 94 77 60
0 55 91 72 65
0 56 95 78 65
0 57 37 30 24
0 58 8 6 5
0 59 85 72 61
0 60 72 63 49
0 61 66 52 44
0 62 58 45 40
0 63 68 57 46
0 64 22 17 14
0 65 70 62 48
0 66 94 77 64
0 67 49 42 35
0 68 50 41 36
0 69 62 55 43
0 70 105 83 72
0 71 34 27 21
0 72 38 30 27
0 73 28 21 16
0 74 8 7 5
0 75 41 35 27
0 76 69 53 43
0 77 23 20 16
0 78 60 46 39
0 79 25 20 17
0 80 88 77 65
0 81 53 47 38
0 82 25 21 18
0 83 9 8 7
0 84 47 37 30
0 85 23 20 15
0 86 42 36 30
0 87 39 32 26
0 88 65 55 42
0 89 34 27 24
0 90 67 54 47
0 91 66 51 42
0 92 13 10 8
0 93 84 69 59
0 94 34 27 23
0 95 46 40 33
0 96 6 5 4
0 97 5 4 3
0 98 130 105 84
0 99 30 24 21
1 2 8 7 6
1 3 128 111 91
1 4 52 43 33
1 5 124 98 84
1 6 108 86 77
1 7 57 50 45
1 8 172 139 107
1 9 68 60 52
1 10 128 103 79
1 11 117 103 81
1 12 121 103 84
1 13 108 92 80
1 14 135 115 94
1 15 28 24 20
1 16 80 65 51
1 17 56 47 37
1 18 93 77 60
1 19 18 14 11
1 20 98 83 66
1 21 111 100 89
1 22 140 126 110
1 23 93 77 60
1 24 117 106 84
1 25 122 95 79
1 26 69 58 47
1 27 90 80 67
1 28 116 102 90
1 29 131 111 94
1 30 17 15 11
1 31 108 93 80
1 32 76 65 57
1 33 166 138 120
1 34 89 69 62
1 35 96 74 63
1 36 23 18 14
1 37 117 90 75
1 38 45 36 32
1 39 104 84 72
1 40 14 12 9
1 41 97 87 76
1 42 120 107 93
1 43 30 23 19
1 44 63 54 46
1 45 95 82 68
1 46 142 114 91
1 47 141 122 107
1 48 20 15 12
1 49 162 136 110
1 50 67 60 46
1 51 115 91 81
1 52 33 29 24
1 53 100 77 63
1 54 106 90 74
1 55 112 100 89
1 56 126 105 82
1 57 12 10 7
1 58 30 27 23
1 59 114 102 86
1 60 90 76 66
1 61 92 82 70
1 62 34 26 23
1 63 74 61 53
1 64 55 45 38
1 65 96 82 73
1 66 121 100 89
1 67 69 56 43
1 68 53 46 36
1 69 92 76 68
1 70 144 118 98
1 71 13 10 8
1 72 76 59 47
1 73 36 30 25
1 74 35 30 23
1 75 67 57 50
1 76 98 78 69
1 77 39 33 26
1 78 65 58 51
1 79 51 45 39
1 80 128 105 88
1 81 79 71 61
1 82 50 45 36
1 83 28 24 21
1 84 72 64 54
1 85 19 16 13
1 86 71 58 46
1 87 44 35 27
1 88 30 24 19
1 89 76 60 50
1 90 102 79 64
1 91 77 62 49
1 92 37 29 25
1 93 104 92 78
1 94 48 42 37
1 95 78 63 54
1 96 32 28 24
1 97 44 36 28
1 98 136 122 110
1 99 61 52 46
2 3 141 109 85
2 4 50 43 35
2 5 117 99 83
2 6 95 86 73
2 7 63 49 40
2 8 144 128 102
2 9 65 57 47
2 10 115 96 77
2 11 129 102 79
2 12 108 92 81
2 13 114 95 74
2 14 126 106 89
2 15 42 32 25
2 16 73 56 46
2 17 45 40 32
2 18 82 69 54
2 19 11 8 7
2 20 88 72 65
2 21 131 102 85
2 22 142 124 105
2 23 73 64 55
2 24 112 95 78
2 25 107 93 74
2 26 61 53 45
2 27 103 81 62
2 28 136 111 87
2 29 125 110 93
2 30 14 11 8
2 31 93 82 74
2 32 73 58 51
2 33 169 148 115
2 34 83 71 56
2 35 91 71 57
2 36 32 25 20
2 37 92 83 70
2 38 41 33 27
2 39 90 76 66
2 40 13 11 9
2 41 98 83 71
2 42 132 106 88
2 43 21 16 13
2 44 66 51 40
2 45 100 81 65
2 46 132 104 86
2 47 147 120 102
2 48 16 13 10
2 49 137 122 105
2 50 63 53 47
2 51 118 94 77
2 52 27 23 18
2 53 87 75 58
2 54 96 86 69
2 55 129 104 83
2 56 134 104 80
2 57 6 4 3
2 58 29 23 18
2 59 111 92 80
2 60 89 77 60
2 61 103 85 65
2 62 36 32 27
2 63 72 63 53
2 64 52 40 32
2 65 109 89 69
2 66 114 101 85
2 67 56 46 37
2 68 55 46 37
2 69 94 82 64
2 70 124 107 92
2 71 12 9 7
2 72 58 47 41
2 73 36 31 24
2 74 26 21 18
2 75 72 56 44
2 76 95 80 64
2 77 35 29 24
2 78 68 58 45
2 79 52 42 36
2 80 122 107 82
2 81 69 61 55
2 82 46 37 30
2 83 22 19 16
2 84 74 60 49
2 85 17 13 10
2 86 54 45 40
2 87 46 35 27
2 88 36 28 24
2 89 74 57 46
2 90 85 68 59
2 91 76 63 49
2 92 28 24 21
2 93 97 86 76
2 94 49 40 35
2 95 73 58 51
2 96 31 24 19
2 97 37 29 23
2 98 175 135 105
2 99 66 51 41
3 4 119 106 94
3 5 121 106 95
3 6 71 59 50
3 7 83 66 53
3 8 34 28 25
3 9 75 63 52
3 10 110 90 80
3 11 123 99 84
3 12 106 82 68
3 13 60 53 41
3 14 49 39 31
3 15 136 121 104
3 16 81 69 57
3 17 90 70 56
3 18 70 60 51
3 19 124 100 83
3 20 137 112 89
3 21 62 53 45
3 22 66 54 42
3 23 42 35 31
3 24 33 26 22
3 25 47 40 35
3 26 107 89 79
3 27 46 38 29
3 28 121 94 79
3 29 139 118 105
3 30 115 104 82
3 31 50 42 33
3 32 47 40 36
3 33 61 51 42
3 34 70 63 52
3 35 51 39 34
3 36 146 122 102
3 37 44 38 34
3 38 96 77 59
3 39 42 37 30
3 40 130 103 87
3 41 72 59 49
3 42 23 18 14
3 43 101 91 74
3 44 78 62 56
3 45 82 64 54
3 46 67 52 41
3 47 51 39 33
3 48 137 107 85
3 49 63 50 44
3 50 149 115 97
3 51 68 59 45
3 52 94 81 68
3 53 61 52 43
3 54 65 57 46
3 55 5 4 3
3 56 117 99 88
3 57 142 111 86
3 58 88 79 69
3 59 16 12 9
3 60 56 49 40
3 61 40 31 27
3 62 151 136 105
3 63 130 109 95
3 64 78 62 53
3 65 73 58 49
3 66 69 57 50
3 67 102 82 63
3 68 121 107 95
3 69 72 61 49
3 70 30 25 21
3 71 136 105 86
3 72 66 54 47
3 73 112 92 79
3 74 100 88 70
3 75 64 51 42
3 76 37 29 26
3 77 112 93 78
3 78 86 68 55
3 79 87 72 64
3 80 12 10 9
3 81 41 37 31
3 82 78 65 56
3 83 114 88 71
3 84 54 44 37
3 85 129 100 80
3 86 85 65 50
3 87 115 101 87
3 88 154 138 107
3 89 75 60 50
3 90 58 49 40
3 91 136 117 91
3 92 109 86 71
3 93 102 87 77
3 94 113 93 77
3 95 89 74 64
3 96 85 76 68
3 97 89 78 66
3 98 48 41 31
3 99 68 54 46
4 5 79 68 54
4 6 99 80 63
4 7 61 49 41
4 8 138 119 103
4 9 110 92 72
4 10 78 68 53
4 11 68 61 54
4 12 95 78 62
4 13 119 107 97
4 14 131 109 86
4 15 34 30 23
4 16 100 89 73
4 17 64 52 41
4 18 113 98 80
4 19 60 53 41
4 20 51 41 36
4 21 96 86 76
4 22 147 119 99
4 23 105 84 65
4 24 131 106 95
4 25 101 89 70
4 26 32 27 21
4 27 84 76 65
4 28 98 81 64
4 29 97 81 63
4 30 37 32 28
4 31 141 109 94
4 32 76 68 59
4 33 148 132 112
4 34 122 99 83
4 35 107 94 76
4 36 41 34 30
4 37 99 83 67
4 38 70 54 44
4 39 111 96 85
4 40 39 32 26
4 41 149 123 96
4 42 134 113 91
4 43 70 55 43
4 44 88 78 67
4 45 73 62 53
4 46 117 101 79
4 47 152 123 100
4 48 65 57 44
4 49 146 125 99
4 50 19 15 13
4 51 106 87 68
4 52 59 45 40
4 53 79 64 54
4 54 134 116 93
4 55 129 110 93
4 56 67 60 53
4 57 56 47 37
4 58 51 45 35
4 59 115 101 87
4 60 134 106 82
4 61 105 87 68
4 62 30 25 22
4 63 26 23 20
4 64 68 58 47
4 65 81 67 59
4 66 124 96 74
4 67 90 80 67
4 68 5 4 3
4 69 75 67 55
4 70 148 122 94
4 71 40 34 28
4 72 95 73 60
4 73 26 22 18
4 74 49 38 31
4 75 86 70 59
4 76 104 89 69
4 77 28 23 18
4 78 92 82 72
4 79 48 40 31
4 80 144 112 94
4 81 104 86 70
4 82 74 59 51
4 83 48 40 34
4 84 93 76 60
4 85 37 32 28
4 86 99 79 63
4 87 15 11 9
4 88 40 35 31
4 89 61 51 45
4 90 125 98 80
4 91 27 21 18
4 92 38 31 27
4 93 72 61 53
4 94 25 20 18
4 95 52 41 36
4 96 50 41 35
4 97 48 40 32
4 98 171 133 104
4 99 69 59 51
5 6 67 59 46
5 7 83 70 59
5 8 132 117 90
5 9 158 126 102
5 10 21 19 15
5 11 18 15 11
5 12 46 37 29
5 13 178 140 118
5 14 102 87 70
5 15 116 96 77
5 16 161 131 105
5 17 98 86 68
5 18 145 131 109
5 19 140 111 88
5 20 28 25 19
5 21 81 67 55
5 22 99 86 76
5 23 129 101 78
5 24 156 123 107
5 25 88 74 60
5 26 54 47 38
5 27 90 81 70
5 28 32 26 21
5 29 19 15 12
5 30 105 90 75
5 31 165 140 112
5 32 109 87 71
5 33 134 108 90
5 34 143 124 111
5 35 138 122 96
5 36 103 93 83
5 37 87 77 61
5 38 110 92 77
5 39 155 129 102
5 40 102 92 76
5 41 192 153 121
5 42 134 105 85
5 43 132 106 86
5 44 155 126 99
5 45 59 46 41
5 46 88 77 59
5 47 109 93 83
5 48 120 102 91
5 49 97 84 75
5 50 57 48 43
5 51 76 61 52
5 52 105 92 78
5 53 91 71 55
5 54 166 145 117
5 55 135 113 95
5 56 10 9 7
5 57 130 103 86
5 58 116 91 73
5 59 135 107 86
5 60 172 134 105
5 61 106 89 70
5 62 115 93 75
5 63 56 45 35
5 64 103 90 75
5 65 63 54 46
5 66 78 62 50
5 67 143 118 103
5 68 78 66 52
5 69 65 53 47
5 70 111 98 83
5 71 100 90 77
5 72 118 99 87
5 73 75 68 60
5 74 109 84 69
5 75 119 102 80
5 76 105 94 73
5 77 75 68 60
5 78 142 116 104
5 79 82 68 54
5 80 149 125 99
5 81 136 111 86
5 82 115 101 83
5 83 104 87 73
5 84 113 98 77
5 85 109 86 74
5 86 125 103 92
5 87 83 67 58
5 88 117 104 85
5 89 86 72 57
5 90 156 122 104
5 91 55 47 37
5 92 92 81 65
5 93 26 23 19
5 94 79 61 49
5 95 54 48 39
5 96 104 87 72
5 97 91 80 67
5 98 122 102 88
5 99 99 80 71
6 7 47 40 34
6 8 61 52 46
6 9 106 91 70
6 10 41 35 31
6 11 52 46 35
6 12 28 24 20
6 13 117 98 79
6 14 40 31 27
6 15 118 95 81
6 16 114 89 74
6 17 57 49 44
6 18 101 87 75
6 19 117 97 76
6 20 62 51 43
6 21 22 18 14
6 22 57 46 38
6 23 58 49 40
6 24 86 76 64
6 25 23 18 15
6 26 59 50 43
6 27 44 36 29
6 28 43 36 31
6 29 78 70 56
6 30 96 76 67
6 31 102 91 71
6 32 50 40 35
6 33 74 60 51
6 34 103 86 77
6 35 77 66 58
6 36 127 105 84
6 37 28 22 17
6 38 86 67 54
6 39 85 71 62
6 40 101 82 70
6 41 121 94 83
6 42 58 46 39
6 43 115 89 69
6 44 105 82 69
6 45 17 15 11
6 46 28 22 17
6 47 57 49 41
6 48 107 90 79
6 49 57 48 37
6 50 86 70 60
6 51 12 9 7
6 52 84 72 60
6 53 26 20 18
6 54 113 98 79
6 55 76 62 51
6 56 61 47 39
6 57 112 96 76
6 58 82 67 57
6 59 61 47 41
6 60 92 76 68
6 61 40 33 28
6 62 104 90 81
6 63 91 72 55
6 64 68 57 49
6 65 7 6 5
6 66 19 14 12
6 67 102 88 75
6 68 80 71 63
6 69 17 13 10
6 70 65 51 39
6 71 102 88 70
6 72 74 64 56
6 73 71 62 55
6 74 83 69 55
6 75 61 52 47
6 76 51 40 31
6 77 85 68 54
6 78 114 94 73
6 79 55 45 38
6 80 71 64 55
6 81 67 56 48
6 82 74 66 58
6 83 79 67 58
6 84 66 55 42
6 85 104 83 65
6 86 88 75 61
6 87 83 71 60
6 88 138 108 88
6 89 43 37 29
6 90 84 76 67
6 91 75 65 53
6 92 69 59 53
6 93 38 33 28
6 94 70 57 46
6 95 40 32 27
6 96 83 64 56
6 97 71 58 51
6 98 70 56 45
6 99 64 50 41
7 8 98 79 64
7 9 57 50 44
7 10 71 58 48
7 11 73 58 51
7 12 65 54 46
7 13 96 75 62
7 14 72 59 50
7 15 82 66 54
7 16 64 55 47
7 17 18 14 11
7 18 70 62 50
7 19 61 50 42
7 20 59 52 45
7 21 65 58 45
7 22 91 78 65
7 23 33 28 25
7 24 76 64 56
7 25 50 44 34
7 26 45 36 30
7 27 35 31 25
7 28 74 64 55
7 29 107 90 70
7 30 50 41 35
7 31 78 69 57
7 32 29 23 18
7 33 110 91 76
7 34 87 67 53
7 35 55 49 40
7 36 81 65 54
7 37 44 35 30
7 38 31 25 21
7 39 72 58 47
7 40 64 51 39
7 41 99 79 63
7 42 73 59 51
7 43 51 45 36
7 44 60 52 41
7 45 40 33 27
7 46 73 58 46
7 47 100 77 64
7 48 66 54 45
7 49 100 85 65
7 50 73 56 45
7 51 53 42 37
7 52 39 32 26
7 53 30 23 18
7 54 82 68 60
7 55 80 64 52
7 56 89 70 54
7 57 62 55 43
7 58 38 29 24
7 59 76 60 46
7 60 72 57 48
7 61 42 34 28
7 62 86 67 54
7 63 73 56 45
7 64 26 21 17
7 65 45 37 30
7 66 65 50 45
7 67 64 53 45
7 68 54 47 42
7 69 36 31 24
7 70 81 64 55
7 71 55 44 38
7 72 44 34 28
7 73 39 33 27
7 74 32 27 23
7 75 30 26 23
7 76 38 32 28
7 77 43 33 26
7 78 61 53 45
7 79 16 13 11
7 80 74 65 54
7 81 44 38 31
7 82 38 30 26
7 83 35 29 25
7 84 33 27 21
7 85 48 41 32
7 86 49 44 34
7 87 54 45 35
7 88 74 64 58
7 89 10 8 6
7 90 74 58 46
7 91 54 46 41
7 92 34 26 21
7 93 66 58 45
7 94 39 32 24
7 95 27 24 20
7 96 33 27 22
7 97 26 22 18
7 98 104 87 67
7 99 21 16 13
8 9 104 87 75
8 10 99 86 76
8 11 127 103 79
8 12 93 75 62
8 13 99 82 66
8 14 28 24 20
8 15 148 131 118
8 16 105 95 80
8 17 102 87 70
8 18 102 87 75
8 19 141 123 102
8 20 137 114 89
8 21 46 41 36
8 22 33 27 21
8 23 71 57 49
8 24 68 53 47
8 25 55 44 34
8 26 113 95 85
8 27 64 52 41
8 28 95 82 71
8 29 134 111 99
8 30 132 111 97
8 31 97 75 58
8 32 78 62 51
8 33 28 21 18
8 34 117 97 76
8 35 85 73 57
8 36 178 152 117
8 37 60 47 36
8 38 123 98 76
8 39 72 62 55
8 40 162 126 102
8 41 101 91 73
8 42 22 18 15
8 43 122 106 93
8 44 111 94 78
8 45 76 64 55
8 46 49 40 31
8 47 17 13 10
8 48 149 116 104
8 49 30 26 23
8 50 162 129 103
8 51 59 49 40
8 52 126 106 85
8 53 65 56 49
8 54 89 80 71
8 55 48 37 28
8 56 116 98 83
8 57 151 120 103
8 58 116 102 85
8 59 40 31 24
8 60 88 73 65
8 61 53 43 37
8 62 162 139 118
8 63 143 117 100
8 64 102 85 70
8 65 72 60 48
8 66 62 52 40
8 67 141 109 86
8 68 156 128 104
8 69 81 65 51
8 70 15 12 10
8 71 127 115 101
8 72 97 83 67
8 73 115 104 90
8 74 117 94 85
8 75 86 72 61
8 76 61 47 38
8 77 129 112 90
8 78 118 103 79
8 79 111 90 74
8 80 52 40 34
8 81 80 64 52
8 82 108 85 75
8 83 124 101 87
8 84 81 69 55
8 85 129 110 95
8 86 116 94 72
8 87 144 118 98
8 88 175 151 122
8 89 76 67 60
8 90 96 78 64
8 91 155 126 97
8 92 142 109 85
8 93 104 87 72
8 94 120 102 85
8 95 106 87 69
8 96 122 94 83
8 97 123 98 81
8 98 10 8 6
8 99 85 75 61
9 10 128 102 90
9 11 124 110 94
9 12 137 109 86
9 13 44 37 29
9 14 101 80 71
9 15 102 82 71
9 16 9 7 5
9 17 49 40 36
9 18 14 11 8
9 19 64 55 42
9 20 131 110 88
9 21 108 93 76
9 22 121 100 87
9 23 52 40 32
9 24 56 46 37
9 25 94 76 61
9 26 96 83 70
9 27 65 55 44
9 28 122 107 96
9 29 166 134 114
9 30 72 60 48
9 31 45 38 30
9 32 52 41 35
9 33 136 114 92
9 34 17 15 11
9 35 30 23 19
9 36 97 85 66
9 37 87 72 57
9 38 45 38 29
9 39 37 30 24
9 40 81 69 53
9 41 34 30 25
9 42 85 76 61
9 43 50 44 34
9 44 11 8 7
9 45 101 80 66
9 46 100 87 74
9 47 122 94 80
9 48 62 48 42
9 49 140 113 88
9 50 118 94 81
9 51 110 90 70
9 52 47 38 33
9 53 85 69 53
9 54 30 26 23
9 55 68 61 49
9 56 126 107 97
9 57 64 53 46
9 58 53 43 38
9 59 76 65 52
9 60 23 19 15
9 61 73 60 47
9 62 110 90 73
9 63 120 107 84
9 64 43 33 29
9 65 93 84 66
9 66 123 100 78
9 67 22 17 13
9 68 98 87 74
9 69 97 78 62
9 70 95 82 68
9 71 78 60 51
9 72 23 20 16
9 73 94 72 55
9 74 55 48 42
9 75 35 29 23
9 76 66 53 44
9 77 77 63 54
9 78 6 5 4
9 79 73 61 50
9 80 67 59 46
9 81 39 33 25
9 82 29 25 21
9 83 60 46 39
9 84 44 34 29
9 85 76 61 47
9 86 16 13 11
9 87 84 73 64
9 88 93 82 70
9 89 69 57 46
9 90 20 17 14
9 91 103 91 80
9 92 62 55 46
9 93 123 106 88
9 94 89 77 61
9 95 105 81 63
9 96 57 49 38
9 97 64 53 41
9 98 123 103 80
9 99 45 39 32
10 11 8 6 4
10 12 27 21 16
10 13 139 125 105
10 14 77 65 56
10 15 109 89 75
10 16 125 104 94
10 17 95 73 57
10 18 150 121 97
10 19 132 101 82
10 20 29 24 19
10 21 65 50 41
10 22 94 77 63
10 23 94 76 65
10 24 145 112 93
10 25 78 60 46
10 26 48 43 33
10 27 74 63 56
10 28 20 16 12
10 29 34 30 26
10 30 91 80 69
10 31 139 111 98
10 32 76 67 58
10 33 107 95 77
10 34 155 126 99
10 35 132 106 83
10 36 116 100 80
10 37 66 56 47
10 38 102 79 67
10 39 134 106 89
10 40 99 88 71
10 41 151 124 108
10 42 103 89 70
10 43 106 90 78
10 44 125 105 88
10 45 43 35 27
10 46 62 53 45
10 47 94 83 69
10 48 113 101 85
10 49 99 77 62
10 50 70 57 44
10 51 54 44 37
10 52 96 84 69
10 53 60 50 41
10 54 142 119 104
10 55 127 103 81
10 56 12 10 8
10 57 120 99 80
10 58 91 76 65
10 59 106 86 72
10 60 140 119 93
10 61 83 68 56
10 62 106 92 74
10 63 56 43 37
10 64 91 73 64
10 65 45 37 32
10 66 52 45 37
10 67 136 105 92
10 68 65 57 51
10 69 50 42 33
10 70 100 79 69
10 71 107 93 71
10 72 111 94 75
10 73 87 71 54
10 74 98 79 61
10 75 92 77 68
10 76 84 74 59
10 77 80 61 54
10 78 147 119 92
10 79 61 49 44
10 80 140 111 85
10 81 109 91 73
10 82 116 90 73
10 83 87 78 65
10 84 95 73 64
10 85 109 84 67
10 86 103 91 80
10 87 80 67 54
10 88 114 99 83
10 89 72 57 45
10 90 136 114 91
10 91 54 45 37
10 92 81 69 57
10 93 7 5 4
10 94 62 55 43
10 95 45 35 28
10 96 96 75 64
10 97 84 75 58
10 98 108 91 74
10 99 86 71 59
11 12 31 25 19
11 13 161 140 109
11 14 90 76 60
11 15 110 87 76
11 16 136 118 97
11 17 93 77 60
11 18 161 124 100
11 19 119 98 84
11 20 27 23 19
11 21 70 54 44
11 22 95 82 66
11 23 104 85 68
11 24 140 113 96
11 25 75 59 50
11 26 54 42 35
11 27 80 70 60
11 28 19 16 13
11 29 38 29 22
11 30 98 85 71
11 31 167 131 102
11 32 84 72 62
11 33 109 96 80
11 34 140 118 103
11 35 111 98 87
11 36 118 101 82
11 37 86 66 51
11 38 101 87 70
11 39 137 117 93
11 40 112 94 73
11 41 173 138 111
11 42 116 92 74
11 43 108 95 81
11 44 139 107 91
11 45 41 35 31
11 46 68 57 49
11 47 105 92 72
11 48 109 98 87
11 49 95 76 65
11 50 66 53 44
11 51 59 50 41
11 52 96 86 72
11 53 74 59 45
11 54 139 121 108
11 55 129 107 85
11 56 9 7 5
11 57 118 93 82
11 58 88 78 68
11 59 120 95 76
11 60 132 112 96
11 61 87 75 60
11 62 117 90 75
11 63 55 42 37
11 64 112 86 67
11 65 48 42 36
11 66 55 48 40
11 67 150 123 95
11 68 80 66 52
11 69 57 44 36
11 70 96 83 73
11 71 114 93 73
11 72 130 100 79
11 73 87 71 56
11 74 98 81 64
11 75 97 83 72
11 76 98 81 63
11 77 77 62 56
11 78 154 125 96
11 79 68 57 47
11 80 135 110 89
11 81 120 93 77
11 82 124 98 76
11 83 106 85 68
11 84 94 78 68
11 85 93 81 70
11 86 125 109 84
11 87 90 71 56
11 88 111 100 84
11 89 68 55 48
11 90 139 118 95
11 91 53 46 37
11 92 93 74 60
11 93 14 11 8
11 94 61 55 45
11 95 44 37 32
11 96 83 74 66
11 97 98 79 61
11 98 117 94 77
11 99 100 81 63
12 13 136 115 97
12 14 71 55 42
12 15 121 95 84
12 16 130 111 90
12 17 81 70 56
12 18 140 115 92
12 19 116 104 85
12 20 56 43 33
12 21 39 33 26
12 22 68 60 48
12 23 84 71 58
12 24 116 100 83
12 25 46 38 34
12 26 55 48 41
12 27 62 55 47
12 28 19 14 12
12 29 55 43 38
12 30 99 88 74
12 31 129 107 90
12 32 71 58 52
12 33 81 69 62
12 34 149 117 94
12 35 103 87 76
12 36 133 114 88
12 37 48 41 36
12 38 100 85 66
12 39 129 100 81
12 40 108 94 76
12 41 141 121 101
12 42 85 69 57
12 43 129 104 80
12 44 131 103 85
12 45 29 25 20
12 46 46 39 31
12 47 74 62 54
12 48 118 106 88
12 49 73 56 47
12 50 79 67 55
12 51 36 29 24
12 52 101 85 70
12 53 49 42 34
12 54 143 120 97
12 55 102 87 70
12 56 34 29 23
12 57 122 101 84
12 58 84 74 67
12 59 91 72 60
12 60 139 109 86
12 61 77 59 46
12 62 107 94 82
12 63 71 56 49
12 64 83 71 62
12 65 33 25 22
12 66 30 26 22
12 67 137 110 90
12 68 83 68 61
12 69 38 31 25
12 70 85 67 55
12 71 124 97 76
12 72 92 83 71
12 73 79 71 59
12 74 95 79 64
12 75 102 80 64
12 76 79 63 50
12 77 86 69 59
12 78 126 110 89
12 79 71 59 46
12 80 103 90 74
12 81 101 84 66
12 82 113 89 71
12 83 100 82 68
12 84 82 71 59
12 85 117 91 72
12 86 96 86 77
12 87 84 75 62
12 88 128 109 91
12 89 62 49 42
12 90 134 104 85
12 91 65 55 48
12 92 93 74 60
12 93 19 16 13
12 94 71 58 49
12 95 48 39 30
12 96 106 83 65
12 97 87 72 60
12 98 96 77 60
12 99 77 67 56
13 14 100 86 69
13 15 133 115 99
13 16 48 39 31
13 17 92 75 58
13 18 35 27 22
13 19 97 79 70
13 20 161 138 106
13 21 103 91 80
13 22 114 91 82
13 23 62 49 41
13 24 29 26 20
13 25 89 77 66
13 26 117 105 91
13 27 69 59 51
13 28 156 129 108
13 29 190 169 130
13 30 109 85 75
13 31 14 11 9
13 32 71 55 47
13 33 130 107 83
13 34 28 23 20
13 35 36 29 23
13 36 129 109 94
13 37 82 69 62
13 38 82 69 54
13 39 24 21 17
13 40 119 100 80
13 41 14 11 9
13 42 71 63 54
13 43 97 77 62
13 44 46 39 35
13 45 121 100 78
13 46 103 91 77
13 47 104 85 73
13 48 111 90 70
13 49 129 109 84
13 50 137 117 105
13 51 101 90 76
13 52 86 67 60
13 53 93 82 64
13 54 12 9 8
13 55 52 44 38
13 56 148 129 112
13 57 98 82 74
13 58 91 81 64
13 59 61 54 45
13 60 25 19 15
13 61 81 67 52
13 62 141 113 100
13 63 151 120 107
13 64 77 60 51
13 65 110 88 76
13 66 115 100 83
13 67 57 48 40
13 68 136 112 99
13 69 111 89 73
13 70 89 72 61
13 71 110 91 79
13 72 55 43 37
13 73 107 92 80
13 74 89 76 68
13 75 57 49 40
13 76 70 54 48
13 77 106 92 79
13 78 47 37 31
13 79 116 90 72
13 80 47 40 33
13 81 44 39 32
13 82 75 59 47
13 83 107 84 65
13 84 66 52 42
13 85 105 86 74
13 86 52 40 35
13 87 123 108 89
13 88 157 128 98
13 89 91 71 62
13 90 26 21 17
13 91 153 131 102
13 92 101 83 71
13 93 146 117 102
13 94 116 101 84
13 95 105 92 81
13 96 99 77 63
13 97 107 84 66
13 98 111 88 72
13 99 70 59 50
14 15 151 131 102
14 16 115 94 76
14 17 78 64 57
14 18 118 92 73
14 19 137 107 90
14 20 99 77 69
14 21 26 20 16
14 22 26 21 17
14 23 59 51 40
14 24 73 58 51
14 25 25 21 16
14 26 99 82 67
14 27 44 34 29
14 28 77 61 52
14 29 107 94 79
14 30 122 108 83
14 31 77 69 61
14 32 52 47 40
14 33 40 31 27
14 34 109 87 75
14 35 70 63 55
14 36 129 114 103
14 37 31 26 20
14 38 84 75 65
14 39 80 68 55
14 40 119 100 88
14 41 111 95 76
14 42 26 22 18
14 43 110 99 81
14 44 121 94 73
14 45 52 43 35
14 46 19 15 12
14 47 24 19 15
14 48 130 110 92
14 49 27 23 18
14 50 114 99 84
14 51 30 23 20
14 52 107 85 73
14 53 48 37 33
14 54 108 86 72
14 55 47 38 33
14 56 94 81 64
14 57 121 102 91
14 58 114 91 72
14 59 33 28 25
14 60 97 83 64
14 61 39 30 26
14 62 154 129 102
14 63 127 101 81
14 64 86 75 59
14 65 45 35 28
14 66 33 27 21
14 67 124 95 80
14 68 142 112 86
14 69 50 39 32
14 70 22 18 14
14 71 120 98 87
14 72 80 68 60
14 73 111 92 75
14 74 112 88 71
14 75 80 68 52
14 76 44 37 28
14 77 109 87 74
14 78 116 96 74
14 79 94 74 58
14 80 57 46 39
14 81 67 60 46
14 82 96 75 66
14 83 106 89 73
14 84 69 58 46
14 85 108 92 81
14 86 101 82 65
14 87 110 99 82
14 88 157 140 107
14 89 67 53 45
14 90 102 82 63
14 91 115 92 78
14 92 106 87 70
14 93 82 67 53
14 94 96 83 68
14 95 73 65 51
14 96 97 79 70
14 97 96 75 67
14 98 28 23 20
14 99 70 58 50
15 16 98 86 70
15 17 78 60 49
15 18 103 90 79
15 19 41 36 31
15 20 86 66 59
15 21 137 123 95
15 22 182 149 117
15 23 109 85 74
15 24 139 113 100
15 25 133 107 86
15 26 57 50 43
15 27 112 96 78
15 28 134 107 87
15 29 119 95 85
15 30 38 32 24
15 31 138 118 97
15 32 102 89 69
15 33 173 144 128
15 34 118 97 81
15 35 119 92 80
15 36 13 11 9
15 37 116 104 83
15 38 78 61 47
15 39 123 103 89
15 40 28 22 19
15 41 150 123 95
15 42 162 135 104
15 43 63 49 38
15 44 101 84 65
15 45 97 87 72
15 46 141 126 97
15 47 174 142 116
15 48 44 37 32
15 49 150 136 117
15 50 49 41 34
15 51 133 107 86
15 52 67 52 40
15 53 99 81 70
15 54 146 116 93
15 55 137 117 103
15 56 109 93 76
15 57 42 35 27
15 58 52 46 37
15 59 164 126 98
15 60 128 109 84
15 61 134 103 81
15 62 5 4 3
15 63 68 52 42
15 64 74 58 52
15 65 114 95 77
15 66 127 105 93
15 67 86 75 62
15 68 42 33 25
15 69 102 83 73
15 70 170 132 108
15 71 36 28 21
15 72 83 70 63
15 73 41 32 28
15 74 49 38 34
15 75 99 80 65
15 76 134 105 81
15 77 43 35 28
15 78 103 85 70
15 79 57 50 45
15 80 152 128 103
15 81 116 91 76
15 82 79 63 53
15 83 57 45 35
15 84 96 78 68
15 85 37 30 25
15 86 82 72 64
15 87 33 26 22
15 88 15 12 9
15 89 85 71 58
15 90 116 100 82
15 91 61 47 40
15 92 49 43 33
15 93 109 85 75
15 94 53 43 36
15 95 85 69 56
15 96 56 49 38
15 97 57 49 38
15 98 156 134 120
15 99 90 71 59
16 17 61 47 38
16 18 13 11 9
16 19 61 50 41
16 20 135 112 90
16 21 114 90 80
16 22 129 115 91
16 23 51 46 36
16 24 63 51 41
16 25 87 77 66
16 26 102 83 72
16 27 76 60 49
16 28 140 114 100
16 29 151 136 117
16 30 62 55 48
16 31 43 38 33
16 32 61 52 40
16 33 144 121 96
16 34 17 14 11
16 35 35 30 23
16 36 106 84 65
16 37 88 78 61
16 38 48 39 30
16 39 43 35 28
16 40 81 62 52
16 41 44 34 26
16 42 91 75 66
16 43 47 41 33
16 44 12 9 7
16 45 92 79 70
16 46 126 98 79
16 47 128 110 84
16 48 64 52 41
16 49 127 110 93
16 50 102 92 82
16 51 99 88 74
16 52 46 39 34
16 53 75 65 57
16 54 37 28 24
16 55 79 64 54
16 56 157 121 100
16 57 74 57 45
16 58 63 50 39
16 59 84 72 56
16 60 28 24 19
16 61 77 66 51
16 62 108 94 72
16 63 127 101 86
16 64 44 38 31
16 65 101 79 70
16 66 115 95 83
16 67 16 13 10
16 68 102 90 75
16 69 104 85 66
16 70 105 89 72
16 71 76 64 51
16 72 26 22 19
16 73 91 71 56
16 74 65 52 43
16 75 44 35 27
16 76 73 63 48
16 77 91 72 56
16 78 4 3 2
16 79 68 61 53
16 80 72 56 50
16 81 44 36 30
16 82 36 28 23
16 83 59 50 40
16 84 47 41 33
16 85 70 61 47
16 86 22 18 14
16 87 96 74 65
16 88 98 79 69
16 89 65 57 49
16 90 30 23 18
16 91 129 104 81
16 92 66 58 47
16 93 139 119 91
16 94 87 78 63
16 95 93 77 66
16 96 56 47 39
16 97 57 51 43
16 98 123 105 85
16 99 47 40 35
17 18 68 54 43
17 19 45 40 33
17 20 79 64 52
17 21 86 66 55
17 22 104 86 73
17 23 32 28 25
17 24 71 62 54
17 25 54 48 42
17 26 55 45 35
17 27 44 36 30
17 28 97 76 65
17 29 118 99 79
17 30 34 30 27
17 31 75 60 54
17 32 28 23 20
17 33 118 100 83
17 34 70 54 46
17 35 59 47 36
17 36 75 58 48
17 37 56 48 38
17 38 14 12 10
17 39 59 50 44
17 40 46 40 32
17 41 75 64 57
17 42 87 68 57
17 43 43 34 26
17 44 47 37 32
17 45 53 43 37
17 46 77 67 55
17 47 100 86 71
17 48 53 46 36
17 49 106 93 74
17 50 63 53 48
17 51 74 60 47
17 52 23 19 16
17 53 40 32 27
17 54 72 63 54
17 55 79 71 54
17 56 84 72 63
17 57 49 40 34
17 58 21 18 15
17 59 80 64 50
17 60 56 49 43
17 61 47 39 34
17 62 78 62 50
17 63 74 58 50
17 64 14 11 8
17 65 52 45 40
17 66 77 69 55
17 67 56 45 36
17 68 55 48 43
17 69 49 41 35
17 70 99 78 61
17 71 41 37 31
17 72 30 26 21
17 73 37 28 24
17 74 22 18 15
17 75 30 23 18
17 76 46 37 33
17 77 34 30 24
17 78 50 42 37
17 79 23 18 15
17 80 89 72 55
17 81 46 35 29
17 82 25 21 16
17 83 26 21 17
17 84 29 23 20
17 85 39 32 25
17 86 42 32 26
17 87 52 42 34
17 88 84 67 52
17 89 24 18 15
17 90 60 53 41
17 91 67 59 45
17 92 26 21 16
17 93 82 70 55
17 94 36 31 26
17 95 38 33 29
17 96 19 15 13
17 97 18 14 11
17 98 113 95 73
17 99 17 13 11
18 19 68 56 49
18 20 137 121 95
18 21 115 93 80
18 22 127 99 88
18 23 55 45 36
18 24 49 43 34
18 25 101 83 65
18 26 115 91 77
18 27 65 58 48
18 28 141 127 102
18 29 167 146 120
18 30 80 67 56
18 31 39 31 25
18 32 54 47 40
18 33 130 116 92
18 34 5 4 3
18 35 27 24 19
18 36 101 82 73
18 37 95 77 61
18 38 60 48 37
18 39 35 27 22
18 40 78 69 60
18 41 24 21 17
18 42 92 76 62
18 43 58 47 41
18 44 22 17 14
18 45 115 91 72
18 46 109 97 78
18 47 123 99 81
18 48 66 56 49
18 49 126 109 90
18 50 116 100 89
18 51 111 88 74
18 52 69 54 41
18 53 98 75 58
18 54 25 20 16
18 55 68 54 48
18 56 154 131 103
18 57 73 65 53
18 58 72 60 46
18 59 71 62 52
18 60 21 16 12
18 61 73 60 50
18 62 116 93 80
18 63 144 113 92
18 64 49 40 36
18 65 102 92 71
18 66 119 101 82
18 67 25 21 18
18 68 122 106 82
18 69 105 82 68
18 70 86 77 68
18 71 90 73 59
18 72 33 26 23
18 73 97 79 63
18 74 75 58 50
18 75 45 34 29
18 76 74 57 47
18 77 92 75 62
18 78 15 12 9
18 79 88 68 58
18 80 66 58 44
18 81 46 36 28
18 82 39 34 29
18 83 68 53 47
18 84 47 37 33
18 85 91 70 55
18 86 27 21 18
18 87 91 81 72
18 88 112 99 78
18 89 85 65 52
18 90 18 15 12
18 91 138 112 87
18 92 88 71 54
18 93 125 112 94
18 94 109 87 68
18 95 98 79 70
18 96 65 54 46
18 97 63 56 49
18 98 121 97 81
18 99 61 48 38
19 20 113 90 70
19 21 127 101 87
19 22 150 133 106
19 23 77 60 54
19 24 110 86 75
19 25 115 97 75
19 26 70 62 51
19 27 89 70 62
19 28 130 112 91
19 29 127 113 99
19 30 21 18 14
19 31 99 78 70
19 32 69 60 51
19 33 165 140 115
19 34 74 62 51
19 35 77 66 54
19 36 41 31 25
19 37 98 82 71
19 38 39 32 26
19 39 91 74 63
19 40 24 21 16
19 41 103 79 66
19 42 119 96 87
19 43 15 12 10
19 44 52 45 36
19 45 94 76 68
19 46 137 115 88
19 47 160 133 103
19 48 7 5 4
19 49 164 133 106
19 50 82 66 53
19 51 117 91 79
19 52 27 22 18
19 53 87 74 60
19 54 95 74 64
19 55 111 94 82
19 56 125 104 85
19 57 7 6 5
19 58 28 24 19
19 59 108 96 80
19 60 82 63 56
19 61 94 78 65
19 62 42 37 33
19 63 92 71 59
19 64 50 42 32
19 65 99 86 71
19 66 126 111 87
19 67 44 38 32
19 68 71 55 44
19 69 93 79 66
19 70 134 119 92
19 71 21 18 14
19 72 57 49 38
19 73 48 37 29
19 74 29 25 21
19 75 58 52 42
19 76 91 78 64
19 77 41 36 29
19 78 58 50 40
19 79 60 48 39
19 80 107 91 80
19 81 82 66 53
19 82 40 36 28
19 83 26 22 18
19 84 75 62 48
19 85 21 18 15
19 86 52 44 37
19 87 47 38 34
19 88 45 38 29
19 89 74 58 48
19 90 94 72 55
19 91 79 69 55
19 92 36 30 25
19 93 127 101 80
19 94 58 51 40
19 95 82 63 55
19 96 31 25 21
19 97 39 31 26
19 98 147 116 105
19 99 66 53 41
20 21 81 65 55
20 22 115 91 79
20 23 104 85 67
20 24 152 122 97
20 25 91 71 56
20 26 34 26 20
20 27 85 76 61
20 28 47 36 31
20 29 43 33 29
20 30 81 71 57
20 31 162 130 101
20 32 81 69 60
20 33 140 114 92
20 34 152 119 97
20 35 125 98 84
20 36 108 85 65
20 37 77 67 56
20 38 88 74 61
20 39 127 113 91
20 40 75 67 57
20 41 142 122 108
20 42 124 98 81
20 43 105 82 69
20 44 131 101 84
20 45 48 41 35
20 46 85 67 59
20 47 132 102 83
20 48 111 88 73
20 49 115 89 78
20 50 33 29 26
20 51 73 65 50
20 52 103 79 61
20 53 62 52 46
20 54 173 133 105
20 55 139 108 89
20 56 28 22 18
20 57 94 76 68
20 58 80 64 56
20 59 103 93 80
20 60 128 111 93
20 61 83 75 62
20 62 78 68 57
20 63 27 22 18
20 64 90 75 60
20 65 58 50 42
20 66 80 64 52
20 67 113 100 87
20 68 50 43 34
20 69 62 51 40
20 70 107 91 81
20 71 96 75 58
20 72 117 90 73
20 73 70 55 42
20 74 81 67 52
20 75 100 86 67
20 76 109 84 65
20 77 70 54 42
20 78 138 111 89
20 79 54 43 38
20 80 132 103 92
20 81 122 95 75
20 82 99 85 68
20 83 83 69 56
20 84 102 83 65
20 85 84 67 56
20 86 120 97 77
20 87 58 47 40
20 88 92 82 67
20 89 59 52 45
20 90 124 110 91
20 91 30 24 19
20 92 66 53 47
20 93 30 27 21
20 94 47 39 31
20 95 44 34 26
20 96 86 68 55
20 97 72 57 50
20 98 138 110 88
20 99 81 70 58
21 22 33 29 24
21 23 70 56 45
21 24 99 78 63
21 25 22 18 15
21 26 88 71 56
21 27 43 37 32
21 28 50 43 37
21 29 95 80 64
21 30 118 91 79
21 31 113 88 72
21 32 57 50 42
21 33 56 43 38
21 34 101 90 81
21 35 90 76 62
21 36 127 108 97
21 37 28 24 19
21 38 88 76 64
21 39 99 77 64
21 40 126 100 82
21 41 120 108 85
21 42 47 37 33
21 43 114 96 80
21 44 112 97 76
21 45 37 29 24
21 46 8 7 5
21 47 44 34 29
21 48 131 111 90
21 49 38 31 24
21 50 109 94 73
21 51 15 12 9
21 52 98 79 71
21 53 40 34 28
21 54 113 95 81
21 55 76 58 47
21 56 78 60 48
21 57 112 101 87
21 58 98 77 68
21 59 54 43 38
21 60 119 94 72
21 61 42 36 30
21 62 137 120 94
21 63 90 75 68
21 64 98 75 58
21 65 25 22 18
21 66 8 6 5
21 67 122 103 83
21 68 115 90 76
21 69 34 29 23
21 70 42 37 30
21 71 110 99 82
21 72 92 78 63
21 73 106 88 68
21 74 96 76 67
21 75 78 64 54
21 76 50 42 33
21 77 90 81 67
21 78 103 92 79
21 79 75 62 51
21 80 71 60 52
21 81 75 58 52
21 82 99 85 66
21 83 114 91 70
21 84 68 58 48
21 85 122 96 77
21 86 103 86 68
21 87 108 94 73
21 88 166 128 101
21 89 51 45 40
21 90 108 87 70
21 91 83 75 66
21 92 110 84 65
21 93 54 48 37
21 94 88 74 59
21 95 55 47 40
21 96 100 84 67
21 97 79 71 62
21 98 46 38 34
21 99 77 63 50
22 23 95 74 57
22 24 98 81 63
22 25 49 39 32
22 26 113 99 80
22 27 66 55 45
22 28 82 68 56
22 29 124 101 84
22 30 132 116 99
22 31 122 97 74
22 32 83 65 56
22 33 21 18 14
22 34 120 105 90
22 35 90 78 70
22 36 197 152 118
22 37 59 45 36
22 38 109 90 81
22 39 104 90 69
22 40 147 114 103
22 41 141 109 89
22 42 42 33 29
22 43 153 120 98
22 44 115 104 89
22 45 68 58 47
22 46 28 24 21
22 47 16 13 11
22 48 153 136 108
22 49 6 4 3
22 50 137 112 97
22 51 47 37 32
22 52 122 109 89
22 53 71 57 48
22 54 112 99 86
22 55 60 54 45
22 56 88 78 70
22 57 158 125 107
22 58 134 113 88
22 59 61 48 38
22 60 116 101 78
22 61 68 53 42
22 62 163 147 117
22 63 147 117 92
22 64 102 92 75
22 65 51 46 41
22 66 42 34 28
22 67 137 108 96
22 68 132 117 99
22 69 64 55 45
22 70 30 26 22
22 71 146 130 103
22 72 100 88 76
22 73 138 111 90
22 74 118 104 87
22 75 98 76 68
22 76 62 55 45
22 77 140 110 89
22 78 133 103 90
22 79 99 83 73
22 80 79 61 51
22 81 94 75 62
22 82 120 103 82
22 83 128 107 89
22 84 84 73 62
22 85 143 110 97
22 86 119 105 81
22 87 147 125 96
22 88 183 153 122
22 89 86 72 60
22 90 105 87 78
22 91 134 104 90
22 92 123 106 86
22 93 94 77 60
22 94 126 101 82
22 95 91 79 63
22 96 138 110 86
22 97 129 103 82
22 98 25 19 16
22 99 107 83 66
23 24 42 36 31
23 25 51 39 30
23 26 76 67 54
23 27 20 16 13
23 28 88 75 68
23 29 139 108 89
23 30 82 64 51
23 31 50 39 34
23 32 11 9 7
23 33 90 78 63
23 34 53 42 38
23 35 28 22 19
23 36 98 81 72
23 37 41 34 26
23 38 44 34 29
23 39 40 33 25
23 40 81 70 56
23 41 57 49 44
23 42 53 42 34
23 43 58 51 45
23 44 45 39 33
23 45 57 45 38
23 46 64 51 43
23 47 81 63 51
23 48 90 69 56
23 49 84 69 58
23 50 91 79 69
23 51 59 46 39
23 52 58 48 37
23 53 34 29 24
23 54 59 49 40
23 55 49 39 30
23 56 104 85 72
23 57 87 67 56
23 58 56 44 38
23 59 37 31 26
23 60 38 33 29
23 61 22 19 16
23 62 105 93 75
23 63 100 82 70
23 64 35 28 23
23 65 48 41 36
23 66 77 59 47
23 67 52 46 40
23 68 111 85 66
23 69 53 41 34
23 70 63 49 40
23 71 68 61 55
23 72 32 26 20
23 73 70 55 49
23 74 52 45 40
23 75 19 15 12
23 76 19 15 12
23 77 68 59 48
23 78 51 41 35
23 79 52 41 35
23 80 48 39 30
23 81 13 11 9
23 82 40 33 27
23 83 53 48 40
23 84 11 9 7
23 85 74 57 50
23 86 42 32 25
23 87 83 67 58
23 88 111 96 77
23 89 37 29 23
23 90 40 33 27
23 91 87 75 65
23 92 58 48 41
23 93 84 73 61
23 94 71 54 48
23 95 63 49 41
23 96 55 48 37
23 97 47 41 36
23 98 68 59 53
23 99 24 19 15
24 25 69 57 50
24 26 130 104 84
24 27 58 46 37
24 28 120 106 94
24 29 175 147 118
24 30 120 96 77
24 31 20 16 12
24 32 59 46 38
24 33 95 79 64
24 34 50 42 33
24 35 31 25 21
24 36 144 126 97
24 37 62 55 47
24 38 81 67 54
24 39 19 16 13
24 40 118 97 82
24 41 38 31 27
24 42 49 40 35
24 43 95 80 66
24 44 62 49 42
24 45 92 76 66
24 46 92 78 60
24 47 80 64 54
24 48 116 92 76
24 49 97 84 65
24 50 145 121 100
24 51 89 72 60
24 52 81 70 61
24 53 72 60 52
24 54 35 30 25
24 55 31 25 19
24 56 131 117 100
24 57 118 96 78
24 58 87 78 64
24 59 42 33 27
24 60 35 28 23
24 61 52 44 37
24 62 148 118 102
24 63 152 125 100
24 64 69 59 49
24 65 90 81 62
24 66 96 82 67
24 67 81 62 49
24 68 146 117 96
24 69 91 70 61
24 70 64 50 42
24 71 105 90 81
24 72 55 48 38
24 73 101 86 78
24 74 107 84 67
24 75 53 43 37
24 76 56 44 34
24 77 114 95 77
24 78 54 46 40
24 79 95 81 66
24 80 21 18 14
24 81 36 31 25
24 82 78 61 49
24 83 101 85 66
24 84 51 45 35
24 85 103 89 75
24 86 52 46 39
24 87 125 102 87
24 88 153 128 102
24 89 87 70 54
24 90 37 29 23
24 91 142 113 96
24 92 97 83 69
24 93 137 110 89
24 94 110 88 79
24 95 103 93 72
24 96 98 82 63
24 97 98 83 64
24 98 77 62 52
24 99 60 52 44
25 26 76 65 52
25 27 24 20 18
25 28 73 58 45
25 29 95 79 70
25 30 95 83 68
25 31 96 74 58
25 32 45 35 28
25 33 59 51 43
25 34 106 83 67
25 35 67 59 47
25 36 147 114 87
25 37 8 7 5
25 38 66 58 51
25 39 77 63 50
25 40 107 94 72
25 41 98 84 71
25 42 41 32 25
25 43 101 84 67
25 44 85 72 62
25 45 30 24 21
25 46 22 18 14
25 47 46 40 31
25 48 108 96 78
25 49 46 37 32
25 50 106 83 69
25 51 15 12 10
25 52 80 69 58
25 53 25 21 17
25 54 101 80 67
25 55 51 41 36
25 56 77 65 54
25 57 104 91 76
25 58 81 65 57
25 59 37 32 27
25 60 81 66 57
25 61 24 19 15
25 62 115 96 86
25 63 90 79 66
25 64 68 57 45
25 65 24 20 15
25 66 27 21 18
25 67 89 76 68
25 68 94 83 70
25 69 25 21 17
25 70 44 34 26
25 71 92 80 72
25 72 75 60 48
25 73 80 68 59
25 74 94 73 56
25 75 59 47 40
25 76 31 25 19
25 77 89 69 58
25 78 97 78 64
25 79 60 54 42
25 80 52 46 41
25 81 57 44 38
25 82 78 66 53
25 83 85 71 58
25 84 48 41 34
25 85 107 85 66
25 86 75 61 54
25 87 101 85 66
25 88 115 103 91
25 89 43 36 29
25 90 85 68 56
25 91 92 75 63
25 92 83 68 55
25 93 59 51 42
25 94 76 61 52
25 95 52 46 35
25 96 74 62 55
25 97 85 66 51
25 98 51 41 35
25 99 52 41 36
26 27 74 57 51
26 28 61 52 44
26 29 66 58 49
26 30 52 45 38
26 31 115 96 86
26 32 76 60 47
26 33 126 112 92
26 34 111 96 80
26 35 106 83 69
26 36 67 55 48
26 37 72 60 50
26 38 61 47 42
26 39 113 98 76
26 40 59 49 38
26 41 135 116 91
26 42 109 84 75
26 43 65 58 49
26 44 89 76 66
26 45 55 42 33
26 46 78 69 59
26 47 121 93 82
26 48 74 65 54
26 49 111 92 79
26 50 28 23 18
26 51 73 61 48
26 52 67 54 42
26 53 52 46 37
26 54 120 103 88
26 55 129 101 79
26 56 56 45 36
26 57 61 55 48
26 58 50 42 37
26 59 110 84 72
26 60 107 87 77
26 61 71 62 53
26 62 69 54 42
26 63 24 20 16
26 64 59 48 42
26 65 63 49 39
26 66 88 69 54
26 67 101 78 68
26 68 28 24 21
26 69 54 43 35
26 70 115 94 76
26 71 58 49 39
26 72 71 61 55
26 73 34 27 22
26 74 46 38 32
26 75 80 65 51
26 76 77 65 54
26 77 30 25 22
26 78 111 92 71
26 79 30 24 20
26 80 111 93 81
26 81 84 69 60
26 82 75 59 49
26 83 56 47 37
26 84 79 65 50
26 85 49 43 36
26 86 79 67 60
26 87 32 27 22
26 88 70 58 51
26 89 41 35 31
26 90 113 90 75
26 91 19 15 12
26 92 38 33 28
26 93 52 42 33
26 94 18 14 11
26 95 24 21 17
26 96 50 41 36
26 97 44 39 31
26 98 139 108 86
26 99 67 52 42
27 28 88 70 58
27 29 109 90 81
27 30 91 72 57
27 31 67 56 43
27 32 17 13 11
27 33 92 71 54
27 34 71 64 50
27 35 49 38 30
27 36 111 90 77
27 37 19 16 13
27 38 54 48 37
27 39 49 39 34
27 40 94 78 62
27 41 81 71 55
27 42 36 32 27
27 43 79 68 53
27 44 66 55 45
27 45 42 36 29
27 46 45 35 31
27 47 58 49 41
27 48 87 78 64
27 49 68 58 46
27 50 93 80 68
27 51 37 29 26
27 52 71 56 45
27 53 26 20 16
27 54 74 61 51
27 55 43 37 29
27 56 89 76 63
27 57 91 70 63
27 58 71 56 44
27 59 33 25 22
27 60 59 46 40
27 61 6 5 4
27 62 109 98 78
27 63 96 85 67
27 64 45 40 31
27 65 38 30 26
27 66 54 43 35
27 67 72 59 52
27 68 109 86 67
27 69 39 31 24
27 70 49 40 31
27 71 90 73 61
27 72 46 40 31
27 73 75 59 51
27 74 59 52 45
27 75 38 29 23
27 76 6 5 4
27 77 76 62 51
27 78 71 58 47
27 79 48 42 35
27 80 46 38 32
27 81 34 28 21
27 82 57 46 37
27 83 71 57 46
27 84 23 20 17
27 85 75 63 55
27 86 55 43 37
27 87 76 68 60
27 88 115 103 82
27 89 28 24 21
27 90 56 46 39
27 91 97 77 63
27 92 67 58 45
27 93 73 62 52
27 94 67 55 48
27 95 53 46 36
27 96 55 49 43
27 97 64 49 41
27 98 62 55 44
27 99 34 29 22
28 29 42 34 28
28 30 132 103 79
28 31 154 119 101
28 32 98 77 63
28 33 101 82 70
28 34 169 130 104
28 35 136 111 87
28 36 129 103 92
28 37 69 53 47
28 38 124 97 75
28 39 127 104 92
28 40 126 100 81
28 41 161 143 112
28 42 86 78 68
28 43 136 113 87
28 44 148 116 95
28 45 42 36 31
28 46 60 51 41
28 47 95 80 64
28 48 140 115 94
28 49 85 65 55
28 50 83 71 56
28 51 53 43 35
28 52 102 90 78
28 53 66 54 45
28 54 166 137 108
28 55 117 98 81
28 56 21 18 16
28 57 139 113 90
28 58 107 83 74
28 59 116 91 71
28 60 143 122 97
28 61 79 67 58
28 62 113 101 85
28 63 70 56 49
28 64 102 91 71
28 65 44 38 33
28 66 49 41 32
28 67 141 115 99
28 68 97 79 63
28 69 55 43 35
28 70 99 80 66
28 71 125 98 82
28 72 128 105 81
28 73 103 80 65
28 74 94 80 71
28 75 106 87 74
28 76 94 77 61
28 77 98 78 64
28 78 142 115 98
28 79 80 67 53
28 80 119 107 85
28 81 119 95 77
28 82 113 100 80
28 83 112 91 75
28 84 111 86 69
28 85 101 88 78
28 86 120 108 87
28 87 88 79 66
28 88 143 116 94
28 89 66 58 51
28 90 129 111 95
28 91 72 59 49
28 92 88 79 67
28 93 18 14 12
28 94 79 61 53
28 95 50 44 37
28 96 100 89 73
28 97 94 77 67
28 98 91 81 69
28 99 93 80 65
29 30 128 112 86
29 31 162 140 123
29 32 134 105 83
29 33 141 123 97
29 34 177 146 123
29 35 166 129 107
29 36 141 117 93
29 37 107 82 72
29 38 146 115 88
29 39 179 143 114
29 40 139 111 86
29 41 195 161 132
29 42 128 115 94
29 43 134 119 97
29 44 160 142 111
29 45 77 61 52
29 46 88 77 68
29 47 142 110 91
29 48 149 133 102
29 49 104 91 82
29 50 82 66 52
29 51 94 78 61
29 52 135 106 89
29 53 99 78 66
29 54 177 157 129
29 55 142 118 106
29 56 29 22 18
29 57 128 107 96
29 58 123 105 84
29 59 142 120 97
29 60 150 134 117
29 61 123 99 81
29 62 118 101 83
29 63 57 50 44
29 64 130 110 86
29 65 80 70 57
29 66 76 68 59
29 67 171 148 114
29 68 83 73 61
29 69 90 69 58
29 70 122 110 93
29 71 126 103 87
29 72 128 115 98
29 73 105 88 71
29 74 134 103 80
29 75 142 113 92
29 76 118 105 84
29 77 108 86 70
29 78 177 145 115
29 79 104 82 65
29 80 161 140 110
29 81 164 128 98
29 82 125 107 95
29 83 115 95 85
29 84 120 101 89
29 85 121 99 84
29 86 136 121 104
29 87 97 75 68
29 88 137 111 94
29 89 86 77 69
29 90 171 139 115
29 91 70 60 46
29 92 126 97 76
29 93 43 35 29
29 94 84 68 60
29 95 83 65 51
29 96 119 102 83
29 97 105 88 78
29 98 131 118 96
29 99 124 97 83
30 31 117 91 74
30 32 64 53 47
30 33 155 126 109
30 34 94 76 58
30 35 93 74 57
30 36 31 24 21
30 37 99 80 64
30 38 35 31 24
30 39 105 82 65
30 40 8 6 5
30 41 105 88 73
30 42 109 97 83
30 43 26 20 16
30 44 59 53 42
30 45 84 71 58
30 46 131 103 80
30 47 133 115 97
30 48 23 19 17
30 49 144 114 100
30 50 59 49 40
30 51 89 79 70
30 52 22 19 16
30 53 69 59 52
30 54 103 85 70
30 55 115 95 80
30 56 96 81 72
30 57 16 14 11
30 58 24 18 14
30 59 130 100 77
30 60 83 71 61
30 61 77 69 61
30 62 38 31 25
30 63 64 51 46
30 64 46 37 29
30 65 87 74 62
30 66 101 87 78
30 67 67 52 40
30 68 46 36 31
30 69 72 63 57
30 70 119 104 88
30 71 8 6 4
30 72 63 51 40
30 73 26 20 16
30 74 21 17 13
30 75 61 55 42
30 76 87 72 60
30 77 23 20 16
30 78 68 56 47
30 79 46 36 29
30 80 125 96 80
30 81 78 61 53
30 82 46 36 29
30 83 21 16 12
30 84 69 58 45
30 85 5 4 3
30 86 58 48 40
30 87 33 25 20
30 88 33 29 26
30 89 54 46 40
30 90 78 70 59
30 91 55 48 42
30 92 20 17 14
30 93 96 87 68
30 94 40 34 27
30 95 65 56 44
30 96 23 20 15
30 97 26 20 17
30 98 156 124 100
30 99 57 44 37
31 32 67 53 41
31 33 123 95 75
31 34 36 28 24
31 35 28 22 19
31 36 128 108 93
31 37 72 64 55
31 38 80 62 51
31 39 14 12 10
31 40 116 100 79
31 41 20 18 16
31 42 75 58 46
31 43 93 76 61
31 44 56 44 35
31 45 115 93 71
31 46 101 77 68
31 47 96 81 65
31 48 117 91 71
31 49 107 90 76
31 50 149 115 101
31 51 105 85 68
31 52 84 67 58
31 53 96 75 58
31 54 19 17 14
31 55 42 37 30
31 56 150 126 106
31 57 120 96 74
31 58 85 70 62
31 59 53 46 37
31 60 22 19 15
31 61 68 55 44
31 62 165 128 99
31 63 133 119 102
31 64 75 60 48
31 65 99 85 68
31 66 113 89 75
31 67 61 52 42
31 68 135 108 96
31 69 100 77 66
31 70 81 68 53
31 71 99 89 77
31 72 54 43 35
31 73 104 87 77
31 74 92 77 65
31 75 53 44 36
31 76 59 51 41
31 77 114 95 76
31 78 48 39 32
31 79 112 86 67
31 80 35 28 25
31 81 40 32 26
31 82 62 52 45
31 83 89 75 63
31 84 55 47 36
31 85 97 87 73
31 86 46 40 34
31 87 116 102 86
31 88 134 114 98
31 89 82 68 57
31 90 25 20 16
31 91 140 118 98
31 92 101 82 68
31 93 146 112 95
31 94 127 100 79
31 95 98 85 75
31 96 96 75 61
31 97 95 75 63
31 98 85 77 63
31 99 76 59 45
32 33 98 77 65
32 34 59 48 42
32 35 37 31 25
32 36 98 87 68
32 37 33 27 23
32 38 37 33 26
32 39 45 39 31
32 40 76 63 52
32 41 75 63 50
32 42 55 47 37
32 43 65 55 42
32 44 47 40 35
32 45 54 43 33
32 46 54 48 41
32 47 81 65 52
32 48 71 60 53
32 49 89 72 57
32 50 101 82 63
32 51 49 40 35
32 52 56 43 34
32 53 26 23 19
32 54 74 59 46
32 55 48 40 35
32 56 103 86 66
32 57 73 65 53
32 58 53 45 34
32 59 43 37 30
32 60 55 46 35
32 61 24 19 15
32 62 106 88 69
32 63 100 80 63
32 64 29 24 20
32 65 47 38 31
32 66 66 55 44
32 67 69 54 42
32 68 87 69 60
32 69 38 32 28
32 70 59 53 42
32 71 77 67 51
32 72 33 27 21
32 73 67 52 43
32 74 53 41 35
32 75 21 17 13
32 76 21 16 13
32 77 54 47 42
32 78 56 45 38
32 79 47 38 29
32 80 53 41 36
32 81 26 20 15
32 82 39 31 26
32 83 50 41 36
32 84 11 9 7
32 85 65 53 45
32 86 41 34 27
32 87 70 61 52
32 88 120 93 72
32 89 22 19 16
32 90 51 40 33
32 91 94 72 59
32 92 51 43 36
32 93 80 63 55
32 94 57 49 42
32 95 50 44 34
32 96 50 39 33
32 97 42 36 31
32 98 89 69 54
32 99 17 13 11
33 34 144 114 93
33 35 104 92 74
33 36 182 160 129
33 37 66 59 46
33 38 124 103 90
33 39 106 90 71
33 40 153 135 114
33 41 131 112 90
33 42 41 37 31
33 43 139 122 106
33 44 122 106 94
33 45 93 77 60
33 46 54 44 34
33 47 20 16 13
33 48 167 146 117
33 49 24 19 16
33 50 164 136 110
33 51 69 54 45
33 52 125 111 98
33 53 92 73 59
33 54 134 103 88
33 55 61 53 45
33 56 127 104 84
33 57 145 129 116
33 58 128 109 97
33 59 57 45 40
33 60 123 101 82
33 61 66 58 50
33 62 197 165 128
33 63 146 122 105
33 64 131 102 84
33 65 74 64 53
33 66 59 46 41
33 67 161 129 102
33 68 165 129 112
33 69 87 70 58
33 70 33 27 24
33 71 181 143 113
33 72 124 104 82
33 73 149 117 101
33 74 161 125 97
33 75 117 91 75
33 76 75 58 52
33 77 130 114 100
33 78 140 113 95
33 79 111 97 84
33 80 79 65 51
33 81 101 80 67
33 82 143 111 90
33 83 133 117 99
33 84 95 77 69
33 85 139 125 107
33 86 129 105 87
33 87 161 139 108
33 88 201 156 133
33 89 100 88 71
33 90 110 96 81
33 91 159 128 103
33 92 128 115 96
33 93 103 89 74
33 94 131 114 94
33 95 109 85 76
33 96 150 118 96
33 97 127 114 93
33 98 19 16 12
33 99 97 83 75
34 35 29 24 21
34 36 112 93 75
34 37 99 76 63
34 38 61 47 39
34 39 34 28 22
34 40 93 81 63
34 41 24 18 15
34 42 89 74 63
34 43 71 55 44
34 44 28 21 17
34 45 113 92 74
34 46 112 97 79
34 47 121 105 82
34 48 83 66 51
34 49 121 107 91
34 50 143 115 91
34 51 111 97 76
34 52 57 50 44
34 53 93 74 61
34 54 20 17 14
34 55 71 59 49
34 56 174 134 106
34 57 79 68 56
34 58 61 55 48
34 59 67 59 53
34 60 17 14 12
34 61 85 66 52
34 62 131 106 83
34 63 160 124 95
34 64 55 46 39
34 65 124 95 73
34 66 114 99 84
34 67 29 26 20
34 68 127 111 85
34 69 109 89 70
34 70 106 83 69
34 71 89 71 61
34 72 37 29 25
34 73 99 80 65
34 74 80 67 53
34 75 51 40 32
34 76 78 63 49
34 77 88 73 65
34 78 20 16 12
34 79 88 70 61
34 80 65 57 45
34 81 42 34 30
34 82 41 37 32
34 83 83 64 50
34 84 55 47 36
34 85 84 75 58
34 86 32 27 21
34 87 116 89 74
34 88 118 100 80
34 89 82 69 55
34 90 17 15 12
34 91 130 117 90
34 92 73 63 57
34 93 150 120 96
34 94 93 80 71
34 95 114 88 73
34 96 63 55 48
34 97 70 61 52
34 98 135 105 81
34 99 57 46 41
35 36 102 90 76
35 37 64 55 43
35 38 43 37 33
35 39 14 12 9
35 40 98 80 61
35 41 41 32 25
35 42 67 54 43
35 43 65 51 45
35 44 31 26 23
35 45 93 74 57
35 46 91 70 60
35 47 86 77 62
35 48 79 67 55
35 49 102 91 71
35 50 116 101 83
35 51 78 69 56
35 52 60 47 41
35 53 63 53 43
35 54 28 25 22
35 55 45 38 31
35 56 132 115 90
35 57 94 73 57
35 58 59 49 44
35 59 51 41 34
35 60 17 15 11
35 61 49 41 32
35 62 119 96 81
35 63 110 98 84
35 64 38 34 30
35 65 82 72 55
35 66 97 81 65
35 67 45 39 30
35 68 102 89 78
35 69 69 62 52
35 70 72 60 50
35 71 93 74 60
35 72 26 22 17
35 73 98 75 59
35 74 71 61 47
35 75 27 23 18
35 76 45 37 29
35 77 78 68 58
35 78 33 29 22
35 79 72 56 49
35 80 40 36 28
35 81 18 14 11
35 82 41 36 28
35 83 67 59 46
35 84 26 22 19
35 85 84 70 55
35 86 26 23 18
35 87 110 88 68
35 88 119 105 81
35 89 56 46 40
35 90 14 11 9
35 91 128 99 80
35 92 71 58 50
35 93 129 104 80
35 94 91 71 61
35 95 87 70 58
35 96 64 51 43
35 97 76 59 45
35 98 89 76 62
35 99 38 31 27
36 37 123 96 83
36 38 60 51 44
36 39 129 101 85
36 40 23 20 16
36 41 115 100 90
36 42 156 127 104
36 43 49 39 32
36 44 83 69 59
36 45 124 96 74
36 46 145 125 98
36 47 197 152 117
36 48 32 28 25
36 49 173 136 118
36 50 62 51 42
36 51 115 102 88
36 52 58 45 36
36 53 111 88 71
36 54 115 98 88
36 55 168 131 101
36 56 119 99 82
36 57 30 26 20
36 58 57 45 34
36 59 143 120 97
36 60 125 97 79
36 61 117 97 81
36 62 20 15 12
36 63 72 60 50
36 64 74 57 49
36 65 131 104 80
36 66 130 114 96
36 67 72 63 56
36 68 50 40 32
36 69 112 97 75
36 70 179 139 108
36 71 28 22 17
36 72 82 68 59
36 73 46 38 30
36 74 54 42 33
36 75 89 78 62
36 76 109 98 80
36 77 38 34 30
36 78 87 73 64
36 79 63 53 46
36 80 136 119 100
36 81 111 85 74
36 82 73 56 49
36 83 47 38 32
36 84 95 84 66
36 85 36 30 23
36 86 77 66 59
36 87 42 35 27
36 88 9 7 5
36 89 94 76 59
36 90 124 98 78
36 91 78 60 47
36 92 48 37 33
36 93 123 104 80
36 94 64 50 40
36 95 85 75 59
36 96 52 45 35
36 97 54 46 37
36 98 178 153 120
36 99 77 64 57
37 38 61 54 46
37 39 78 60 46
37 40 107 84 68
37 41 98 83 67
37 42 37 32 26
37 43 89 70 63
37 44 86 70 57
37 45 32 25 21
37 46 29 23 18
37 47 55 43 34
37 48 120 93 73
37 49 51 44 36
37 50 99 84 67
37 51 18 16 14
37 52 78 70 54
37 53 21 17 13
37 54 98 83 64
37 55 50 42 35
37 56 79 64 55
37 57 101 84 71
37 58 74 59 52
37 59 37 29 26
37 60 68 61 53
37 61 20 15 12
37 62 112 100 83
37 63 95 76 64
37 64 61 54 41
37 65 22 19 15
37 66 35 27 22
37 67 97 79 64
37 68 101 81 68
37 69 25 20 16
37 70 43 35 27
37 71 93 80 68
37 72 67 52 44
37 73 74 66 55
37 74 84 67 52
37 75 58 46 36
37 76 23 20 15
37 77 78 70 55
37 78 90 78 60
37 79 52 43 38
37 80 61 48 39
37 81 53 41 34
37 82 63 56 48
37 83 73 63 54
37 84 47 36 29
37 85 96 79 62
37 86 68 55 49
37 87 99 79 63
37 88 113 98 88
37 89 38 31 25
37 90 88 68 52
37 91 92 77 61
37 92 77 64 51
37 93 60 49 43
37 94 70 61 50
37 95 45 38 33
37 96 80 63 51
37 97 59 53 47
37 98 51 43 38
37 99 45 38 32
38 39 60 48 42
38 40 43 36 29
38 41 75 62 52
38 42 90 73 62
38 43 23 20 17
38 44 30 27 24
38 45 74 60 47
38 46 93 79 64
38 47 115 94 77
38 48 37 33 28
38 49 109 92 82
38 50 81 66 53
38 51 77 64 56
38 52 14 11 9
38 53 57 48 37
38 54 73 60 49
38 55 79 66 57
38 56 99 86 72
38 57 42 34 28
38 58 17 13 11
38 59 85 70 54
38 60 64 49 39
38 61 63 51 40
38 62 76 64 49
38 63 71 63 56
38 64 10 8 6
38 65 65 57 49
38 66 85 75 65
38 67 39 32 26
38 68 74 58 46
38 69 61 52 44
38 70 97 80 67
38 71 44 34 28
38 72 25 21 17
38 73 43 35 27
38 74 22 19 15
38 75 27 22 18
38 76 62 49 38
38 77 33 29 26
38 78 40 34 29
38 79 36 28 24
38 80 83 73 57
38 81 40 34 30
38 82 12 10 8
38 83 20 15 13
38 84 35 28 23
38 85 38 29 22
38 86 29 24 19
38 87 51 44 36
38 88 76 58 49
38 89 37 28 25
38 90 54 43 37
38 91 78 60 51
38 92 27 22 18
38 93 88 73 64
38 94 48 38 33
38 95 54 48 39
38 96 16 12 10
38 97 19 16 13
38 98 103 89 80
38 99 25 21 16
39 40 115 90 70
39 41 29 24 21
39 42 52 47 41
39 43 84 69 54
39 44 39 34 30
39 45 92 73 62
39 46 91 77 61
39 47 85 72 61
39 48 89 76 64
39 49 97 86 71
39 50 129 115 91
39 51 94 78 60
39 52 73 61 50
39 53 63 55 48
39 54 25 21 18
39 55 38 31 27
39 56 133 120 96
39 57 97 83 66
39 58 83 69 53
39 59 43 38 32
39 60 17 14 11
39 61 48 43 35
39 62 126 112 90
39 63 115 104 92
39 64 58 46 39
39 65 78 70 59
39 66 110 89 68
39 67 59 47 37
39 68 128 99 87
39 69 91 73 57
39 70 69 57 48
39 71 106 90 69
39 72 43 34 26
39 73 92 80 67
39 74 89 70 56
39 75 37 32 26
39 76 48 39 32
39 77 105 86 67
39 78 43 35 28
39 79 86 72 57
39 80 29 26 23
39 81 25 20 17
39 82 60 46 37
39 83 83 71 55
39 84 44 35 27
39 85 102 81 64
39 86 41 32 26
39 87 112 99 77
39 88 144 116 90
39 89 59 53 47
39 90 17 13 11
39 91 135 104 88
39 92 82 66 59
39 93 126 103 85
39 94 98 85 70
39 95 87 76 65
39 96 75 62 52
39 97 78 60 53
39 98 83 74 60
39 99 46 41 35
40 41 112 95 77
40 42 123 105 88
40 43 30 23 20
40 44 61 53 47
40 45 97 75 61
40 46 114 94 84
40 47 158 127 102
40 48 29 23 18
40 49 165 134 104
40 50 55 44 38
40 51 100 84 74
40 52 27 24 21
40 53 88 69 56
40 54 99 87 75
40 55 131 106 85
40 56 112 91 74
40 57 17 14 12
40 58 30 25 19
40 59 122 106 82
40 60 85 74 65
40 61 99 78 65
40 62 35 27 21
40 63 72 56 45
40 64 51 44 34
40 65 83 75 66
40 66 109 96 82
40 67 63 54 44
40 68 41 36 29
40 69 83 71 61
40 70 145 118 93
40 71 4 3 2
40 72 71 59 45
40 73 23 20 17
40 74 28 22 17
40 75 72 57 47
40 76 90 81 64
40 77 24 21 18
40 78 70 62 52
40 79 48 40 32
40 80 133 107 85
40 81 88 68 58
40 82 46 41 34
40 83 24 21 17
40 84 73 58 50
40 85 11 8 7
40 86 70 58 45
40 87 30 24 19
40 88 30 26 21
40 89 70 56 44
40 90 98 75 64
40 91 58 52 41
40 92 27 21 18
40 93 103 88 70
40 94 40 33 28
40 95 65 54 46
40 96 26 23 20
40 97 32 25 22
40 98 143 127 105
40 99 58 50 42
41 42 90 72 61
41 43 86 68 58
41 44 47 38 31
41 45 129 107 82
41 46 122 107 82
41 47 123 99 80
41 48 92 73 66
41 49 132 108 91
41 50 162 128 104
41 51 107 89 80
41 52 91 74 57
41 53 96 81 68
41 54 6 5 4
41 55 68 52 46
41 56 164 131 115
41 57 99 81 70
41 58 90 72 62
41 59 87 68 52
41 60 26 21 16
41 61 85 69 56
41 62 144 113 97
41 63 147 123 107
41 64 72 58 51
41 65 113 90 80
41 66 133 105 88
41 67 57 44 35
41 68 134 120 98
41 69 116 97 77
41 70 86 76 68
41 71 111 89 75
41 72 57 48 37
41 73 127 101 78
41 74 93 78 66
41 75 60 53 41
41 76 77 69 53
41 77 121 100 78
41 78 42 33 26
41 79 111 88 72
41 80 59 49 40
41 81 52 44 35
41 82 64 54 45
41 83 98 77 63
41 84 60 54 44
41 85 98 81 72
41 86 45 40 33
41 87 111 99 88
41 88 126 109 94
41 89 98 80 64
41 90 24 20 17
41 91 152 123 102
41 92 98 83 70
41 93 129 115 104
41 94 132 104 83
41 95 125 103 82
41 96 88 78 62
41 97 92 82 65
41 98 117 97 79
41 99 76 61 51
42 43 120 98 78
42 44 87 78 64
42 45 58 52 46
42 46 40 34 28
42 47 27 23 20
42 48 113 100 89
42 49 49 38 31
42 50 143 114 92
42 51 46 38 34
42 52 117 91 70
42 53 50 43 38
42 54 77 67 58
42 55 23 20 17
42 56 103 88 78
42 57 147 115 89
42 58 115 90 71
42 59 15 12 10
42 60 69 59 51
42 61 34 27 24
42 62 142 124 105
42 63 128 109 90
42 64 83 64 56
42 65 57 50 40
42 66 54 42 37
42 67 106 93 71
42 68 131 112 92
42 69 58 47 41
42 70 12 9 7
42 71 131 107 87
42 72 71 63 53
42 73 111 100 77
42 74 96 81 71
42 75 73 60 46
42 76 32 28 24
42 77 110 89 77
42 78 109 84 64
42 79 103 79 61
42 80 31 27 23
42 81 51 46 37
42 82 94 74 61
42 83 97 84 72
42 84 56 46 40
42 85 115 99 81
42 86 87 72 57
42 87 114 103 86
42 88 151 129 108
42 89 69 54 47
42 90 75 65 51
42 91 125 99 86
42 92 111 86 71
42 93 108 87 67
42 94 104 86 73
42 95 91 71 58
42 96 95 80 69
42 97 100 79 67
42 98 29 24 20
42 99 67 52 47
43 44 42 32 28
43 45 75 68 61
43 46 111 94 80
43 47 157 121 94
43 48 17 14 12
43 49 138 113 98
43 50 72 62 54
43 51 110 87 72
43 52 16 13 10
43 53 77 67 53
43 54 81 67 56
43 55 94 83 72
43 56 111 91 82
43 57 19 16 13
43 58 23 18 14
43 59 100 81 70
43 60 69 60 47
43 61 83 73 57
43 62 54 46 40
43 63 86 73 60
43 64 36 28 23
43 65 92 74 65
43 66 99 89 80
43 67 38 33 25
43 68 76 58 46
43 69 94 74 60
43 70 136 109 84
43 71 29 23 18
43 72 44 37 29
43 73 44 35 28
43 74 25 22 17
43 75 51 39 33
43 76 88 70 55
43 77 44 34 28
43 78 44 38 32
43 79 48 39 34
43 80 103 79 71
43 81 57 50 44
43 82 26 23 18
43 83 21 17 13
43 84 60 47 38
43 85 24 19 16
43 86 44 34 28
43 87 49 40 35
43 88 59 48 37
43 89 56 49 40
43 90 62 54 46
43 91 80 66 55
43 92 29 26 22
43 93 113 93 76
43 94 51 45 38
43 95 67 58 51
43 96 23 20 15
43 97 26 23 20
43 98 130 107 96
43 99 50 39 32
44 45 96 83 65
44 46 114 90 75
44 47 119 98 82
44 48 45 40 36
44 49 121 106 90
44 50 105 91 76
44 51 98 85 70
44 52 41 32 28
44 53 81 67 52
44 54 41 34 29
44 55 81 68 53
44 56 143 110 94
44 57 53 47 40
44 58 45 37 33
44 59 80 69 55
44 60 32 28 21
44 61 82 63 48
44 62 102 78 67
44 63 106 90 80
44 64 38 30 25
44 65 88 79 65
44 66 114 97 79
44 67 14 11 8
44 68 117 90 69
44 69 90 75 61
44 70 97 83 70
44 71 70 57 45
44 72 21 18 14
44 73 76 60 50
44 74 52 45 37
44 75 35 28 23
44 76 64 56 45
44 77 67 56 49
44 78 10 8 6
44 79 70 60 47
44 80 74 64 51
44 81 39 30 27
44 82 27 22 17
44 83 49 44 34
44 84 44 36 29
44 85 52 47 41
44 86 14 11 9
44 87 84 70 59
44 88 84 72 64
44 89 67 55 44
44 90 30 24 20
44 91 93 84 75
44 92 53 48 41
44 93 135 104 85
44 94 79 71 56
44 95 93 73 60
44 96 54 42 33
44 97 53 43 37
44 98 114 101 83
44 99 43 38 30
45 46 39 33 27
45 47 67 59 50
45 48 94 84 70
45 49 70 61 47
45 50 69 57 50
45 51 26 20 16
45 52 77 60 52
45 53 23 19 15
45 54 126 97 78
45 55 90 71 55
45 56 47 42 35
45 57 90 78 67
45 58 73 63 49
45 59 73 58 46
45 60 99 80 67
45 61 46 37 29
45 62 109 86 71
45 63 71 58 46
45 64 70 55 43
45 65 12 9 7
45 66 34 27 22
45 67 109 84 70
45 68 75 59 53
45 69 10 7 6
45 70 65 59 46
45 71 79 71 61
45 72 78 63 51
45 73 62 51 45
45 74 65 57 47
45 75 69 53 44
45 76 42 37 32
45 77 66 56 45
45 78 93 84 69
45 79 46 37 29
45 80 92 71 59
45 81 79 61 47
45 82 88 68 52
45 83 71 56 50
45 84 67 51 39
45 85 84 65 56
45 86 91 74 57
45 87 74 62 50
45 88 108 92 78
45 89 35 28 22
45 90 96 77 65
45 91 62 54 43
45 92 64 50 44
45 93 32 28 24
45 94 53 46 36
45 95 29 22 17
45 96 69 57 47
45 97 64 49 42
45 98 80 68 54
45 99 57 44 36
46 47 36 30 25
46 48 138 109 90
46 49 31 27 21
46 50 117 92 76
46 51 19 14 11
46 52 105 88 71
46 53 41 34 29
46 54 116 99 79
46 55 58 52 43
46 56 76 68 53
46 57 123 106 88
46 58 95 85 69
46 59 48 39 34
46 60 94 84 69
46 61 44 35 28
46 62 144 120 96
46 63 98 81 72
46 64 82 69 58
46 65 26 23 20
46 66 16 13 10
46 67 114 100 82
46 68 102 91 79
46 69 37 32 25
46 70 37 29 25
46 71 114 95 84
46 72 102 80 62
46 73 92 78 70
46 74 97 79 68
46 75 83 68 53
46 76 47 41 32
46 77 96 79 69
46 78 115 95 77
46 79 80 61 53
46 80 75 61 48
46 81 79 63 50
46 82 95 81 66
46 83 110 88 71
46 84 61 55 47
46 85 111 95 78
46 86 109 85 67
46 87 110 85 76
46 88 157 122 103
46 89 57 46 41
46 90 98 88 68
46 91 100 77 69
46 92 96 78 66
46 93 60 52 42
46 94 80 69 62
46 95 64 56 43
46 96 102 79 68
46 97 96 78 64
46 98 39 34 29
46 99 76 60 49
47 48 146 120 105
47 49 21 17 14
47 50 144 115 99
47 51 50 39 34
47 52 128 109 86
47 53 66 55 47
47 54 119 96 77
47 55 54 43 35
47 56 111 93 77
47 57 132 115 104
47 58 131 103 85
47 59 47 38 29
47 60 99 85 70
47 61 56 48 38
47 62 171 145 116
47 63 129 107 95
47 64 92 83 72
47 65 65 53 43
47 66 51 39 33
47 67 149 115 90
47 68 151 118 101
47 69 66 56 47
47 70 20 15 13
47 71 137 116 101
47 72 98 88 70
47 73 142 115 89
47 74 122 103 85
47 75 93 72 63
47 76 56 46 40
47 77 116 102 88
47 78 125 100 83
47 79 92 81 72
47 80 57 50 41
47 81 81 69 56
47 82 111 88 78
47 83 130 101 87
47 84 89 73 57
47 85 143 123 95
47 86 111 94 75
47 87 133 113 96
47 88 175 154 121
47 89 95 74 59
47 90 111 87 70
47 91 141 113 92
47 92 125 98 84
47 93 99 78 66
47 94 130 103 83
47 95 101 84 65
47 96 112 98 84
47 97 126 99 80
47 98 9 7 6
47 99 93 77 62
48 49 150 122 109
48 50 78 63 56
48 51 109 91 82
48 52 29 25 20
48 53 86 75 63
48 54 107 82 64
48 55 138 108 83
48 56 139 108 88
48 57 12 10 7
48 58 31 25 22
48 59 118 96 81
48 60 81 67 57
48 61 91 82 68
48 62 51 45 35
48 63 90 71 62
48 64 47 39 34
48 65 117 96 74
48 66 122 108 90
48 67 52 40 32
48 68 67 58 46
48 69 110 85 69
48 70 140 110 95
48 71 27 21 16
48 72 56 45 39
48 73 50 41 32
48 74 35 27 24
48 75 67 56 44
48 76 91 76 66
48 77 53 41 32
48 78 66 52 40
48 79 58 51 42
48 80 111 98 82
48 81 88 68 55
48 82 48 37 29
48 83 28 24 21
48 84 74 63 50
48 85 24 21 18
48 86 54 45 38
48 87 58 46 36
48 88 45 38 29
48 89 83 64 50
48 90 87 71 55
48 91 81 65 58
48 92 44 35 28
48 93 129 106 83
48 94 66 53 43
48 95 81 70 58
48 96 35 27 24
48 97 43 38 29
48 98 161 130 107
48 99 69 54 43
49 50 134 115 96
49 51 50 38 31
49 52 118 102 89
49 53 63 54 48
49 54 127 113 88
49 55 63 54 47
49 56 98 85 69
49 57 151 132 107
49 58 128 101 88
49 59 65 50 39
49 60 106 91 80
49 61 56 49 43
49 62 175 148 117
49 63 135 106 91
49 64 118 91 76
49 65 56 47 40
49 66 41 33 27
49 67 156 124 97
49 68 132 112 99
49 69 74 57 45
49 70 37 29 24
49 71 154 119 103
49 72 118 91 77
49 73 140 109 90
49 74 132 101 88
49 75 93 83 69
49 76 66 55 46
49 77 145 114 89
49 78 131 106 91
49 79 95 81 73
49 80 79 67 53
49 81 83 75 63
49 82 123 97 83
49 83 125 110 90
49 84 88 76 63
49 85 139 125 97
49 86 110 95 82
49 87 154 124 96
49 88 199 155 122
49 89 81 68 60
49 90 112 89 79
49 91 136 107 89
49 92 137 106 86
49 93 84 74 59
49 94 108 94 82
49 95 89 73 63
49 96 132 107 87
49 97 119 96 83
49 98 29 23 18
49 99 105 87 67
50 51 94 74 66
50 52 69 55 49
50 53 87 69 55
50 54 144 123 101
50 55 141 116 96
50 56 64 51 43
50 57 61 55 49
50 58 68 55 44
50 59 125 105 89
50 60 123 106 90
50 61 106 83 70
50 62 51 39 32
50 63 14 12 9
50 64 83 66 54
50 65 79 65 57
50 66 101 90 70
50 67 118 93 77
50 68 17 13 10
50 69 75 65 53
50 70 154 122 94
50 71 66 51 40
50 72 107 83 68
50 73 41 35 27
50 74 65 50 40
50 75 95 82 65
50 76 98 85 71
50 77 39 32 27
50 78 122 97 81
50 79 55 43 35
50 80 136 119 98
50 81 96 86 75
50 82 79 67 60
50 83 61 49 43
50 84 99 83 65
50 85 64 49 39
50 86 114 92 71
50 87 31 24 20
50 88 68 54 43
50 89 63 55 47
50 90 117 103 88
50 91 13 11 8
50 92 55 43 35
50 93 62 55 45
50 94 30 27 22
50 95 53 44 35
50 96 71 55 44
50 97 57 48 40
50 98 150 118 103
50 99 91 71 56
51 52 92 79 62
51 53 28 23 20
51 54 115 97 77
51 55 67 58 46
51 56 64 54 45
51 57 117 100 79
51 58 88 77 60
51 59 58 44 36
51 60 88 75 66
51 61 36 30 25
51 62 134 109 86
51 63 89 75 61
51 64 68 57 50
51 65 16 13 10
51 66 15 13 10
51 67 124 97 76
51 68 89 80 68
51 69 19 16 14
51 70 47 36 32
51 71 112 95 74
51 72 91 72 56
51 73 83 69 59
51 74 83 66 59
51 75 65 54 47
51 76 41 32 28
51 77 88 70 59
51 78 102 82 72
51 79 58 49 43
51 80 78 60 51
51 81 67 56 47
51 82 88 69 59
51 83 91 71 62
51 84 63 55 42
51 85 95 84 68
51 86 86 75 61
51 87 95 84 65
51 88 131 113 92
51 89 40 36 32
51 90 105 83 65
51 91 79 66 59
51 92 73 64 57
51 93 59 45 34
51 94 71 61 51
51 95 47 37 32
51 96 81 70 58
51 97 78 65 54
51 98 62 49 39
51 99 68 55 42
52 53 64 56 43
52 54 73 63 55
52 55 98 80 66
52 56 104 88 74
52 57 30 24 19
52 58 9 8 6
52 59 88 72 63
52 60 66 59 45
52 61 70 56 48
52 62 61 47 41
52 63 80 68 54
52 64 20 18 15
52 65 78 63 55
52 66 97 83 71
52 67 41 35 28
52 68 59 47 42
52 69 67 56 50
52 70 102 89 75
52 71 26 23 20
52 72 34 29 24
52 73 37 30 23
52 74 15 12 10
52 75 39 32 27
52 76 77 60 47
52 77 34 26 23
52 78 50 38 33
52 79 35 31 26
52 80 90 77 65
52 81 59 49 38
52 82 21 17 14
52 83 11 9 7
52 84 52 41 31
52 85 20 17 15
52 86 33 29 25
52 87 46 40 31
52 88 67 52 41
52 89 44 37 31
52 90 69 53 43
52 91 69 58 49
52 92 25 19 15
52 93 98 85 67
52 94 45 35 31
52 95 60 48 42
52 96 9 7 6
52 97 19 14 12
52 98 122 105 88
52 99 32 27 24
53 54 89 79 64
53 55 61 49 43
53 56 70 57 49
53 57 80 67 60
53 58 60 48 41
53 59 47 40 35
53 60 81 67 53
53 61 25 21 17
53 62 96 85 70
53 63 69 62 53
53 64 48 39 31
53 65 19 16 14
53 66 43 37 29
53 67 86 68 58
53 68 77 63 55
53 69 14 12 10
53 70 60 46 40
53 71 90 73 56
53 72 61 50 38
53 73 53 47 42
53 74 55 46 40
53 75 41 36 30
53 76 31 24 19
53 77 63 51 42
53 78 75 62 55
53 79 39 33 26
53 80 68 55 47
53 81 50 42 33
53 82 56 49 40
53 83 64 55 43
53 84 34 29 25
53 85 76 60 50
53 86 59 52 44
53 87 69 60 50
53 88 118 91 75
53 89 20 15 13
53 90 72 65 51
53 91 67 55 49
53 92 54 46 38
53 93 53 43 38
53 94 59 48 37
53 95 30 25 21
53 96 53 46 40
53 97 53 42 35
53 98 73 57 51
53 99 32 27 23
54 55 65 55 43
54 56 147 132 111
54 57 93 79 68
54 58 87 67 59
54 59 72 62 49
54 60 16 14 12
54 61 79 68 53
54 62 127 106 95
54 63 139 125 103
54 64 68 60 48
54 65 123 97 76
54 66 124 106 85
54 67 50 43 33
54 68 138 109 95
54 69 98 82 73
54 70 93 79 65
54 71 106 88 73
54 72 46 40 34
54 73 126 98 76
54 74 90 77 63
54 75 52 43 38
54 76 66 55 49
54 77 109 84 75
54 78 39 30 24
54 79 104 81 69
54 80 56 44 38
54 81 48 40 32
54 82 64 51 42
54 83 91 79 61
54 84 55 49 40
54 85 88 79 69
54 86 51 40 31
54 87 112 95 85
54 88 135 108 93
54 89 93 80 61
54 90 19 16 14
54 91 130 117 99
54 92 104 82 67
54 93 146 113 101
54 94 125 103 80
54 95 108 92 79
54 96 81 68 59
54 97 93 78 62
54 98 102 89 76
54 99 76 60 47
55 56 137 112 89
55 57 129 100 84
55 58 93 81 67
55 59 14 12 10
55 60 56 45 37
55 61 40 32 27
55 62 172 132 104
55 63 134 121 95
55 64 80 63 52
55 65 72 56 50
55 66 81 62 51
55 67 99 77 61
55 68 147 117 94
55 69 72 57 50
55 70 36 30 23
55 71 120 95 84
55 72 63 53 44
55 73 106 95 77
55 74 105 85 69
55 75 52 45 40
55 76 41 33 25
55 77 119 100 77
55 78 73 63 53
55 79 104 82 63
55 80 9 7 6
55 81 41 35 29
55 82 85 70 54
55 83 107 83 69
55 84 58 45 35
55 85 115 91 79
55 86 74 57 48
55 87 118 102 86
55 88 149 128 106
55 89 70 61 49
55 90 54 47 37
55 91 141 111 91
55 92 96 81 70
55 93 119 96 77
55 94 98 88 76
55 95 105 83 64
55 96 100 84 66
55 97 86 77 65
55 98 54 42 34
55 99 73 58 44
56 57 120 100 83
56 58 100 82 69
56 59 114 91 80
56 60 137 122 100
56 61 87 78 64
56 62 94 84 74
56 63 52 43 36
56 64 92 78 70
56 65 61 49 40
56 66 63 49 44
56 67 138 123 98
56 68 72 61 52
56 69 58 50 40
56 70 114 94 77
56 71 115 94 74
56 72 123 95 82
56 73 85 73 57
56 74 102 81 66
56 75 109 89 75
56 76 97 76 67
56 77 88 68 57
56 78 132 115 99
56 79 69 58 49
56 80 135 109 93
56 81 125 101 80
56 82 117 101 79
56 83 107 82 70
56 84 118 93 72
56 85 93 83 71
56 86 135 108 87
56 87 79 62 56
56 88 116 97 84
56 89 65 58 52
56 90 132 108 98
56 91 52 44 37
56 92 96 75 61
56 93 17 14 12
56 94 65 53 46
56 95 46 39 34
56 96 92 80 68
56 97 91 73 63
56 98 113 92 82
56 99 83 75 66
57 58 31 25 20
57 59 111 97 82
57 60 86 67 60
57 61 86 76 67
57 62 41 35 29
57 63 81 64 56
57 64 44 39 33
57 65 99 86 71
57 66 123 99 87
57 67 55 42 36
57 68 57 49 40
57 69 97 78 66
57 70 127 108 94
57 71 17 13 10
57 72 58 51 41
57 73 35 30 26
57 74 31 24 21
57 75 71 58 45
57 76 97 76 65
57 77 42 33 27
57 78 64 52 44
57 79 54 43 38
57 80 109 92 83
57 81 78 64 56
57 82 49 38 30
57 83 29 23 18
57 84 81 64 50
57 85 18 15 13
57 86 62 48 40
57 87 51 39 30
57 88 41 31 25
57 89 66 58 48
57 90 89 69 58
57 91 74 62 52
57 92 33 28 24
57 93 125 98 78
57 94 49 43 38
57 95 71 64 54
57 96 27 24 21
57 97 40 32 25
57 98 164 138 106
57 99 60 53 42
58 59 87 71 64
58 60 65 55 49
58 61 70 60 48
58 62 61 47 38
58 63 71 61 49
58 64 22 19 16
58 65 74 63 52
58 66 110 89 69
58 67 48 39 33
58 68 57 48 37
58 69 74 58 47
58 70 115 96 75
58 71 28 21 18
58 72 43 33 27
58 73 32 24 18
58 74 9 7 5
58 75 40 33 28
58 76 76 61 47
58 77 22 19 17
58 78 57 49 38
58 79 31 26 21
58 80 110 86 67
58 81 59 47 40
58 82 24 21 17
58 83 4 3 2
58 84 49 40 32
58 85 18 15 12
58 86 42 34 29
58 87 35 31 26
58 88 64 49 39
58 89 47 38 29
58 90 69 56 47
58 91 66 53 44
58 92 14 12 10
58 93 95 81 63
58 94 39 33 26
58 95 47 42 37
58 96 4 3 2
58 97 11 9 7
58 98 125 107 88
58 99 35 28 24
59 60 61 49 42
59 61 28 23 19
59 62 146 113 99
59 63 119 102 87
59 64 74 62 49
59 65 54 46 40
59 66 60 49 42
59 67 97 80 62
59 68 130 113 88
59 69 64 52 41
59 70 24 21 17
59 71 117 105 81
59 72 61 55 44
59 73 91 80 72
59 74 88 77 65
59 75 54 46 38
59 76 27 23 19
59 77 115 92 72
59 78 85 71 55
59 79 75 67 57
59 80 24 19 15
59 81 44 34 28
59 82 82 66 53
59 83 88 78 66
59 84 50 39 32
59 85 113 87 75
59 86 74 60 48
59 87 120 95 81
59 88 151 133 102
59 89 56 48 43
59 90 59 50 41
59 91 133 105 84
59 92 91 73 66
59 93 97 84 68
59 94 97 86 69
59 95 81 66 56
59 96 86 70 62
59 97 90 72 61
59 98 41 33 29
59 99 54 45 40
60 61 58 48 42
60 62 124 109 86
60 63 135 108 92
60 64 49 42 36
60 65 92 80 65
60 66 104 83 75
60 67 37 32 27
60 68 138 107 84
60 69 89 74 62
60 70 90 71 58
60 71 84 73 64
60 72 37 30 23
60 73 95 81 65
60 74 78 61 53
60 75 42 33 26
60 76 57 44 39
60 77 95 76 64
60 78 29 23 18
60 79 79 69 57
60 80 47 42 33
60 81 32 27 21
60 82 47 39 32
60 83 80 64 51
60 84 43 33 29
60 85 86 74 59
60 86 32 28 21
60 87 114 89 74
60 88 122 96 84
60 89 78 64 49
60 90 4 3 2
60 91 136 110 87
60 92 85 66 56
60 93 129 100 89
60 94 106 89 69
60 95 92 78 67
60 96 65 56 48
60 97 76 62 51
60 98 107 88 70
60 99 55 44 36
61 62 122 96 81
61 63 111 90 69
61 64 47 39 34
61 65 39 30 25
61 66 46 39 33
61 67 78 63 55
61 68 110 89 69
61 69 35 28 24
61 70 48 37 28
61 71 92 79 64
61 72 48 39 34
61 73 80 65 54
61 74 68 60 48
61 75 40 32 27
61 76 8 6 4
61 77 81 67 54
61 78 77 61 50
61 79 60 47 38
61 80 44 36 30
61 81 36 29 23
61 82 60 49 41
61 83 83 65 50
61 84 28 24 20
61 85 85 73 59
61 86 58 52 40
61 87 93 81 63
61 88 133 107 85
61 89 34 28 24
61 90 62 54 41
61 91 93 79 65
61 92 66 59 48
61 93 75 65 52
61 94 74 64 51
61 95 58 46 38
61 96 70 54 46
61 97 65 55 44
61 98 54 46 40
61 99 37 32 25
62 63 59 50 40
62 64 80 63 53
62 65 109 95 77
62 66 148 120 93
62 67 96 77 64
62 68 38 29 23
62 69 95 85 72
62 70 149 123 108
62 71 30 26 22
62 72 94 75 65
62 73 40 35 28
62 74 51 42 35
62 75 94 76 66
62 76 129 102 81
62 77 43 36 29
62 78 108 84 72
62 79 71 55 45
62 80 161 133 104
62 81 99 87 78
62 82 75 62 54
62 83 49 44 36
62 84 87 77 69
62 85 47 36 27
62 86 102 85 65
62 87 30 26 21
62 88 17 13 11
62 89 83 73 58
62 90 119 95 84
62 91 60 46 39
62 92 50 43 34
62 93 99 89 74
62 94 49 41 35
62 95 89 69 55
62 96 61 50 39
62 97 53 45 39
62 98 175 141 120
62 99 84 75 60
63 64 82 67 57
63 65 79 63 53
63 66 98 85 65
63 67 114 102 81
63 68 27 21 18
63 69 74 61 50
63 70 138 112 91
63 71 71 58 46
63 72 97 83 70
63 73 53 41 32
63 74 61 51 44
63 75 107 84 67
63 76 109 89 70
63 77 43 38 32
63 78 122 97 85
63 79 57 46 36
63 80 143 126 97
63 81 108 85 76
63 82 92 75 63
63 83 74 58 48
63 84 95 77 66
63 85 71 58 45
63 86 105 94 74
63 87 38 32 26
63 88 76 58 51
63 89 71 59 47
63 90 128 105 90
63 91 7 6 5
63 92 59 50 39
63 93 53 42 38
63 94 34 29 24
63 95 45 40 32
63 96 68 54 48
63 97 59 50 44
63 98 160 125 100
63 99 86 73 57
64 65 69 57 44
64 66 81 73 59
64 67 43 35 29
64 68 62 55 49
64 69 60 49 40
64 70 87 73 61
64 71 50 43 33
64 72 20 18 14
64 73 42 36 29
64 74 26 21 18
64 75 20 16 13
64 76 53 41 33
64 77 42 34 29
64 78 43 35 30
64 79 36 29 22
64 80 73 65 52
64 81 37 29 25
64 82 15 13 10
64 83 29 22 18
64 84 25 22 17
64 85 46 35 27
64 86 26 21 18
64 87 61 50 39
64 88 88 69 54
64 89 29 25 21
64 90 46 39 34
64 91 76 63 52
64 92 32 26 21
64 93 84 72 61
64 94 48 42 33
64 95 55 42 36
64 96 25 20 15
64 97 23 19 15
64 98 112 90 74
64 99 16 12 10
65 66 26 20 17
65 67 99 79 71
65 68 94 72 59
65 69 9 7 6
65 70 53 48 40
65 71 87 77 66
65 72 78 62 51
65 73 73 59 51
65 74 66 58 51
65 75 60 54 43
65 76 46 36 28
65 77 78 64 50
65 78 102 87 69
65 79 48 42 34
65 80 73 63 54
65 81 68 58 45
65 82 77 66 53
65 83 79 70 54
65 84 57 48 38
65 85 86 71 60
65 86 81 67 57
65 87 79 64 56
65 88 111 99 84
65 89 40 32 25
65 90 93 78 63
65 91 67 57 50
65 92 68 57 48
65 93 45 37 28
65 94 65 53 42
65 95 30 26 23
65 96 68 59 51
65 97 58 51 46
65 98 71 57 48
65 99 51 42 37
66 67 117 98 85
66 68 115 93 74
66 69 34 26 22
66 70 46 39 34
66 71 102 91 82
66 72 90 77 65
66 73 104 80 67
66 74 91 79 67
66 75 87 67 56
66 76 57 48 37
66 77 95 78 66
66 78 112 100 81
66 79 69 57 50
66 80 88 70 57
66 81 91 71 55
66 82 99 77 68
66 83 93 79 70
66 84 77 66 51
66 85 124 95 76
66 86 90 78 70
66 87 108 86 72
66 88 155 122 100
66 89 62 49 40
66 90 98 87 73
66 91 91 81 63
66 92 99 81 65
66 93 47 40 33
66 94 91 71 58
66 95 53 43 38
66 96 109 87 67
66 97 92 81 62
66 98 51 45 38
66 99 78 66 51
67 68 114 89 69
67 69 96 77 67
67 70 114 93 78
67 71 62 48 43
67 72 35 27 21
67 73 78 61 50
67 74 52 47 37
67 75 43 34 29
67 76 74 67 52
67 77 78 60 50
67 78 17 13 10
67 79 73 61 50
67 80 96 74 58
67 81 47 41 35
67 82 30 24 20
67 83 45 38 34
67 84 52 44 35
67 85 59 48 40
67 86 25 19 15
67 87 89 71 58
67 88 83 70 60
67 89 78 60 49
67 90 40 32 26
67 91 106 87 76
67 92 60 54 42
67 93 123 103 89
67 94 89 74 58
67 95 92 78 64
67 96 43 38 33
67 97 63 49 38
67 98 130 103 90
67 99 53 43 35
68 69 82 66 55
68 70 136 120 95
68 71 43 37 30
68 72 95 75 62
68 73 27 23 20
68 74 48 40 33
68 75 84 76 61
68 76 93 78 70
68 77 37 28 21
68 78 108 88 74
68 79 46 38 32
68 80 123 109 96
68 81 96 86 72
68 82 82 66 54
68 83 48 40 36
68 84 84 71 62
68 85 45 39 30
68 86 99 82 65
68 87 16 14 11
68 88 50 38 33
68 89 67 53 46
68 90 119 102 83
68 91 27 21 16
68 92 47 38 29
68 93 72 62 51
68 94 28 23 19
68 95 48 40 36
68 96 56 48 37
68 97 48 39 34
68 98 148 130 105
68 99 78 67 52
69 70 62 49 42
69 71 79 70 60
69 72 63 54 47
69 73 76 59 46
69 74 69 56 46
69 75 55 49 40
69 76 39 34 27
69 77 61 52 45
69 78 92 78 65
69 79 46 36 29
69 80 83 66 54
69 81 64 51 42
69 82 70 62 48
69 83 72 59 49
69 84 52 42 35
69 85 78 62 55
69 86 83 68 53
69 87 84 65 51
69 88 107 94 79
69 89 27 23 20
69 90 89 75 60
69 91 75 60 46
69 92 58 48 43
69 93 46 37 29
69 94 52 46 38
69 95 30 25 19
69 96 59 53 46
69 97 59 46 41
69 98 74 65 51
69 99 43 38 32
70 71 142 115 92
70 72 84 69 59
70 73 110 98 81
70 74 105 90 76
70 75 81 63 52
70 76 46 37 29
70 77 113 101 80
70 78 99 80 71
70 79 100 80 64
70 80 40 33 29
70 81 62 55 44
70 82 94 83 67
70 83 108 89 77
70 84 63 52 46
70 85 130 109 86
70 86 86 74 63
70 87 133 115 89
70 88 147 125 113
70 89 78 60 51
70 90 84 66 57
70 91 116 98 88
70 92 117 92 76
70 93 88 73 65
70 94 121 95 76
70 95 89 78 60
70 96 106 92 74
70 97 105 81 71
70 98 20 16 13
70 99 78 61 52
71 72 63 55 43
71 73 26 23 18
71 74 24 20 16
71 75 61 55 45
71 76 95 81 63
71 77 29 22 18
71 78 79 65 50
71 79 44 39 32
71 80 115 93 84
71 81 82 68 57
71 82 45 37 33
71 83 23 20 16
71 84 68 59 49
71 85 10 8 6
71 86 67 58 44
71 87 28 23 20
71 88 30 25 22
71 89 68 53 43
71 90 102 81 62
71 91 58 52 42
71 92 29 24 18
71 93 101 90 70
71 94 43 38 29
71 95 67 59 47
71 96 29 23 19
71 97 28 24 21
71 98 140 120 104
71 99 60 46 41
72 73 59 53 43
72 74 46 37 31
72 75 13 11 9
72 76 52 42 32
72 77 64 55 42
72 78 28 24 18
72 79 46 41 36
72 80 60 51 43
72 81 27 21 16
72 82 16 14 11
72 83 43 35 29
72 84 21 19 15
72 85 57 44 38
72 86 9 7 6
72 87 74 58 52
72 88 98 81 64
72 89 44 37 31
72 90 32 25 21
72 91 92 82 66
72 92 53 43 34
72 93 99 84 72
72 94 71 56 47
72 95 72 57 48
72 96 42 34 27
72 97 43 37 29
72 98 102 86 71
72 99 26 20 16
73 74 19 16 13
73 75 59 49 42
73 76 70 62 54
73 77 3 2 1
73 78 76 67 55
73 79 25 21 17
73 80 123 96 78
73 81 81 64 53
73 82 48 39 34
73 83 25 20 17
73 84 55 49 43
73 85 21 18 14
73 86 57 51 45
73 87 17 13 10
73 88 55 44 34
73 89 51 40 31
73 90 106 82 63
73 91 41 32 28
73 92 14 11 9
73 93 76 67 53
73 94 18 16 12
73 95 41 35 30
73 96 27 22 18
73 97 25 20 15
73 98 150 117 92
73 99 52 40 34
74 75 44 38 31
74 76 71 56 48
74 77 19 15 13
74 78 57 47 42
74 79 29 23 18
74 80 98 78 69
74 81 62 54 43
74 82 30 25 21
74 83 9 7 5
74 84 57 44 34
74 85 18 15 11
74 86 46 39 33
74 87 34 29 22
74 88 53 44 37
74 89 37 32 28
74 90 70 62 51
74 91 51 45 40
74 92 8 7 5
74 93 92 76 60
74 94 30 27 22
74 95 48 38 34
74 96 8 6 5
74 97 9 7 5
74 98 132 104 88
74 99 39 31 25
75 76 40 31 24
75 77 65 53 41
75 78 41 32 26
75 79 44 38 32
75 80 57 48 39
75 81 17 14 12
75 82 23 20 15
75 83 45 36 30
75 84 12 9 7
75 85 66 51 40
75 86 20 17 14
75 87 82 66 51
75 88 91 75 67
75 89 36 29 24
75 90 35 30 24
75 91 92 75 62
75 92 48 38 33
75 93 100 77 65
75 94 58 51 44
75 95 69 54 42
75 96 40 32 27
75 97 41 34 28
75 98 93 79 64
75 99 15 12 10
76 77 77 63 54
76 78 77 61 47
76 79 56 44 39
76 80 42 36 28
76 81 28 22 19
76 82 54 47 38
76 83 69 59 49
76 84 28 23 18
76 85 83 70 58
76 86 50 43 37
76 87 86 73 63
76 88 116 97 84
76 89 41 32 25
76 90 51 43 37
76 91 96 84 66
76 92 69 59 48
76 93 72 62 55
76 94 80 63 51
76 95 57 49 40
76 96 69 53 45
76 97 57 49 43
76 98 60 50 42
76 99 33 27 23
77 78 75 63 54
77 79 29 23 17
77 80 117 101 78
77 81 71 62 52
77 82 44 39 34
77 83 29 22 17
77 84 62 50 43
77 85 22 19 15
77 86 62 53 45
77 87 18 14 11
77 88 49 42 34
77 89 43 38 30
77 90 104 81 63
77 91 44 36 28
77 92 16 12 9
77 93 81 68 53
77 94 20 15 12
77 95 44 37 29
77 96 25 20 17
77 97 21 18 14
77 98 129 109 92
77 99 50 40 34
78 79 72 60 51
78 80 73 64 49
78 81 42 37 28
78 82 34 28 22
78 83 57 45 39
78 84 44 36 31
78 85 63 53 46
78 86 20 15 12
78 87 103 82 64
78 88 90 79 69
78 89 76 62 48
78 90 26 21 17
78 91 120 97 80
78 92 66 57 46
78 93 113 100 89
78 94 94 72 61
78 95 87 75 65
78 96 49 44 38
78 97 60 47 42
78 98 129 104 83
78 99 51 44 34
79 80 92 82 64
79 81 60 49 41
79 82 46 40 31
79 83 34 28 22
79 84 50 39 31
79 85 43 33 27
79 86 67 52 40
79 87 36 32 25
79 88 72 59 50
79 89 21 18 15
79 90 89 71 55
79 91 50 38 31
79 92 24 19 15
79 93 61 53 42
79 94 18 16 14
79 95 25 20 17
79 96 32 25 20
79 97 20 17 15
79 98 105 91 76
79 99 36 28 22
80 81 38 30 27
80 82 76 65 53
80 83 94 80 69
80 84 49 42 36
80 85 103 87 78
80 86 70 58 45
80 87 119 98 87
80 88 161 132 105
80 89 75 61 51
80 90 49 38 33
80 91 130 106 93
80 92 104 92 71
80 93 116 95 82
80 94 106 91 77
80 95 94 82 67
80 96 99 83 66
80 97 92 79 65
80 98 61 50 39
80 99 60 51 45
81 82 37 29 26
81 83 66 52 42
81 84 17 13 11
81 85 81 65 52
81 86 31 25 20
81 87 85 76 62
81 88 119 101 78
81 89 46 37 31
81 90 28 23 19
81 91 103 85 72
81 92 66 59 45
81 93 91 79 70
81 94 81 68 54
81 95 76 63 49
81 96 60 50 39
81 97 63 51 39
81 98 90 73 56
81 99 34 26 20
82 83 30 24 19
82 84 34 26 21
82 85 42 33 28
82 86 21 16 12
82 87 70 55 43
82 88 79 67 54
82 89 44 37 30
82 90 42 34 30
82 91 78 67 59
82 92 40 33 25
82 93 104 83 70
82 94 59 49 40
82 95 71 56 45
82 96 27 22 17
82 97 29 23 20
82 98 118 92 79
82 99 26 20 17
83 84 46 40 34
83 85 16 12 10
83 86 49 39 31
83 87 34 28 25
83 88 56 47 37
83 89 51 39 30
83 90 72 62 49
83 91 61 54 44
83 92 13 11 9
83 93 85 75 64
83 94 36 31 26
83 95 50 44 38
83 96 7 5 4
83 97 12 10 8
83 98 143 113 89
83 99 37 32 26
84 85 74 57 44
84 86 32 26 20
84 87 80 68 53
84 88 109 89 71
84 89 33 26 21
84 90 41 33 27
84 91 92 79 62
84 92 51 42 36
84 93 95 79 61
84 94 72 55 44
84 95 65 51 39
84 96 45 39 31
84 97 49 39 30
84 98 82 71 59
84 99 17 13 10
85 86 58 47 39
85 87 30 24 20
85 88 41 32 28
85 89 52 44 38
85 90 88 71 58
85 91 64 49 41
85 92 18 15 12
85 93 97 85 66
85 94 38 31 26
85 95 60 53 42
85 96 20 16 13
85 97 22 18 15
85 98 143 127 98
85 99 52 42 35
86 87 76 67 55
86 88 80 71 64
86 89 53 41 36
86 90 28 22 19
86 91 104 83 70
86 92 62 48 37
86 93 113 91 78
86 94 81 62 51
86 95 87 67 53
86 96 39 34 29
86 97 54 41 32
86 98 112 89 76
86 99 29 25 22
87 88 47 38 29
87 89 58 51 39
87 90 95 82 72
87 91 30 27 23
87 92 29 25 19
87 93 86 70 54
87 94 22 18 14
87 95 53 43 34
87 96 42 34 27
87 97 33 28 24
87 98 130 115 100
87 99 64 51 44
88 89 83 73 63
88 90 114 99 82
88 91 69 55 49
88 92 54 45 38
88 93 117 94 83
88 94 64 55 43
88 95 85 75 62
88 96 61 50 40
88 97 60 51 42
88 98 175 147 124
88 99 86 71 62
89 90 73 59 47
89 91 64 56 43
89 92 41 34 26
89 93 61 54 42
89 94 40 34 27
89 95 29 23 19
89 96 40 33 27
89 97 33 27 23
89 98 90 71 62
89 99 22 18 15
90 91 135 109 86
90 92 77 68 54
90 93 137 114 88
90 94 96 74 67
90 95 95 78 65
90 96 72 56 47
90 97 80 62 49
90 98 103 85 70
90 99 49 43 34
91 92 56 44 35
91 93 55 47 37
91 94 28 22 19
91 95 45 35 28
91 96 68 53 44
91 97 54 44 39
91 98 137 121 97
91 99 74 66 53
92 93 86 70 55
92 94 29 22 17
92 95 43 37 31
92 96 14 11 9
92 97 10 8 6
92 98 124 110 87
92 99 35 31 26
93 94 67 54 42
93 95 39 31 26
93 96 86 77 62
93 97 86 72 56
93 98 109 88 71
93 99 89 73 56
94 95 27 24 20
94 96 34 29 25
94 97 29 26 21
94 98 128 110 87
94 99 49 40 35
95 96 51 45 36
95 97 45 38 31
95 98 103 85 69
95 99 49 42 33
96 97 9 7 6
96 98 127 108 86
96 99 34 27 23
97 98 129 105 83
97 99 33 25 21
98 99 92 78 65
7
8
4
3
9
1
2
8
9
2
1
9
9
4
6
10
6
7
9
5
5
8
1
9
9
7
4
7
10
7
8
10
3
3
8
10
2
3
9
4
1
4
3
7
4
3
7
8
7
7
2
10
6
6
10
3
3
8
7
4
4
5
1
4
9
2
9
10
4
6
4
5
5
4
9
5
2
10
5
8
4
3
4
5
2
7
8
8
2
10
5
4
8
4
4
10
2
1
9
8
