100 4950
0 1 85 74 60
0 2 64 54 48
0 3 78 64 53
0 4 37 29 26
0 5 65 51 43
0 6 38 29 26
0 7 55 42 34
0 8 59 46 35
0 9 74 63 56
0 10 63 50 43
0 11 52 45 39
0 12 49 43 38
0 13 72 55 42
0 14 44 35 29
0 15 39 32 26
0 16 70 57 48
0 17 78 67 58
0 18 73 64 53
0 19 24 18 15
0 20 57 50 45
0 21 74 66 52
0 22 44 34 29
0 23 76 66 54
0 24 59 51 45
0 25 62 49 42
0 26 89 70 54
0 27 92 71 55
0 28 9 7 5
0 29 50 44 34
0 30 33 28 24
0 31 90 75 61
0 32 68 53 45
0 33 37 32 27
0 34 92 77 66
0 35 90 74 60
0 36 86 75 63
0 37 46 39 33
0 38 60 49 43
0 39 45 36 31
0 40 60 53 43
0 41 74 63 51
0 42 22 18 15
0 43 100 78 62
0 44 55 48 38
0 45 50 42 34
0 46 23 19 17
0 47 11 8 6
0 48 69 54 46
0 49 76 67 55
0 50 87 75 60
0 51 51 45 37
0 52 40 31 28
0 53 37 32 28
0 54 82 73 64
0 55 12 9 7
0 56 59 50 40
0 57 46 38 29
0 58 57 46 40
0 59 100 86 73
0 60 90 76 65
0 61 81 66 58
0 62 87 71 55
0 63 36 29 26
0 64 83 69 62
0 65 43 34 26
0 66 43 34 26
0 67 56 49 42
0 68 59 47 39
0 69 46 39 34
0 70 46 39 31
0 71 72 59 48
0 72 69 62 48
0 73 65 51 44
0 74 69 61 49
0 75 29 25 22
0 76 54 42 34
0 77 48 42 36
0 78 74 62 50
0 79 33 25 19
0 80 37 29 22
0 81 78 70 58
0 82 88 74 58
0 83 112 91 76
0 84 73 60 46
0 85 32 24 18
0 86 73 62 55
0 87 41 32 25
0 88 59 51 39
0 89 60 46 38
0 90 39 31 25
0 91 40 35 27
0 92 68 53 47
0 93 73 64 52
0 94 76 65 51
0 95 49 42 37
0 96 71 60 54
0 97 43 36 28
0 98 33 29 22
0 99 57 50 44
1 2 55 48 39
1 3 164 136 110
1 4 77 60 49
1 5 81 63 50
1 6 96 81 71
1 7 143 121 93
1 8 108 90 77
1 9 56 44 38
1 10 65 58 47
1 11 45 37 28
1 12 82 67 58
1 13 86 73 56
1 14 105 92 83
1 15 91 75 67
1 16 25 19 16
1 17 9 8 7
1 18 149 132 110
1 19 61 53 45
1 20 66 53 46
1 21 165 140 108
1 22 127 109 88
1 23 71 58 45
1 24 122 97 87
1 25 44 39 34
1 26 113 89 80
1 27 54 46 37
1 28 84 67 55
1 29 130 104 93
1 30 135 104 83
1 31 66 54 48
1 32 51 40 33
1 33 125 101 86
1 34 30 25 19
1 35 177 138 114
1 36 85 65 58
1 37 40 33 28
1 38 76 60 51
1 39 93 74 61
1 40 146 114 101
1 41 34 27 21
1 42 81 70 61
1 43 39 35 29
1 44 147 124 96
1 45 127 111 86
1 46 113 89 72
1 47 93 78 63
1 48 34 28 25
1 49 15 11 9
1 50 26 20 15
1 51 114 100 77
1 52 111 95 85
1 53 94 83 75
1 54 21 18 14
1 55 82 69 56
1 56 132 102 88
1 57 129 101 88
1 58 141 114 94
1 59 20 16 14
1 60 14 12 9
1 61 132 107 89
1 62 123 98 82
1 63 71 61 49
1 64 77 61 49
1 65 111 91 76
1 66 126 105 85
1 67 43 36 32
1 68 155 124 98
1 69 50 41 36
1 70 119 98 80
1 71 144 117 103
1 72 90 74 59
1 73 131 107 83
1 74 106 91 82
1 75 112 100 80
1 76 151 121 93
1 77 131 115 91
1 78 101 79 71
1 79 66 55 45
1 80 113 90 74
1 81 54 43 36
1 82 61 47 41
1 83 26 22 17
1 84 127 99 82
1 85 75 60 51
1 86 187 144 112
1 87 89 70 60
1 88 35 27 22
1 89 127 107 96
1 90 107 84 70
1 91 58 52 43
1 92 41 32 28
1 93 38 31 24
1 94 17 13 11
1 95 95 82 64
1 96 156 134 112
1 97 74 59 53
1 98 91 81 71
1 99 100 89 69
2 3 157 124 99
2 4 77 65 56
2 5 19 15 13
2 6 114 91 70
2 7 116 96 80
2 8 69 55 46
2 9 89 77 66
2 10 94 81 65
2 11 74 59 45
2 12 31 28 24
2 13 99 87 71
2 14 87 71 59
2 15 61 51 40
2 16 65 51 42
2 17 58 49 43
2 18 147 125 99
2 19 55 49 38
2 20 11 9 8
2 21 140 119 99
2 22 98 82 71
2 23 116 90 70
2 24 78 67 54
2 25 13 11 9
2 26 60 47 42
2 27 85 75 65
2 28 62 55 43
2 29 100 88 76
2 30 107 86 67
2 31 97 87 76
2 32 13 11 8
2 33 109 88 70
2 34 83 69 56
2 35 147 127 107
2 36 118 104 84
2 37 37 32 26
2 38 24 18 15
2 39 103 83 68
2 40 120 109 88
2 41 81 63 50
2 42 88 73 58
2 43 104 80 63
2 44 99 87 75
2 45 106 96 82
2 46 67 60 52
2 47 63 53 48
2 48 22 18 16
2 49 49 39 30
2 50 40 32 28
2 51 118 93 81
2 52 113 93 75
2 53 115 88 74
2 54 77 60 52
2 55 54 48 42
2 56 111 100 87
2 57 107 94 74
2 58 124 107 88
2 59 72 57 48
2 60 69 59 48
2 61 140 124 99
2 62 62 50 45
2 63 39 31 24
2 64 124 96 77
2 65 81 66 51
2 66 94 77 67
2 67 15 12 10
2 68 107 96 82
2 69 64 56 49
2 70 119 96 77
2 71 134 115 95
2 72 114 95 76
2 73 121 106 88
2 74 74 62 47
2 75 86 75 62
2 76 109 91 76
2 77 124 99 83
2 78 48 39 33
2 79 65 57 46
2 80 73 65 51
2 81 98 77 66
2 82 91 78 69
2 83 78 60 50
2 84 133 116 89
2 85 82 64 52
2 86 142 122 101
2 87 82 73 64
2 88 47 42 37
2 89 126 103 82
2 90 101 78 70
2 91 80 67 51
2 92 20 15 12
2 93 83 66 53
2 94 58 46 40
2 95 98 88 74
2 96 127 110 99
2 97 81 70 61
2 98 104 88 68
2 99 42 37 32
3 4 86 72 64
3 5 121 108 91
3 6 60 51 42
3 7 26 21 19
3 8 87 76 67
3 9 139 117 93
3 10 109 90 76
3 11 130 106 85
3 12 135 108 83
3 13 105 81 69
3 14 61 53 48
3 15 88 74 65
3 16 134 113 96
3 17 155 132 107
3 18 7 5 4
3 19 113 87 67
3 20 131 111 94
3 21 8 6 4
3 22 45 40 31
3 23 121 102 88
3 24 98 82 70
3 25 144 122 94
3 26 125 107 89
3 27 140 115 94
3 28 74 66 58
3 29 42 33 26
3 30 46 40 34
3 31 129 105 93
3 32 152 118 97
3 33 47 38 30
3 34 176 137 112
3 35 18 15 11
3 36 115 102 90
3 37 120 94 85
3 38 142 118 91
3 39 88 71 56
3 40 21 17 13
3 41 145 124 96
3 42 62 55 49
3 43 165 131 104
3 44 53 42 33
3 45 37 31 27
3 46 73 57 49
3 47 68 58 52
3 48 149 121 98
3 49 133 118 107
3 50 146 127 112
3 51 58 52 43
3 52 40 33 26
3 53 56 47 38
3 54 159 141 111
3 55 86 74 58
3 56 45 37 30
3 57 38 31 25
3 58 27 24 19
3 59 181 150 124
3 60 156 139 113
3 61 76 68 54
3 62 110 99 89
3 63 113 99 76
3 64 131 117 94
3 65 78 68 55
3 66 54 43 35
3 67 143 118 95
3 68 30 27 21
3 69 99 86 77
3 70 52 41 34
3 71 12 10 9
3 72 102 87 72
3 73 55 47 42
3 74 99 89 80
3 75 59 50 39
3 76 40 34 27
3 77 31 24 19
3 78 123 100 90
3 79 107 85 66
3 80 74 59 52
3 81 139 122 97
3 82 143 116 94
3 83 184 145 127
3 84 67 60 47
3 85 88 72 60
3 86 4 3 2
3 87 81 69 53
3 88 137 106 88
3 89 30 23 18
3 90 64 49 43
3 91 95 81 69
3 92 144 114 100
3 93 140 117 96
3 94 145 120 100
3 95 80 70 57
3 96 10 8 6
3 97 90 69 62
3 98 57 45 40
3 99 126 106 84
4 5 81 70 57
4 6 35 27 23
4 7 79 63 50
4 8 80 72 60
4 9 53 41 32
4 10 25 20 17
4 11 33 25 22
4 12 78 70 56
4 13 28 22 17
4 14 81 66 55
4 15 81 65 50
4 16 54 41 34
4 17 71 56 45
4 18 99 79 65
4 19 34 28 22
4 20 78 68 57
4 21 96 77 62
4 22 67 60 50
4 23 44 35 28
4 24 100 88 71
4 25 78 62 48
4 26 109 96 76
4 27 44 36 31
4 28 38 29 26
4 29 71 62 54
4 30 66 57 45
4 31 53 43 35
4 32 66 59 51
4 33 77 60 48
4 34 69 61 48
4 35 95 79 67
4 36 53 41 37
4 37 54 41 32
4 38 94 74 57
4 39 20 16 13
4 40 82 74 58
4 41 49 37 33
4 42 26 20 17
4 43 56 48 40
4 44 91 71 60
4 45 53 47 38
4 46 65 55 43
4 47 50 41 32
4 48 73 60 47
4 49 76 58 49
4 50 89 73 56
4 51 42 34 28
4 52 58 50 40
4 53 42 35 27
4 54 77 63 48
4 55 49 38 29
4 56 53 47 40
4 57 69 56 46
4 58 64 54 46
4 59 81 72 62
4 60 74 61 51
4 61 68 53 44
4 62 117 93 78
4 63 64 53 42
4 64 50 43 36
4 65 83 65 52
4 66 80 63 48
4 67 77 63 48
4 68 89 68 57
4 69 21 18 14
4 70 50 41 32
4 71 86 72 56
4 72 36 29 23
4 73 55 43 35
4 74 108 87 73
4 75 65 58 45
4 76 86 69 54
4 77 61 55 46
4 78 96 84 70
4 79 17 14 12
4 80 76 59 48
4 81 53 42 34
4 82 45 40 33
4 83 86 76 65
4 84 50 43 35
4 85 13 11 9
4 86 85 74 66
4 87 20 16 12
4 88 43 35 28
4 89 81 65 54
4 90 36 29 22
4 91 11 9 7
4 92 66 59 51
4 93 44 39 32
4 94 54 45 39
4 95 26 22 18
4 96 103 80 67
4 97 9 7 5
4 98 41 33 25
4 99 105 84 65
5 6 104 85 67
5 7 114 94 72
5 8 50 40 34
5 9 96 81 72
5 10 100 88 68
5 11 71 61 51
5 12 18 14 11
5 13 104 85 73
5 14 62 54 48
5 15 43 35 29
5 16 82 64 50
5 17 75 65 54
5 18 145 114 90
5 19 57 46 36
5 20 9 7 5
5 21 131 111 91
5 22 99 77 62
5 23 110 88 75
5 24 52 46 41
5 25 24 20 17
5 26 43 36 30
5 27 102 91 71
5 28 57 49 38
5 29 94 78 67
5 30 84 69 58
5 31 111 91 82
5 32 23 20 18
5 33 87 72 62
5 34 92 83 66
5 35 132 111 100
5 36 126 101 88
5 37 52 40 31
5 38 4 3 2
5 39 94 77 67
5 40 108 89 79
5 41 89 72 58
5 42 85 72 55
5 43 109 85 71
5 44 94 82 65
5 45 115 91 77
5 46 61 48 43
5 47 66 53 41
5 48 37 30 26
5 49 61 47 41
5 50 54 48 41
5 51 107 93 78
5 52 100 88 69
5 53 93 79 70
5 54 90 74 62
5 55 57 48 37
5 56 119 105 82
5 57 104 81 67
5 58 128 104 82
5 59 89 68 60
5 60 87 70 59
5 61 124 110 98
5 62 48 38 32
5 63 26 22 17
5 64 116 95 82
5 65 56 48 40
5 66 74 66 58
5 67 28 22 19
5 68 120 95 73
5 69 79 66 53
5 70 102 85 73
5 71 132 104 88
5 72 122 103 79
5 73 124 99 85
5 74 57 44 34
5 75 87 69 53
5 76 101 84 66
5 77 109 95 76
5 78 33 28 21
5 79 73 58 46
5 80 63 53 41
5 81 96 87 72
5 82 117 96 75
5 83 82 70 62
5 84 124 103 87
5 85 70 60 51
5 86 142 113 93
5 87 91 76 63
5 88 67 52 44
5 89 116 93 74
5 90 94 75 67
5 91 77 62 52
5 92 32 28 23
5 93 93 74 61
5 94 69 56 49
5 95 95 86 74
5 96 119 101 91
5 97 81 71 61
5 98 95 75 64
5 99 31 25 20
6 7 45 39 30
6 8 93 75 58
6 9 84 65 52
6 10 48 40 35
6 11 66 54 44
6 12 95 82 63
6 13 42 33 28
6 14 70 60 47
6 15 68 56 50
6 16 87 68 56
6 17 100 82 67
6 18 70 56 44
6 19 46 41 33
6 20 103 86 69
6 21 60 49 40
6 22 50 44 35
6 23 68 60 47
6 24 108 85 67
6 25 85 70 63
6 26 116 99 78
6 27 77 59 52
6 28 45 34 29
6 29 57 44 37
6 30 43 38 31
6 31 74 60 52
6 32 84 73 66
6 33 43 38 32
6 34 110 91 70
6 35 63 53 45
6 36 70 57 50
6 37 78 62 50
6 38 110 86 67
6 39 21 18 15
6 40 54 43 38
6 41 77 68 55
6 42 20 15 12
6 43 85 69 62
6 44 73 58 46
6 45 23 19 16
6 46 49 42 37
6 47 47 36 29
6 48 93 75 64
6 49 111 89 69
6 50 102 87 76
6 51 18 16 12
6 52 31 26 21
6 53 8 6 5
6 54 95 82 70
6 55 51 41 32
6 56 26 23 18
6 57 45 37 29
6 58 38 29 24
6 59 131 102 84
6 60 103 92 73
6 61 50 43 33
6 62 117 97 80
6 63 70 62 50
6 64 79 64 53
6 65 70 55 47
6 66 52 43 35
6 67 82 72 63
6 68 56 46 39
6 69 59 47 36
6 70 14 12 10
6 71 49 44 34
6 72 53 42 32
6 73 29 25 19
6 74 112 93 73
6 75 47 40 33
6 76 56 45 38
6 77 38 29 25
6 78 122 95 75
6 79 43 34 27
6 80 57 50 43
6 81 77 62 55
6 82 79 67 52
6 83 123 106 87
6 84 34 26 21
6 85 30 25 20
6 86 68 57 44
6 87 19 15 11
6 88 76 61 49
6 89 50 42 35
6 90 3 2 1
6 91 43 37 29
6 92 94 81 67
6 93 72 63 54
6 94 93 78 61
6 95 27 23 18
6 96 71 58 46
6 97 31 26 20
6 98 8 7 6
6 99 110 87 69
7 8 67 55 49
7 9 118 100 80
7 10 85 72 64
7 11 102 85 69
7 12 87 79 64
7 13 83 70 58
7 14 52 41 32
7 15 73 61 47
7 16 123 99 79
7 17 136 115 90
7 18 29 24 19
7 19 69 59 49
7 20 99 85 76
7 21 31 24 19
7 22 21 16 14
7 23 120 96 76
7 24 79 66 55
7 25 116 92 75
7 26 103 93 72
7 27 130 103 80
7 28 59 50 39
7 29 17 13 11
7 30 24 20 15
7 31 111 96 81
7 32 103 90 79
7 33 16 14 12
7 34 148 118 96
7 35 40 34 28
7 36 110 92 80
7 37 90 76 67
7 38 102 82 72
7 39 63 56 44
7 40 13 11 9
7 41 120 93 81
7 42 45 40 33
7 43 130 105 89
7 44 32 27 21
7 45 29 25 19
7 46 44 35 30
7 47 49 41 33
7 48 110 91 80
7 49 132 103 89
7 50 151 122 94
7 51 51 45 36
7 52 15 12 10
7 53 40 32 27
7 54 147 123 95
7 55 64 49 39
7 56 34 30 26
7 57 9 7 6
7 58 25 20 16
7 59 157 139 107
7 60 143 119 97
7 61 76 63 52
7 62 111 88 72
7 63 88 69 57
7 64 124 96 82
7 65 59 47 38
7 66 27 21 17
7 67 113 91 76
7 68 15 13 10
7 69 87 74 62
7 70 29 26 23
7 71 25 22 17
7 72 86 77 62
7 73 53 44 38
7 74 100 80 64
7 75 29 24 20
7 76 18 16 13
7 77 14 11 9
7 78 97 80 72
7 79 74 59 49
7 80 50 39 34
7 81 121 103 83
7 82 114 90 81
7 83 175 134 109
7 84 65 56 43
7 85 65 54 44
7 86 32 27 21
7 87 55 49 40
7 88 103 92 71
7 89 11 8 6
7 90 41 35 30
7 91 75 67 54
7 92 128 98 81
7 93 118 94 81
7 94 119 100 83
7 95 74 57 47
7 96 28 23 20
7 97 65 57 48
7 98 40 31 26
7 99 94 79 66
8 9 125 112 86
8 10 120 93 76
8 11 101 86 66
8 12 34 27 23
8 13 102 91 76
8 14 29 22 19
8 15 18 14 11
8 16 104 89 70
8 17 110 93 78
8 18 90 78 65
8 19 57 49 41
8 20 57 46 39
8 21 89 80 67
8 22 57 44 36
8 23 140 111 86
8 24 18 15 11
8 25 70 59 46
8 26 32 27 23
8 27 138 111 86
8 28 52 44 35
8 29 59 51 41
8 30 53 42 35
8 31 148 121 93
8 32 72 60 49
8 33 53 43 38
8 34 122 109 89
8 35 105 90 77
8 36 158 125 97
8 37 70 60 51
8 38 44 39 33
8 39 87 75 65
8 40 77 62 54
8 41 109 86 77
8 42 72 62 49
8 43 130 106 90
8 44 52 46 35
8 45 90 77 61
8 46 37 29 23
8 47 41 36 30
8 48 80 64 54
8 49 98 85 69
8 50 97 82 71
8 51 94 77 69
8 52 72 64 50
8 53 84 67 60
8 54 137 107 86
8 55 50 38 31
8 56 101 87 68
8 57 58 52 44
8 58 94 76 63
8 59 131 108 89
8 60 139 108 84
8 61 117 105 90
8 62 35 27 24
8 63 43 33 28
8 64 128 116 94
8 65 19 16 13
8 66 46 39 33
8 67 61 55 48
8 68 69 53 47
8 69 92 76 64
8 70 82 68 60
8 71 107 83 66
8 72 124 95 82
8 73 110 94 75
8 74 22 19 16
8 75 40 35 30
8 76 63 49 40
8 77 86 68 56
8 78 41 31 24
8 79 75 61 50
8 80 29 22 17
8 81 137 109 88
8 82 138 109 89
8 83 131 116 91
8 84 121 102 79
8 85 81 64 52
8 86 94 76 68
8 87 90 74 60
8 88 93 75 62
8 89 72 59 49
8 90 93 74 58
8 91 95 73 59
8 92 83 66 53
8 93 117 96 78
8 94 116 91 72
8 95 97 87 72
8 96 90 77 65
8 97 99 79 62
8 98 85 67 54
8 99 28 23 19
9 10 24 20 18
9 11 32 28 22
9 12 107 92 76
9 13 35 30 26
9 14 122 98 85
9 15 113 88 76
9 16 38 29 26
9 17 52 40 31
9 18 122 110 95
9 19 70 58 46
9 20 103 80 70
9 21 121 106 91
9 22 127 102 81
9 23 12 10 8
9 24 147 119 97
9 25 85 74 58
9 26 148 127 98
9 27 3 2 1
9 28 80 66 54
9 29 128 103 85
9 30 110 93 76
9 31 15 13 11
9 32 79 67 59
9 33 113 89 79
9 34 35 28 25
9 35 147 115 95
9 36 31 26 21
9 37 59 48 42
9 38 96 83 73
9 39 63 49 38
9 40 147 114 88
9 41 24 21 17
9 42 77 60 48
9 43 18 15 13
9 44 133 116 91
9 45 91 78 67
9 46 102 92 72
9 47 81 69 61
9 48 76 63 52
9 49 63 56 43
9 50 73 60 51
9 51 70 60 53
9 52 120 92 71
9 53 87 67 55
9 54 42 33 28
9 55 93 72 57
9 56 93 76 66
9 57 126 100 77
9 58 110 92 75
9 59 76 59 46
9 60 50 39 34
9 61 86 68 58
9 62 141 115 100
9 63 92 81 62
9 64 18 15 12
9 65 100 90 80
9 66 105 92 79
9 67 80 71 56
9 68 115 104 88
9 69 33 26 23
9 70 93 76 60
9 71 115 104 85
9 72 36 31 26
9 73 90 72 57
9 74 136 115 97
9 75 101 84 76
9 76 122 95 85
9 77 107 85 76
9 78 134 110 90
9 79 52 43 37
9 80 105 90 76
9 81 6 5 4
9 82 7 5 4
9 83 71 55 49
9 84 74 66 54
9 85 61 50 39
9 86 129 107 95
9 87 61 52 41
9 88 42 36 29
9 89 114 95 85
9 90 73 61 51
9 91 49 38 29
9 92 85 68 56
9 93 23 19 15
9 94 43 38 30
9 95 51 44 38
9 96 133 119 97
9 97 53 43 33
9 98 83 70 55
9 99 136 110 86
10 11 33 27 21
10 12 103 82 69
10 13 14 12 10
10 14 101 84 71
10 15 86 74 66
10 16 47 37 32
10 17 67 52 41
10 18 129 100 78
10 19 57 47 36
10 20 89 76 67
10 21 103 88 74
10 22 87 73 66
10 23 19 17 13
10 24 116 102 86
10 25 83 65 56
10 26 136 109 90
10 27 26 21 18
10 28 58 51 42
10 29 98 82 69
10 30 100 77 61
10 31 31 24 19
10 32 82 70 58
10 33 80 70 63
10 34 65 51 40
10 35 108 97 77
10 36 31 27 22
10 37 55 45 39
10 38 107 84 69
10 39 34 26 21
10 40 115 92 72
10 41 37 30 26
10 42 44 37 33
10 43 44 37 29
10 44 123 98 76
10 45 71 61 50
10 46 88 69 59
10 47 74 61 48
10 48 76 63 53
10 49 65 58 49
10 50 88 68 57
10 51 56 47 36
10 52 84 67 54
10 53 56 43 38
10 54 56 50 41
10 55 64 55 45
10 56 80 61 49
10 57 87 70 61
10 58 90 74 58
10 59 89 70 58
10 60 67 56 46
10 61 60 53 43
10 62 151 117 92
10 63 78 65 55
10 64 28 23 20
10 65 88 77 68
10 66 99 76 64
10 67 79 69 55
10 68 109 88 72
10 69 25 19 16
10 70 67 56 43
10 71 109 84 68
10 72 22 17 13
10 73 63 48 41
10 74 126 109 88
10 75 89 74 61
10 76 110 86 70
10 77 83 66 59
10 78 123 109 84
10 79 41 33 26
10 80 95 79 64
10 81 31 26 21
10 82 23 20 18
10 83 77 68 61
10 84 48 43 38
10 85 40 31 25
10 86 112 90 78
10 87 34 30 24
10 88 43 35 30
10 89 112 87 69
10 90 46 38 34
10 91 28 23 18
10 92 76 67 57
10 93 36 29 25
10 94 48 42 37
10 95 30 24 21
10 96 115 90 80
10 97 28 21 17
10 98 57 47 38
10 99 122 96 79
11 12 69 62 54
11 13 42 36 30
11 14 112 86 66
11 15 82 67 55
11 16 18 15 13
11 17 34 28 24
11 18 127 108 86
11 19 35 31 26
11 20 76 62 49
11 21 119 104 83
11 22 95 79 67
11 23 35 31 25
11 24 114 94 76
11 25 51 43 37
11 26 111 99 76
11 27 34 27 21
11 28 47 42 35
11 29 108 83 71
11 30 89 79 61
11 31 51 39 31
11 32 57 44 39
11 33 90 79 64
11 34 41 33 28
11 35 116 100 88
11 36 58 50 39
11 37 34 26 20
11 38 75 67 52
11 39 46 39 33
11 40 102 92 77
11 41 19 16 13
11 42 57 46 36
11 43 37 30 25
11 44 112 87 76
11 45 85 71 59
11 46 75 65 54
11 47 65 50 43
11 48 50 41 32
11 49 41 33 29
11 50 51 46 36
11 51 77 59 50
11 52 91 78 60
11 53 62 53 48
11 54 37 32 27
11 55 57 46 38
11 56 97 77 61
11 57 91 81 65
11 58 94 79 67
11 59 57 51 41
11 60 46 37 30
11 61 97 76 62
11 62 109 98 78
11 63 60 52 40
11 64 45 37 32
11 65 92 79 61
11 66 86 74 64
11 67 47 40 36
11 68 112 88 75
11 69 13 11 8
11 70 81 64 53
11 71 98 86 77
11 72 50 42 34
11 73 87 72 56
11 74 119 98 76
11 75 82 74 60
11 76 103 87 71
11 77 93 79 66
11 78 102 87 69
11 79 32 25 21
11 80 83 70 58
11 81 31 28 23
11 82 35 31 25
11 83 63 55 44
11 84 75 62 55
11 85 41 32 26
11 86 124 110 87
11 87 46 38 33
11 88 15 12 9
11 89 106 90 73
11 90 61 55 44
11 91 24 19 16
11 92 56 47 37
11 93 20 16 14
11 94 29 24 18
11 95 59 46 37
11 96 139 109 87
11 97 39 32 26
11 98 73 58 45
11 99 89 78 64
12 13 97 82 72
12 14 64 50 38
12 15 30 24 19
12 16 72 64 55
12 17 85 69 61
12 18 108 97 82
12 19 51 43 35
12 20 27 21 16
12 21 102 92 83
12 22 73 64 53
12 23 118 92 77
12 24 42 37 31
12 25 35 31 25
12 26 38 30 23
12 27 115 95 75
12 28 51 40 34
12 29 81 66 58
12 30 63 57 50
12 31 142 109 84
12 32 43 36 27
12 33 78 62 53
12 34 108 85 73
12 35 135 119 92
12 36 117 100 90
12 37 53 42 35
12 38 15 12 10
12 39 93 84 65
12 40 89 80 71
12 41 90 70 63
12 42 83 64 51
12 43 112 87 76
12 44 76 63 55
12 45 110 91 70
12 46 47 39 35
12 47 51 42 35
12 48 46 39 34
12 49 71 63 50
12 50 73 56 50
12 51 103 88 74
12 52 88 72 61
12 53 88 72 65
12 54 108 90 69
12 55 55 42 32
12 56 108 92 77
12 57 79 65 58
12 58 125 96 75
12 59 95 85 69
12 60 92 82 66
12 61 138 111 94
12 62 39 31 25
12 63 22 18 15
12 64 137 107 85
12 65 41 35 30
12 66 68 61 49
12 67 38 32 27
12 68 97 83 64
12 69 84 66 55
12 70 93 76 67
12 71 100 89 80
12 72 113 100 78
12 73 104 90 81
12 74 36 32 25
12 75 68 58 45
12 76 75 65 57
12 77 107 87 69
12 78 21 18 15
12 79 61 50 45
12 80 46 41 32
12 81 105 88 76
12 82 109 98 79
12 83 100 80 71
12 84 130 100 83
12 85 66 56 49
12 86 123 99 84
12 87 85 69 60
12 88 65 55 48
12 89 97 77 65
12 90 95 78 62
12 91 70 61 52
12 92 49 38 32
12 93 108 84 65
12 94 82 70 55
12 95 96 80 72
12 96 112 99 82
12 97 93 76 60
12 98 84 67 59
12 99 18 14 11
13 14 103 80 69
13 15 96 83 66
13 16 58 50 41
13 17 76 61 51
13 18 111 90 71
13 19 52 45 38
13 20 110 89 72
13 21 105 83 66
13 22 98 76 61
13 23 29 25 20
13 24 115 101 86
13 25 97 78 62
13 26 126 102 92
13 27 39 33 27
13 28 61 53 42
13 29 92 80 64
13 30 83 70 57
13 31 37 29 25
13 32 101 78 65
13 33 81 67 59
13 34 73 57 49
13 35 103 87 69
13 36 31 27 23
13 37 64 52 46
13 38 110 95 73
13 39 20 17 14
13 40 101 81 65
13 41 56 46 36
13 42 42 38 29
13 43 54 48 38
13 44 96 86 72
13 45 61 52 42
13 46 88 68 57
13 47 67 56 47
13 48 78 70 60
13 49 83 66 58
13 50 89 80 66
13 51 40 35 27
13 52 66 55 48
13 53 50 40 31
13 54 69 59 51
13 55 61 53 45
13 56 60 52 41
13 57 76 68 56
13 58 67 58 50
13 59 109 85 68
13 60 84 69 55
13 61 53 43 34
13 62 128 105 94
13 63 74 65 58
13 64 40 32 25
13 65 84 74 67
13 66 84 67 60
13 67 92 81 62
13 68 106 83 67
13 69 36 29 23
13 70 52 46 36
13 71 95 78 60
13 72 12 9 7
13 73 48 37 31
13 74 130 102 89
13 75 78 65 58
13 76 85 72 65
13 77 83 67 52
13 78 126 99 86
13 79 41 35 28
13 80 81 71 63
13 81 42 36 30
13 82 35 30 26
13 83 101 81 70
13 84 44 34 29
13 85 36 30 25
13 86 106 83 71
13 87 26 22 19
13 88 56 46 38
13 89 91 73 63
13 90 41 33 28
13 91 29 24 21
13 92 96 81 64
13 93 52 43 34
13 94 68 54 46
13 95 21 16 12
13 96 100 81 72
13 97 23 18 14
13 98 49 38 32
13 99 111 92 81
14 15 31 24 20
14 16 113 91 74
14 17 115 103 83
14 18 63 53 46
14 19 58 50 41
14 20 73 63 53
14 21 74 59 49
14 22 26 21 18
14 23 116 98 83
14 24 31 27 24
14 25 94 73 57
14 26 59 47 41
14 27 111 97 84
14 28 49 38 32
14 29 30 26 22
14 30 29 23 18
14 31 143 116 90
14 32 93 73 60
14 33 32 25 20
14 34 128 115 93
14 35 95 73 58
14 36 129 115 91
14 37 78 63 56
14 38 76 60 47
14 39 78 65 57
14 40 50 40 36
14 41 114 96 78
14 42 59 49 40
14 43 116 100 90
14 44 26 22 17
14 45 74 59 45
14 46 19 16 13
14 47 39 31 24
14 48 84 72 64
14 49 111 97 77
14 50 118 96 80
14 51 82 67 57
14 52 54 42 33
14 53 67 53 47
14 54 143 111 90
14 55 44 35 29
14 56 83 64 53
14 57 35 30 26
14 58 73 57 46
14 59 147 116 97
14 60 148 114 90
14 61 118 93 77
14 62 59 53 42
14 63 58 47 37
14 64 131 116 90
14 65 14 12 9
14 66 25 20 15
14 67 81 65 58
14 68 47 36 28
14 69 87 75 62
14 70 69 54 46
14 71 64 54 48
14 72 119 97 75
14 73 87 70 62
14 74 52 41 33
14 75 22 17 14
14 76 31 27 21
14 77 65 51 39
14 78 54 48 42
14 79 67 54 48
14 80 14 12 10
14 81 124 108 87
14 82 124 105 87
14 83 165 129 99
14 84 99 77 66
14 85 65 55 47
14 86 68 55 49
14 87 69 60 51
14 88 95 83 65
14 89 42 36 30
14 90 72 59 46
14 91 75 63 56
14 92 85 77 64
14 93 131 104 80
14 94 100 86 76
14 95 88 78 62
14 96 73 59 46
14 97 84 65 56
14 98 53 46 41
14 99 50 42 37
15 16 79 69 60
15 17 88 77 68
15 18 92 82 64
15 19 41 36 31
15 20 50 43 33
15 21 81 73 65
15 22 46 41 35
15 23 101 91 76
15 24 31 25 22
15 25 60 49 38
15 26 38 32 28
15 27 105 85 75
15 28 37 31 25
15 29 54 48 39
15 30 50 41 32
15 31 139 107 83
15 32 58 52 41
15 33 53 42 35
15 34 113 91 79
15 35 116 96 74
15 36 124 103 87
15 37 57 48 41
15 38 40 35 28
15 39 82 71 56
15 40 81 65 53
15 41 97 77 66
15 42 61 52 40
15 43 115 97 79
15 44 62 48 37
15 45 83 66 55
15 46 26 22 17
15 47 31 26 22
15 48 68 53 46
15 49 82 69 60
15 50 86 71 62
15 51 99 77 62
15 52 66 56 45
15 53 84 65 52
15 54 116 96 76
15 55 32 26 22
15 56 81 72 62
15 57 57 50 41
15 58 88 70 58
15 59 127 99 80
15 60 111 87 75
15 61 118 105 83
15 62 47 36 30
15 63 26 23 19
15 64 128 101 84
15 65 18 14 12
15 66 45 36 31
15 67 59 52 40
15 68 70 60 46
15 69 81 69 53
15 70 83 64 53
15 71 95 79 63
15 72 95 80 72
15 73 95 78 68
15 74 35 30 24
15 75 40 32 27
15 76 58 47 39
15 77 77 65 52
15 78 36 29 26
15 79 63 50 40
15 80 19 15 13
15 81 126 99 77
15 82 112 100 78
15 83 135 104 82
15 84 107 83 71
15 85 67 54 42
15 86 101 80 66
15 87 75 58 51
15 88 67 60 52
15 89 66 56 47
15 90 78 63 50
15 91 67 55 49
15 92 69 56 45
15 93 96 78 68
15 94 83 70 62
15 95 104 81 63
15 96 87 75 64
15 97 69 60 53
15 98 67 56 46
15 99 27 24 20
16 17 18 15 12
16 18 130 111 97
16 19 45 40 34
16 20 68 55 47
16 21 141 109 94
16 22 117 91 76
16 23 47 36 31
16 24 106 93 81
16 25 45 39 34
16 26 121 100 78
16 27 35 30 25
16 28 63 50 44
16 29 105 93 81
16 30 109 87 71
16 31 51 42 36
16 32 49 44 35
16 33 107 92 74
16 34 28 23 19
16 35 154 120 100
16 36 57 51 45
16 37 30 24 21
16 38 71 59 51
16 39 68 55 45
16 40 116 103 88
16 41 16 12 9
16 42 66 56 47
16 43 32 28 22
16 44 119 104 85
16 45 113 90 71
16 46 90 70 62
16 47 67 60 52
16 48 40 32 27
16 49 27 21 18
16 50 38 31 26
16 51 89 74 62
16 52 103 87 71
16 53 81 70 60
16 54 24 20 17
16 55 69 58 46
16 56 118 93 73
16 57 116 89 75
16 58 107 90 79
16 59 39 35 29
16 60 26 20 18
16 61 113 87 74
16 62 130 100 80
16 63 62 51 43
16 64 48 41 37
16 65 93 77 68
16 66 110 94 73
16 67 48 38 32
16 68 126 105 86
16 69 30 25 21
16 70 84 74 65
16 71 127 111 89
16 72 64 49 44
16 73 93 76 68
16 74 111 99 79
16 75 113 89 69
16 76 123 101 81
16 77 104 94 78
16 78 108 85 69
16 79 49 39 31
16 80 93 79 65
16 81 35 30 25
16 82 46 37 29
16 83 51 42 32
16 84 93 76 67
16 85 53 47 37
16 86 133 111 98
16 87 65 52 45
16 88 15 12 9
16 89 133 103 84
16 90 78 62 55
16 91 43 36 28
16 92 43 36 31
16 93 19 15 12
16 94 9 8 6
16 95 69 55 49
16 96 141 122 98
16 97 60 49 38
16 98 86 71 57
16 99 101 80 66
17 18 157 125 108
17 19 64 54 44
17 20 74 64 50
17 21 151 132 105
17 22 129 104 87
17 23 61 49 38
17 24 137 112 88
17 25 50 43 37
17 26 122 107 83
17 27 48 38 30
17 28 86 69 54
17 29 133 118 91
17 30 135 105 81
17 31 60 52 42
17 32 51 46 37
17 33 116 94 85
17 34 20 16 13
17 35 155 123 111
17 36 73 58 52
17 37 41 35 28
17 38 87 72 55
17 39 89 73 56
17 40 134 112 99
17 41 23 20 15
17 42 76 68 59
17 43 36 28 23
17 44 139 114 95
17 45 112 93 82
17 46 120 92 72
17 47 96 78 62
17 48 40 34 28
17 49 23 20 15
17 50 30 26 21
17 51 100 87 73
17 52 128 104 82
17 53 106 92 71
17 54 16 12 9
17 55 81 68 56
17 56 133 105 84
17 57 121 102 86
17 58 124 106 90
17 59 27 23 18
17 60 11 9 7
17 61 116 95 84
17 62 125 106 85
17 63 77 63 50
17 64 66 53 42
17 65 113 91 77
17 66 138 109 84
17 67 52 45 35
17 68 139 114 96
17 69 45 39 32
17 70 101 89 76
17 71 135 115 100
17 72 84 67 53
17 73 122 95 79
17 74 130 107 85
17 75 109 88 79
17 76 135 116 92
17 77 122 104 89
17 78 108 90 74
17 79 69 53 42
17 80 107 92 74
17 81 42 37 29
17 82 53 44 35
17 83 27 24 21
17 84 96 86 77
17 85 69 62 48
17 86 157 121 109
17 87 81 64 57
17 88 33 25 20
17 89 143 112 95
17 90 102 80 67
17 91 56 44 39
17 92 50 41 32
17 93 27 24 18
17 94 13 10 8
17 95 78 70 60
17 96 179 138 109
17 97 66 58 49
17 98 102 82 68
17 99 103 90 71
18 19 83 75 67
18 20 132 109 94
18 21 10 9 7
18 22 48 37 30
18 23 141 114 90
18 24 90 76 68
18 25 134 121 94
18 26 129 101 87
18 27 143 116 95
18 28 85 73 58
18 29 34 28 25
18 30 49 42 33
18 31 136 106 95
18 32 151 126 97
18 33 45 35 29
18 34 164 143 113
18 35 25 19 14
18 36 147 115 92
18 37 131 101 85
18 38 119 107 90
18 39 87 67 58
18 40 16 14 11
18 41 128 108 97
18 42 69 60 50
18 43 144 120 105
18 44 42 36 31
18 45 39 34 29
18 46 72 59 48
18 47 75 61 52
18 48 147 121 98
18 49 143 126 107
18 50 165 143 113
18 51 70 54 45
18 52 36 31 26
18 53 59 48 40
18 54 146 127 112
18 55 89 73 58
18 56 49 39 32
18 57 32 28 25
18 58 30 25 21
18 59 157 140 124
18 60 151 131 114
18 61 84 70 57
18 62 112 99 87
18 63 118 91 75
18 64 139 121 96
18 65 73 61 54
18 66 51 41 33
18 67 159 122 94
18 68 27 22 19
18 69 119 93 78
18 70 46 41 35
18 71 19 16 12
18 72 104 87 74
18 73 65 56 44
18 74 100 88 79
18 75 49 43 38
18 76 39 32 26
18 77 28 23 20
18 78 126 104 88
18 79 95 75 66
18 80 68 61 51
18 81 144 122 98
18 82 151 123 96
18 83 170 149 127
18 84 78 64 49
18 85 83 73 60
18 86 6 5 4
18 87 79 68 55
18 88 118 101 89
18 89 25 21 17
18 90 66 55 44
18 91 94 79 71
18 92 147 129 100
18 93 136 114 97
18 94 146 120 101
18 95 82 67 59
18 96 4 3 2
18 97 93 82 63
18 98 54 48 41
18 99 123 98 83
19 20 52 42 37
19 21 103 79 66
19 22 71 55 43
19 23 73 58 46
19 24 69 59 52
19 25 45 37 30
19 26 85 66 55
19 27 62 53 45
19 28 18 15 11
19 29 75 63 48
19 30 61 48 38
19 31 84 67 53
19 32 50 40 34
19 33 70 54 42
19 34 73 59 52
19 35 107 88 73
19 36 87 69 57
19 37 26 23 19
19 38 46 41 36
19 39 44 38 32
19 40 86 70 57
19 41 55 45 38
19 42 30 25 21
19 43 73 62 50
19 44 72 58 52
19 45 62 52 46
19 46 48 37 29
19 47 29 22 18
19 48 46 38 33
19 49 57 47 41
19 50 66 59 46
19 51 66 54 43
19 52 61 53 42
19 53 55 47 37
19 54 77 61 50
19 55 21 16 13
19 56 78 63 50
19 57 68 54 44
19 58 70 58 52
19 59 83 72 59
19 60 70 58 50
19 61 85 72 62
19 62 88 70 57
19 63 29 23 20
19 64 67 60 53
19 65 53 41 36
19 66 52 46 40
19 67 43 37 30
19 68 73 60 54
19 69 37 30 23
19 70 65 53 41
19 71 89 70 61
19 72 65 51 44
19 73 80 64 51
19 74 77 68 53
19 75 52 42 36
19 76 68 60 48
19 77 70 57 49
19 78 69 62 49
19 79 15 13 11
19 80 48 38 32
19 81 66 55 47
19 82 65 58 48
19 83 98 80 62
19 84 77 62 52
19 85 22 19 16
19 86 110 86 69
19 87 39 30 27
19 88 43 33 25
19 89 83 66 52
19 90 46 37 33
19 91 29 25 19
19 92 51 43 35
19 93 59 48 39
19 94 53 43 37
19 95 50 43 38
19 96 109 86 68
19 97 36 30 25
19 98 49 40 32
19 99 71 56 44
20 21 121 105 94
20 22 103 83 65
20 23 110 87 73
20 24 61 55 46
20 25 19 15 13
20 26 54 44 34
20 27 87 78 69
20 28 67 52 40
20 29 93 81 70
20 30 94 81 62
20 31 126 102 80
20 32 21 18 14
20 33 97 77 65
20 34 95 74 63
20 35 153 134 103
20 36 133 113 87
20 37 45 35 29
20 38 12 9 7
20 39 97 75 68
20 40 135 108 83
20 41 75 67 55
20 42 80 69 57
20 43 102 84 68
20 44 98 79 69
20 45 115 90 79
20 46 60 52 47
20 47 56 49 44
20 48 31 26 22
20 49 56 48 37
20 50 48 43 36
20 51 115 95 79
20 52 107 92 71
20 53 109 89 72
20 54 81 71 58
20 55 58 49 39
20 56 118 104 84
20 57 112 91 70
20 58 109 98 84
20 59 71 64 56
20 60 77 65 55
20 61 134 114 98
20 62 47 41 37
20 63 28 22 19
20 64 122 102 80
20 65 63 49 44
20 66 81 71 62
20 67 26 20 15
20 68 106 91 77
20 69 69 60 52
20 70 100 84 75
20 71 152 117 91
20 72 106 90 78
20 73 119 98 86
20 74 53 45 39
20 75 85 72 57
20 76 112 90 70
20 77 116 90 79
20 78 38 31 25
20 79 65 55 46
20 80 67 57 45
20 81 95 84 70
20 82 109 94 73
20 83 94 73 57
20 84 128 99 88
20 85 79 61 52
20 86 148 120 96
20 87 84 74 64
20 88 60 50 41
20 89 121 93 77
20 90 111 88 68
20 91 72 63 52
20 92 28 24 19
20 93 83 70 58
20 94 72 58 45
20 95 110 95 74
20 96 150 116 94
20 97 80 70 61
20 98 103 80 66
20 99 32 27 24
21 22 43 35 31
21 23 124 110 85
21 24 96 84 72
21 25 154 121 93
21 26 133 102 89
21 27 128 114 91
21 28 77 68 57
21 29 34 30 27
21 30 51 41 34
21 31 114 101 90
21 32 134 110 97
21 33 48 41 31
21 34 136 121 109
21 35 16 13 10
21 36 137 110 87
21 37 116 97 84
21 38 129 111 90
21 39 71 63 54
21 40 20 17 14
21 41 142 113 94
21 42 74 61 47
21 43 167 131 101
21 44 49 43 35
21 45 34 29 25
21 46 70 59 49
21 47 70 57 51
21 48 144 115 97
21 49 165 135 105
21 50 160 130 111
21 51 55 45 40
21 52 38 30 24
21 53 53 42 36
21 54 151 128 109
21 55 80 67 57
21 56 39 33 27
21 57 40 32 25
21 58 22 19 16
21 59 176 137 122
21 60 166 139 112
21 61 78 65 51
21 62 124 111 90
21 63 110 95 76
21 64 150 117 91
21 65 81 65 56
21 66 51 43 35
21 67 135 113 94
21 68 33 26 22
21 69 105 90 75
21 70 46 39 31
21 71 11 9 7
21 72 91 78 69
21 73 63 49 39
21 74 125 105 81
21 75 57 51 39
21 76 40 34 28
21 77 23 19 17
21 78 146 114 90
21 79 98 79 64
21 80 89 69 53
21 81 151 123 94
21 82 127 106 91
21 83 166 145 125
21 84 72 56 44
21 85 89 74 58
21 86 8 7 5
21 87 73 66 51
21 88 140 113 87
21 89 25 22 19
21 90 62 50 40
21 91 93 80 67
21 92 149 118 99
21 93 142 111 94
21 94 142 111 99
21 95 78 64 55
21 96 14 11 9
21 97 78 69 59
21 98 53 45 38
21 99 137 107 85
22 23 106 93 78
22 24 56 50 41
22 25 100 85 67
22 26 84 70 59
22 27 113 95 81
22 28 48 39 33
22 29 10 7 6
22 30 10 8 6
22 31 134 106 84
22 32 106 90 70
22 33 5 4 3
22 34 136 111 94
22 35 66 51 41
22 36 130 108 84
22 37 81 70 61
22 38 95 78 61
22 39 64 55 48
22 40 28 24 19
22 41 121 97 79
22 42 52 41 34
22 43 147 116 89
22 44 17 15 11
22 45 41 37 29
22 46 29 22 19
22 47 40 33 26
22 48 108 88 72
22 49 111 96 83
22 50 147 114 88
22 51 59 51 44
22 52 28 21 17
22 53 54 43 34
22 54 140 118 92
22 55 51 39 32
22 56 48 42 37
22 57 14 11 9
22 58 44 35 29
22 59 128 114 102
22 60 133 112 93
22 61 98 77 63
22 62 75 68 59
22 63 60 54 48
22 64 136 106 85
22 65 33 28 25
22 66 8 6 4
22 67 99 82 68
22 68 19 14 12
22 69 83 75 61
22 70 44 38 32
22 71 50 39 30
22 72 101 83 67
22 73 59 53 47
22 74 73 59 51
22 75 15 11 9
22 76 10 7 5
22 77 30 27 21
22 78 84 68 59
22 79 66 58 46
22 80 30 26 22
22 81 134 106 84
22 82 133 103 83
22 83 156 131 105
22 84 77 62 52
22 85 59 49 43
22 86 44 37 32
22 87 60 49 43
22 88 98 83 68
22 89 19 15 13
22 90 49 43 35
22 91 77 68 53
22 92 102 87 73
22 93 128 101 79
22 94 113 91 80
22 95 69 60 53
22 96 47 39 30
22 97 79 63 50
22 98 51 39 30
22 99 75 66 54
23 24 132 108 97
23 25 88 74 61
23 26 155 122 99
23 27 14 11 9
23 28 77 69 53
23 29 128 102 81
23 30 105 86 73
23 31 11 9 7
23 32 95 77 63
23 33 101 85 75
23 34 49 38 33
23 35 146 116 89
23 36 20 17 14
23 37 66 54 45
23 38 104 92 76
23 39 48 38 32
23 40 122 99 84
23 41 36 30 24
23 42 60 51 45
23 43 30 23 20
23 44 116 99 88
23 45 94 76 61
23 46 104 80 70
23 47 82 70 59
23 48 73 62 56
23 49 76 64 49
23 50 86 70 57
23 51 67 52 46
23 52 100 83 67
23 53 68 56 50
23 54 47 41 36
23 55 85 70 56
23 56 82 68 60
23 57 96 82 73
23 58 100 82 69
23 59 75 67 54
23 60 68 53 41
23 61 78 65 50
23 62 141 114 101
23 63 87 70 63
23 64 12 10 8
23 65 130 103 79
23 66 117 91 76
23 67 83 73 60
23 68 129 100 84
23 69 31 26 23
23 70 80 62 55
23 71 117 99 79
23 72 29 24 19
23 73 71 62 51
23 74 147 116 98
23 75 119 92 73
23 76 134 104 82
23 77 97 87 71
23 78 128 105 92
23 79 54 45 36
23 80 114 92 75
23 81 16 14 11
23 82 11 9 7
23 83 82 73 56
23 84 66 52 47
23 85 54 46 37
23 86 138 113 90
23 87 45 40 36
23 88 48 38 33
23 89 116 93 81
23 90 73 58 46
23 91 40 34 28
23 92 89 71 61
23 93 30 27 21
23 94 52 44 36
23 95 42 38 31
23 96 136 107 91
23 97 41 36 29
23 98 77 60 50
23 99 125 99 88
24 25 75 63 55
24 26 32 28 21
24 27 149 119 96
24 28 70 59 45
24 29 64 52 45
24 30 55 49 42
24 31 133 120 104
24 32 76 65 57
24 33 64 49 43
24 34 150 117 99
24 35 105 92 81
24 36 179 138 107
24 37 93 73 61
24 38 54 45 40
24 39 109 97 75
24 40 83 75 58
24 41 124 102 87
24 42 87 72 59
24 43 134 113 100
24 44 51 43 38
24 45 106 83 68
24 46 45 36 31
24 47 53 45 40
24 48 83 73 64
24 49 115 101 79
24 50 113 91 80
24 51 112 90 78
24 52 87 74 57
24 53 107 83 68
24 54 143 124 96
24 55 61 48 42
24 56 114 89 75
24 57 75 64 50
24 58 95 86 69
24 59 143 112 98
24 60 127 109 94
24 61 140 112 99
24 62 28 24 20
24 63 61 48 39
24 64 146 130 105
24 65 29 26 21
24 66 66 51 39
24 67 84 67 56
24 68 75 64 50
24 69 117 92 74
24 70 95 79 68
24 71 117 90 71
24 72 118 103 92
24 73 135 105 84
24 74 20 16 12
24 75 52 46 37
24 76 67 54 44
24 77 84 72 62
24 78 39 33 26
24 79 79 71 61
24 80 38 29 25
24 81 140 109 98
24 82 131 115 100
24 83 141 126 101
24 84 108 98 88
24 85 101 79 62
24 86 105 91 71
24 87 97 80 70
24 88 104 94 73
24 89 88 69 53
24 90 100 83 67
24 91 104 85 70
24 92 90 76 62
24 93 129 106 89
24 94 113 96 82
24 95 125 100 82
24 96 92 82 68
24 97 98 88 73
24 98 94 80 62
24 99 30 26 23
25 26 69 54 46
25 27 82 68 57
25 28 54 43 37
25 29 101 89 72
25 30 99 78 62
25 31 92 81 68
25 32 6 5 4
25 33 97 80 66
25 34 73 60 50
25 35 139 113 101
25 36 115 92 75
25 37 25 21 17
25 38 24 21 18
25 39 89 75 60
25 40 113 92 83
25 41 66 51 42
25 42 77 59 51
25 43 81 69 55
25 44 101 85 72
25 45 115 88 75
25 46 72 59 48
25 47 59 51 42
25 48 14 11 9
25 49 37 29 25
25 50 39 32 25
25 51 111 92 73
25 52 91 79 70
25 53 98 81 67
25 54 66 57 45
25 55 58 45 36
25 56 112 101 80
25 57 107 85 70
25 58 116 99 82
25 59 65 52 44
25 60 64 54 42
25 61 123 106 91
25 62 75 64 49
25 63 29 25 20
25 64 102 85 68
25 65 73 63 49
25 66 84 74 63
25 67 4 3 2
25 68 114 88 78
25 69 61 49 41
25 70 117 90 70
25 71 133 112 89
25 72 98 85 68
25 73 129 99 80
25 74 69 56 50
25 75 98 76 58
25 76 99 86 72
25 77 127 98 77
25 78 55 47 38
25 79 52 44 38
25 80 67 54 48
25 81 93 72 57
25 82 97 77 61
25 83 76 59 46
25 84 124 99 81
25 85 67 56 44
25 86 126 108 96
25 87 90 71 56
25 88 40 36 29
25 89 129 100 78
25 90 101 81 63
25 91 66 51 42
25 92 13 10 8
25 93 64 57 45
25 94 41 36 32
25 95 87 74 66
25 96 136 105 94
25 97 85 68 52
25 98 82 69 61
25 99 47 41 36
26 27 143 112 97
26 28 84 67 52
26 29 84 75 63
26 30 90 70 57
26 31 155 129 106
26 32 65 57 48
26 33 82 73 60
26 34 120 105 95
26 35 135 113 99
26 36 169 142 111
26 37 84 69 58
26 38 48 37 29
26 39 135 108 83
26 40 106 85 76
26 41 139 109 85
26 42 107 87 68
26 43 153 127 98
26 44 83 74 57
26 45 124 105 82
26 46 66 57 44
26 47 73 64 49
26 48 83 65 55
26 49 99 86 71
26 50 89 78 70
26 51 120 102 90
26 52 100 89 72
26 53 122 96 80
26 54 125 102 91
26 55 67 53 48
26 56 122 105 89
26 57 92 83 66
26 58 131 102 85
26 59 139 114 90
26 60 119 106 88
26 61 181 139 111
26 62 5 4 3
26 63 57 44 36
26 64 163 138 107
26 65 49 43 35
26 66 89 71 55
26 67 66 54 48
26 68 105 88 68
26 69 108 93 76
26 70 132 102 81
26 71 138 108 88
26 72 123 111 98
26 73 136 112 96
26 74 16 12 9
26 75 83 67 52
26 76 89 70 62
26 77 109 96 78
26 78 17 13 10
26 79 94 77 65
26 80 57 51 39
26 81 148 114 98
26 82 167 128 101
26 83 137 112 91
26 84 138 114 99
26 85 101 80 68
26 86 115 103 90
26 87 101 90 78
26 88 108 84 70
26 89 98 83 71
26 90 116 90 78
26 91 116 90 73
26 92 79 65 52
26 93 129 106 87
26 94 111 85 77
26 95 127 114 90
26 96 125 97 86
26 97 118 100 79
26 98 115 91 74
26 99 17 14 12
27 28 86 66 53
27 29 128 108 84
27 30 118 92 76
27 31 20 15 12
27 32 86 71 58
27 33 128 101 78
27 34 37 29 25
27 35 136 112 95
27 36 37 28 22
27 37 61 52 41
27 38 97 82 72
27 39 58 49 38
27 40 148 114 88
27 41 23 19 16
27 42 77 61 48
27 43 18 15 12
27 44 135 105 91
27 45 94 75 67
27 46 103 84 72
27 47 87 71 60
27 48 83 65 51
27 49 69 55 42
27 50 67 57 50
27 51 86 68 53
27 52 105 89 71
27 53 79 66 56
27 54 39 32 27
27 55 80 71 56
27 56 97 87 67
27 57 126 100 77
27 58 105 87 75
27 59 62 52 45
27 60 50 42 33
27 61 91 73 59
27 62 149 124 99
27 63 90 75 61
27 64 20 17 13
27 65 114 91 80
27 66 114 101 79
27 67 69 62 55
27 68 124 99 88
27 69 34 28 23
27 70 93 78 61
27 71 125 110 85
27 72 37 32 27
27 73 83 68 58
27 74 126 107 96
27 75 106 93 75
27 76 134 104 85
27 77 120 98 76
27 78 134 115 89
27 79 54 44 37
27 80 110 93 76
27 81 5 4 3
27 82 8 7 5
27 83 67 59 48
27 84 87 67 55
27 85 55 48 39
27 86 118 106 95
27 87 63 52 41
27 88 40 35 28
27 89 133 109 85
27 90 65 57 51
27 91 45 34 29
27 92 88 71 55
27 93 20 18 14
27 94 42 33 29
27 95 53 42 38
27 96 149 117 97
27 97 49 38 33
27 98 86 68 55
27 99 131 108 85
28 29 53 47 38
28 30 41 34 28
28 31 80 69 60
28 32 54 45 40
28 33 47 37 32
28 34 94 73 62
28 35 105 81 65
28 36 92 79 63
28 37 39 34 29
28 38 54 43 38
28 39 40 36 32
28 40 67 56 48
28 41 77 62 48
28 42 25 22 18
28 43 90 76 59
28 44 66 53 41
28 45 50 44 39
28 46 29 24 19
28 47 12 10 8
28 48 57 51 41
28 49 65 56 50
28 50 82 66 55
28 51 58 51 40
28 52 51 39 33
28 53 43 37 32
28 54 87 67 60
28 55 8 6 4
28 56 61 52 45
28 57 46 40 34
28 58 65 53 45
28 59 95 77 69
28 60 102 79 61
28 61 85 74 61
28 62 77 67 53
28 63 31 26 22
28 64 88 70 60
28 65 39 33 27
28 66 49 38 30
28 67 56 43 37
28 68 66 51 44
28 69 44 35 31
28 70 48 40 35
28 71 80 69 53
28 72 72 60 48
28 73 71 56 48
28 74 78 62 48
28 75 39 30 25
28 76 60 47 38
28 77 66 51 41
28 78 62 55 47
28 79 26 21 17
28 80 31 27 23
28 81 84 65 56
28 82 73 63 56
28 83 98 80 72
28 84 67 58 50
28 85 29 23 18
28 86 88 76 60
28 87 38 31 27
28 88 56 45 35
28 89 69 54 43
28 90 46 35 29
28 91 35 30 25
28 92 70 56 43
28 93 65 55 49
28 94 69 57 47
28 95 57 48 39
28 96 73 66 59
28 97 41 35 28
28 98 34 30 26
28 99 61 53 41
29 30 15 12 10
29 31 125 105 87
29 32 109 93 75
29 33 12 9 7
29 34 158 126 98
29 35 50 41 37
29 36 130 108 87
29 37 96 83 66
29 38 102 85 66
29 39 72 62 50
29 40 21 17 14
29 41 130 108 83
29 42 56 46 37
29 43 130 117 93
29 44 15 13 10
29 45 43 34 29
29 46 36 30 24
29 47 46 40 31
29 48 105 89 77
29 49 144 115 88
29 50 153 118 93
29 51 68 53 44
29 52 29 23 18
29 53 54 42 35
29 54 140 115 97
29 55 55 44 37
29 56 58 44 36
29 57 13 11 9
29 58 41 34 27
29 59 147 129 107
29 60 124 111 98
29 61 86 73 62
29 62 94 80 63
29 63 79 68 53
29 64 135 114 88
29 65 41 35 29
29 66 14 11 9
29 67 120 93 73
29 68 9 8 7
29 69 92 72 64
29 70 46 40 32
29 71 38 30 26
29 72 92 82 69
29 73 63 54 47
29 74 81 64 55
29 75 24 19 14
29 76 4 3 2
29 77 30 26 20
29 78 96 76 64
29 79 77 63 51
29 80 41 34 27
29 81 121 109 87
29 82 121 102 86
29 83 171 139 109
29 84 76 65 52
29 85 70 58 46
29 86 36 32 28
29 87 65 54 45
29 88 93 82 72
29 89 13 11 9
29 90 54 47 37
29 91 81 72 57
29 92 103 88 78
29 93 116 99 83
29 94 122 107 84
29 95 76 62 54
29 96 33 28 25
29 97 85 68 53
29 98 46 36 32
29 99 79 68 58
30 31 110 91 79
30 32 94 84 66
30 33 6 5 4
30 34 116 100 88
30 35 67 54 43
30 36 98 89 79
30 37 76 63 56
30 38 92 72 58
30 39 66 55 43
30 40 35 27 22
30 41 102 88 73
30 42 37 31 28
30 43 124 107 84
30 44 21 19 16
30 45 39 31 27
30 46 22 18 16
30 47 31 24 21
30 48 97 86 68
30 49 116 91 78
30 50 112 95 83
30 51 61 47 40
30 52 23 20 16
30 53 49 39 30
30 54 115 102 87
30 55 41 34 27
30 56 51 40 35
30 57 14 11 9
30 58 40 35 28
30 59 138 119 97
30 60 121 108 88
30 61 83 68 60
30 62 75 66 58
30 63 59 49 43
30 64 114 93 80
30 65 36 30 23
30 66 7 5 4
30 67 90 74 63
30 68 27 21 16
30 69 74 64 55
30 70 44 35 28
30 71 40 36 31
30 72 94 80 62
30 73 73 58 45
30 74 79 64 50
30 75 11 8 6
30 76 17 14 11
30 77 31 27 21
30 78 82 69 57
30 79 61 48 41
30 80 27 24 20
30 81 126 98 79
30 82 98 88 78
30 83 131 114 99
30 84 67 56 49
30 85 57 45 37
30 86 52 41 35
30 87 57 46 38
30 88 84 72 62
30 89 23 20 16
30 90 50 39 31
30 91 80 62 48
30 92 98 85 69
30 93 99 83 74
30 94 112 94 74
30 95 70 54 48
30 96 52 43 33
30 97 73 59 45
30 98 40 33 26
30 99 66 58 52
31 32 94 77 69
31 33 108 92 81
31 34 56 44 35
31 35 152 120 93
31 36 15 13 10
31 37 79 66 51
31 38 112 100 82
31 39 57 49 38
31 40 121 108 89
31 41 39 33 28
31 42 72 58 51
31 43 31 26 21
31 44 138 120 95
31 45 99 84 66
31 46 113 95 77
31 47 89 74 66
31 48 104 81 62
31 49 77 63 54
31 50 92 74 61
31 51 79 64 51
31 52 120 94 72
31 53 85 70 55
31 54 52 46 38
31 55 84 70 63
31 56 88 75 65
31 57 113 96 79
31 58 108 92 74
31 59 74 66 56
31 60 63 54 44
31 61 74 61 52
31 62 150 121 108
31 63 102 78 70
31 64 3 2 1
31 65 126 103 86
31 66 116 101 83
31 67 97 76 66
31 68 139 115 90
31 69 47 39 30
31 70 88 75 60
31 71 119 95 84
31 72 34 28 22
31 73 77 68 54
31 74 150 122 105
31 75 100 88 79
31 76 138 106 88
31 77 104 94 76
31 78 141 112 99
31 79 62 51 43
31 80 129 103 82
31 81 21 17 13
31 82 13 10 8
31 83 88 71 59
31 84 63 56 50
31 85 60 48 43
31 86 132 106 95
31 87 56 48 42
31 88 52 44 39
31 89 116 104 87
31 90 73 58 52
31 91 49 40 35
31 92 104 81 66
31 93 37 32 25
31 94 58 47 41
31 95 48 41 36
31 96 147 117 97
31 97 47 42 35
31 98 76 64 56
31 99 140 122 94
32 33 102 88 69
32 34 66 59 49
32 35 151 127 104
32 36 108 90 77
32 37 32 26 20
32 38 28 23 19
32 39 93 79 63
32 40 126 105 86
32 41 56 49 43
32 42 92 71 55
32 43 91 70 56
32 44 107 93 75
32 45 118 93 78
32 46 84 68 52
32 47 64 56 46
32 48 13 11 9
32 49 31 27 24
32 50 39 30 23
32 51 119 93 76
32 52 95 81 73
32 53 115 88 70
32 54 59 52 45
32 55 55 45 40
32 56 105 94 83
32 57 107 83 73
32 58 121 101 85
32 59 63 52 43
32 60 59 47 41
32 61 138 107 94
32 62 72 58 50
32 63 33 29 23
32 64 94 82 70
32 65 74 60 52
32 66 92 81 66
32 67 7 6 4
32 68 120 98 81
32 69 69 54 43
32 70 100 85 74
32 71 120 108 92
32 72 89 79 70
32 73 123 105 83
32 74 86 67 51
32 75 87 68 61
32 76 111 86 75
32 77 117 103 80
32 78 53 44 39
32 79 58 51 41
32 80 80 66 51
32 81 91 75 58
32 82 77 69 62
32 83 59 49 44
32 84 119 100 84
32 85 65 53 47
32 86 122 110 99
32 87 94 75 59
32 88 46 35 30
32 89 117 100 81
32 90 87 78 66
32 91 64 50 45
32 92 8 6 5
32 93 72 58 46
32 94 45 39 33
32 95 100 78 68
32 96 136 116 98
32 97 80 66 55
32 98 98 84 65
32 99 55 44 37
33 34 128 106 92
33 35 59 49 40
33 36 120 103 81
33 37 91 71 60
33 38 91 77 61
33 39 64 51 45
33 40 26 22 18
33 41 103 87 77
33 42 48 40 31
33 43 124 104 87
33 44 22 17 14
33 45 39 31 27
33 46 27 24 19
33 47 37 28 24
33 48 101 82 71
33 49 122 101 82
33 50 129 106 86
33 51 57 51 41
33 52 22 18 15
33 53 40 35 31
33 54 140 115 90
33 55 48 37 31
33 56 47 40 34
33 57 12 9 7
33 58 39 31 27
33 59 141 126 100
33 60 123 104 91
33 61 79 71 60
33 62 93 74 61
33 63 71 60 47
33 64 118 105 82
33 65 34 30 26
33 66 8 6 5
33 67 105 86 66
33 68 18 15 13
33 69 79 71 58
33 70 42 35 29
33 71 37 33 29
33 72 91 78 64
33 73 65 58 45
33 74 69 62 52
33 75 15 12 9
33 76 10 8 7
33 77 31 25 19
33 78 79 69 60
33 79 59 53 44
33 80 34 27 22
33 81 122 95 81
33 82 111 96 80
33 83 169 132 103
33 84 74 61 49
33 85 64 52 40
33 86 45 39 32
33 87 58 46 40
33 88 96 81 66
33 89 19 15 13
33 90 44 38 32
33 91 69 58 51
33 92 93 84 72
33 93 110 96 77
33 94 113 92 78
33 95 74 62 50
33 96 47 38 30
33 97 73 61 47
33 98 37 32 27
33 99 83 68 54
34 35 185 146 114
34 36 60 54 44
34 37 54 47 39
34 38 89 78 67
34 39 79 71 58
34 40 144 119 104
34 41 24 19 16
34 42 92 82 63
34 43 20 17 14
34 44 139 117 103
34 45 119 103 86
34 46 101 89 80
34 47 96 80 70
34 48 63 49 41
34 49 37 31 27
34 50 45 37 33
34 51 120 94 74
34 52 115 99 87
34 53 108 90 74
34 54 9 7 5
34 55 88 71 64
34 56 115 98 87
34 57 127 114 92
34 58 138 114 94
34 59 31 25 22
34 60 18 14 11
34 61 105 93 82
34 62 145 111 97
34 63 98 76 61
34 64 51 42 35
34 65 136 108 86
34 66 141 110 91
34 67 67 54 48
34 68 148 116 103
34 69 51 40 35
34 70 128 100 79
34 71 132 118 104
34 72 66 58 50
34 73 107 91 80
34 74 131 113 97
34 75 136 106 87
34 76 142 110 98
34 77 125 109 93
34 78 112 100 86
34 79 66 55 48
34 80 107 93 84
34 81 31 26 22
34 82 40 34 28
34 83 39 31 24
34 84 114 88 77
34 85 74 60 53
34 86 173 136 113
34 87 83 68 59
34 88 42 34 28
34 89 156 121 100
34 90 87 78 70
34 91 60 50 43
34 92 72 57 45
34 93 27 21 16
34 94 25 20 18
34 95 83 69 60
34 96 176 146 114
34 97 72 62 51
34 98 121 93 72
34 99 119 106 84
35 36 131 109 88
35 37 145 118 91
35 38 134 120 99
35 39 93 73 57
35 40 36 30 23
35 41 138 120 99
35 42 83 69 53
35 43 140 119 106
35 44 65 55 44
35 45 43 33 29
35 46 76 66 58
35 47 97 76 60
35 48 153 131 105
35 49 182 141 112
35 50 152 134 118
35 51 69 54 43
35 52 45 40 32
35 53 60 50 40
35 54 177 143 114
35 55 92 83 65
35 56 37 33 29
35 57 53 41 34
35 58 30 24 21
35 59 192 158 128
35 60 156 138 117
35 61 69 57 49
35 62 129 112 99
35 63 122 95 84
35 64 149 116 93
35 65 102 85 65
35 66 67 56 44
35 67 156 129 101
35 68 47 37 31
35 69 123 103 80
35 70 49 41 36
35 71 17 15 13
35 72 103 80 71
35 73 63 51 40
35 74 144 118 91
35 75 65 54 48
35 76 54 44 38
35 77 34 29 25
35 78 141 118 99
35 79 109 91 70
35 80 86 73 62
35 81 129 113 98
35 82 149 116 95
35 83 188 160 131
35 84 68 52 44
35 85 94 83 64
35 86 15 13 11
35 87 84 65 56
35 88 148 117 93
35 89 43 33 28
35 90 64 57 45
35 91 108 91 73
35 92 155 127 107
35 93 158 123 99
35 94 154 119 104
35 95 77 68 58
35 96 21 18 15
35 97 102 80 64
35 98 56 48 43
35 99 151 120 94
36 37 77 65 58
36 38 136 114 89
36 39 49 42 37
36 40 127 103 87
36 41 57 48 37
36 42 74 59 52
36 43 52 40 31
36 44 139 122 95
36 45 99 78 63
36 46 113 90 79
36 47 101 79 68
36 48 102 84 70
36 49 85 74 63
36 50 106 82 71
36 51 61 53 47
36 52 118 92 71
36 53 79 62 53
36 54 70 55 48
36 55 92 83 66
36 56 88 72 61
36 57 130 103 79
36 58 105 86 71
36 59 90 79 66
36 60 82 67 54
36 61 74 57 45
36 62 182 147 113
36 63 117 94 76
36 64 15 13 10
36 65 136 105 89
36 66 118 93 83
36 67 95 83 74
36 68 147 113 89
36 69 47 42 36
36 70 77 65 58
36 71 102 91 81
36 72 29 24 18
36 73 72 62 49
36 74 153 127 109
36 75 113 94 80
36 76 126 110 87
36 77 116 89 74
36 78 155 133 104
36 79 72 61 47
36 80 126 101 85
36 81 37 28 23
36 82 27 22 18
36 83 104 87 68
36 84 61 50 45
36 85 61 55 46
36 86 140 113 91
36 87 69 53 42
36 88 75 60 47
36 89 122 102 85
36 90 69 56 50
36 91 54 46 39
36 92 104 89 74
36 93 51 40 35
36 94 76 63 50
36 95 47 42 33
36 96 133 108 94
36 97 57 44 36
36 98 86 68 55
36 99 153 126 100
37 38 42 37 32
37 39 66 56 44
37 40 113 90 76
37 41 46 36 28
37 42 48 43 39
37 43 68 52 41
37 44 100 80 69
37 45 95 78 63
37 46 65 57 45
37 47 46 40 36
37 48 24 20 15
37 49 33 28 22
37 50 44 35 28
37 51 82 73 59
37 52 96 76 60
37 53 84 66 54
37 54 54 44 36
37 55 45 37 29
37 56 101 80 67
37 57 88 70 62
37 58 104 91 71
37 59 61 50 41
37 60 51 43 35
37 61 108 84 75
37 62 85 67 60
37 63 34 30 23
37 64 76 65 52
37 65 71 60 49
37 66 81 65 58
37 67 22 19 17
37 68 109 85 72
37 69 36 29 24
37 70 80 66 58
37 71 117 96 79
37 72 75 59 51
37 73 90 74 66
37 74 77 65 58
37 75 78 61 53
37 76 97 83 66
37 77 109 86 67
37 78 69 57 49
37 79 38 30 23
37 80 61 54 47
37 81 66 53 42
37 82 60 52 45
37 83 59 50 44
37 84 97 75 66
37 85 40 35 30
37 86 125 113 87
37 87 61 50 42
37 88 24 18 14
37 89 89 79 71
37 90 73 62 49
37 91 36 30 26
37 92 28 22 19
37 93 51 40 31
37 94 35 27 22
37 95 66 58 50
37 96 137 106 86
37 97 55 45 37
37 98 75 58 49
37 99 69 60 46
38 39 102 83 67
38 40 108 97 79
38 41 83 74 59
38 42 71 64 55
38 43 107 94 72
38 44 81 72 64
38 45 109 88 76
38 46 69 53 42
38 47 63 51 41
38 48 41 35 27
38 49 62 49 43
38 50 65 51 42
38 51 114 100 78
38 52 104 82 68
38 53 94 82 70
38 54 88 72 63
38 55 51 45 36
38 56 121 102 82
38 57 108 86 66
38 58 117 95 81
38 59 84 68 61
38 60 82 72 60
38 61 138 121 98
38 62 43 36 31
38 63 25 22 17
38 64 120 106 83
38 65 51 45 39
38 66 87 71 57
38 67 26 23 20
38 68 98 88 72
38 69 82 67 54
38 70 104 82 73
38 71 135 106 87
38 72 107 95 79
38 73 114 99 85
38 74 47 42 33
38 75 77 67 53
38 76 99 80 66
38 77 98 86 76
38 78 33 26 20
38 79 70 56 46
38 80 67 52 40
38 81 110 95 73
38 82 109 90 76
38 83 90 76 63
38 84 136 107 87
38 85 78 67 52
38 86 121 105 92
38 87 99 79 63
38 88 63 51 45
38 89 111 94 73
38 90 86 76 67
38 91 75 67 53
38 92 36 31 24
38 93 82 70 61
38 94 64 57 50
38 95 99 88 74
38 96 144 111 90
38 97 82 70 61
38 98 89 77 64
38 99 24 21 18
39 40 68 60 52
39 41 66 55 43
39 42 24 20 17
39 43 69 61 49
39 44 86 72 59
39 45 42 33 29
39 46 65 55 45
39 47 48 40 36
39 48 79 67 59
39 49 99 77 61
39 50 89 79 68
39 51 28 22 17
39 52 53 43 35
39 53 27 21 18
39 54 87 72 58
39 55 58 45 35
39 56 46 35 29
39 57 56 47 42
39 58 55 47 38
39 59 114 93 74
39 60 94 80 62
39 61 52 41 32
39 62 124 104 85
39 63 68 61 51
39 64 58 50 39
39 65 74 66 56
39 66 67 60 47
39 67 83 68 59
39 68 75 67 53
39 69 41 32 26
39 70 35 28 23
39 71 62 55 48
39 72 25 22 19
39 73 32 27 23
39 74 111 94 79
39 75 64 51 45
39 76 71 58 51
39 77 63 49 39
39 78 114 88 79
39 79 34 29 22
39 80 72 59 51
39 81 62 50 41
39 82 60 48 38
39 83 106 91 77
39 84 32 26 22
39 85 24 19 16
39 86 74 65 58
39 87 10 8 6
39 88 56 49 40
39 89 72 61 49
39 90 21 18 14
39 91 30 24 19
39 92 96 75 63
39 93 58 49 42
39 94 66 58 51
39 95 12 9 7
39 96 86 69 59
39 97 15 11 9
39 98 30 23 19
39 99 112 89 73
40 41 133 113 89
40 42 63 50 42
40 43 139 115 98
40 44 35 27 22
40 45 40 33 25
40 46 53 43 37
40 47 60 49 41
40 48 127 108 88
40 49 154 122 97
40 50 136 122 103
40 51 60 50 42
40 52 28 21 18
40 53 52 41 35
40 54 138 119 104
40 55 66 57 48
40 56 48 37 30
40 57 20 16 14
40 58 30 24 19
40 59 165 143 115
40 60 148 127 105
40 61 89 73 57
40 62 116 96 77
40 63 102 85 65
40 64 140 112 90
40 65 62 48 43
40 66 30 26 22
40 67 117 105 84
40 68 15 11 9
40 69 110 85 70
40 70 40 34 30
40 71 21 16 14
40 72 98 77 69
40 73 64 49 43
40 74 95 86 68
40 75 40 34 27
40 76 26 20 15
40 77 22 17 14
40 78 123 100 77
40 79 84 71 57
40 80 58 48 40
40 81 137 112 91
40 82 120 104 89
40 83 181 151 118
40 84 64 54 48
40 85 75 59 52
40 86 20 17 14
40 87 65 53 48
40 88 110 92 80
40 89 9 7 6
40 90 61 49 38
40 91 87 72 62
40 92 123 103 89
40 93 137 107 89
40 94 121 105 92
40 95 83 69 55
40 96 17 15 12
40 97 87 72 56
40 98 56 43 34
40 99 100 84 72
41 42 79 62 48
41 43 21 16 14
41 44 136 108 88
41 45 95 82 71
41 46 108 84 66
41 47 73 65 55
41 48 50 40 35
41 49 40 33 26
41 50 44 38 34
41 51 87 72 59
41 52 101 91 72
41 53 94 73 59
41 54 22 18 16
41 55 73 64 50
41 56 103 81 72
41 57 106 92 77
41 58 117 90 79
41 59 45 39 32
41 60 30 24 20
41 61 94 77 69
41 62 149 114 88
41 63 74 61 50
41 64 48 38 29
41 65 106 88 73
41 66 109 92 76
41 67 62 49 41
41 68 123 105 88
41 69 29 23 20
41 70 89 78 64
41 71 126 108 89
41 72 57 44 38
41 73 93 82 65
41 74 132 104 86
41 75 102 89 72
41 76 116 105 83
41 77 110 95 78
41 78 118 95 77
41 79 50 43 33
41 80 102 89 70
41 81 26 21 16
41 82 29 24 21
41 83 50 41 35
41 84 106 81 63
41 85 56 49 38
41 86 153 121 98
41 87 57 50 44
41 88 21 18 15
41 89 124 100 85
41 90 68 61 55
41 91 41 35 27
41 92 58 45 40
41 93 6 4 3
41 94 21 16 13
41 95 64 52 46
41 96 150 125 99
41 97 57 46 36
41 98 77 64 57
41 99 114 88 74
42 43 80 69 57
42 44 61 50 44
42 45 38 29 25
42 46 44 38 29
42 47 28 23 19
42 48 74 65 53
42 49 88 73 59
42 50 86 73 65
42 51 35 29 23
42 52 39 30 24
42 53 25 20 16
42 54 92 78 63
42 55 28 23 20
42 56 40 34 29
42 57 45 38 30
42 58 43 38 33
42 59 120 93 75
42 60 96 79 65
42 61 58 51 44
42 62 101 80 70
42 63 61 49 39
42 64 76 58 52
42 65 57 45 39
42 66 47 42 32
42 67 70 62 51
42 68 63 50 41
42 69 39 33 29
42 70 29 23 20
42 71 68 52 42
42 72 48 42 35
42 73 42 37 30
42 74 91 73 64
42 75 38 33 29
42 76 53 44 37
42 77 44 39 31
42 78 89 76 64
42 79 24 20 17
42 80 58 45 35
42 81 71 62 51
42 82 80 64 50
42 83 115 101 78
42 84 51 41 32
42 85 16 13 11
42 86 78 67 51
42 87 18 14 11
42 88 65 51 40
42 89 48 43 38
42 90 16 14 12
42 91 28 24 21
42 92 81 71 56
42 93 77 60 48
42 94 73 66 52
42 95 36 30 23
42 96 73 65 51
42 97 26 20 17
42 98 15 13 11
42 99 76 65 58
43 44 148 122 99
43 45 104 94 77
43 46 107 94 78
43 47 105 86 67
43 48 65 54 48
43 49 57 44 37
43 50 62 54 43
43 51 86 72 64
43 52 122 95 80
43 53 95 77 66
43 54 29 24 18
43 55 91 77 62
43 56 113 92 77
43 57 121 100 86
43 58 125 103 86
43 59 57 46 36
43 60 37 30 24
43 61 88 78 70
43 62 141 124 101
43 63 101 80 63
43 64 31 26 22
43 65 119 96 85
43 66 130 106 87
43 67 77 61 54
43 68 145 119 97
43 69 41 33 29
43 70 96 82 71
43 71 143 120 96
43 72 56 46 38
43 73 107 87 69
43 74 149 128 99
43 75 131 105 83
43 76 135 106 94
43 77 140 110 86
43 78 132 105 90
43 79 57 51 44
43 80 121 95 82
43 81 14 11 9
43 82 23 18 15
43 83 55 45 38
43 84 91 78 66
43 85 66 55 47
43 86 146 122 106
43 87 77 60 51
43 88 37 33 29
43 89 137 113 94
43 90 80 71 61
43 91 52 42 37
43 92 72 58 52
43 93 17 14 12
43 94 33 28 24
43 95 65 57 49
43 96 137 119 107
43 97 62 55 43
43 98 89 77 65
43 99 122 108 87
44 45 56 45 39
44 46 34 29 25
44 47 51 43 34
44 48 110 95 79
44 49 131 112 90
44 50 139 123 94
44 51 81 66 54
44 52 39 33 27
44 53 60 51 44
44 54 128 112 101
44 55 60 49 40
44 56 61 54 46
44 57 27 22 18
44 58 52 45 37
44 59 157 141 110
44 60 162 133 102
44 61 99 89 72
44 62 87 68 57
44 63 72 60 53
44 64 129 114 95
44 65 39 32 26
44 66 18 14 12
44 67 112 92 73
44 68 20 17 14
44 69 94 85 70
44 70 63 51 42
44 71 57 44 35
44 72 115 96 77
44 73 81 69 57
44 74 76 60 48
44 75 24 21 17
44 76 14 11 9
44 77 47 36 29
44 78 100 77 59
44 79 78 65 56
44 80 33 29 25
44 81 150 123 94
44 82 141 109 93
44 83 158 134 112
44 84 97 76 62
44 85 76 61 53
44 86 54 44 34
44 87 77 67 53
44 88 105 87 76
44 89 24 21 17
44 90 67 56 46
44 91 90 74 63
44 92 106 96 79
44 93 135 112 89
44 94 129 104 88
44 95 98 78 63
44 96 46 39 31
44 97 92 77 60
44 98 64 52 41
44 99 74 62 54
45 46 63 49 39
45 47 47 42 36
45 48 115 94 78
45 49 122 101 84
45 50 131 116 90
45 51 26 22 17
45 52 20 15 13
45 53 17 14 12
45 54 123 98 86
45 55 60 49 41
45 56 13 10 8
45 57 29 26 21
45 58 14 11 9
45 59 154 121 99
45 60 112 97 88
45 61 51 40 34
45 62 115 101 84
45 63 81 72 60
45 64 109 84 67
45 65 68 56 49
45 66 44 38 31
45 67 104 91 75
45 68 49 38 29
45 69 73 58 52
45 70 10 8 7
45 71 28 22 19
45 72 76 60 46
45 73 30 24 19
45 74 111 91 76
45 75 47 38 32
45 76 46 36 30
45 77 15 13 11
45 78 129 105 81
45 79 59 50 42
45 80 72 55 44
45 81 101 89 70
45 82 94 77 67
45 83 153 122 102
45 84 36 28 24
45 85 46 39 35
45 86 45 38 29
45 87 40 31 27
45 88 90 76 64
45 89 37 30 24
45 90 24 19 16
45 91 69 56 44
45 92 134 104 80
45 93 98 78 70
45 94 106 94 76
45 95 44 39 31
45 96 45 39 31
45 97 51 41 35
45 98 23 20 15
45 99 93 84 75
46 47 16 14 12
46 48 91 70 55
46 49 94 81 66
46 50 97 80 70
46 51 70 62 47
46 52 41 36 28
46 53 60 47 38
46 54 118 97 78
46 55 25 22 17
46 56 58 51 46
46 57 35 31 24
46 58 64 51 42
46 59 110 95 86
46 60 109 89 78
46 61 112 86 68
46 62 72 57 45
46 63 42 36 29
46 64 112 86 78
46 65 17 13 11
46 66 23 19 15
46 67 71 61 49
46 68 44 35 31
46 69 74 62 50
46 70 57 48 38
46 71 68 57 46
46 72 93 82 63
46 73 81 63 53
46 74 55 48 38
46 75 18 14 11
46 76 33 27 24
46 77 57 44 35
46 78 61 52 43
46 79 55 45 35
46 80 11 9 7
46 81 100 84 74
46 82 111 87 74
46 83 127 115 88
46 84 82 65 57
46 85 48 39 34
46 86 81 62 50
46 87 60 47 39
46 88 80 66 53
46 89 48 38 31
46 90 48 41 36
46 91 67 55 43
46 92 69 62 55
46 93 96 82 67
46 94 92 82 65
46 95 72 60 51
46 96 66 57 48
46 97 71 54 44
46 98 47 37 32
46 99 52 42 37
47 48 64 57 47
47 49 81 67 58
47 50 82 73 62
47 51 58 48 41
47 52 36 32 28
47 53 45 39 32
47 54 95 79 68
47 55 10 9 7
47 56 52 47 42
47 57 36 32 28
47 58 56 49 41
47 59 115 89 77
47 60 100 81 68
47 61 89 79 62
47 62 76 61 51
47 63 38 32 25
47 64 99 82 67
47 65 31 24 21
47 66 34 29 23
47 67 72 56 43
47 68 49 42 37
47 69 56 45 38
47 70 52 41 33
47 71 67 54 47
47 72 78 68 53
47 73 73 57 47
47 74 67 57 45
47 75 30 23 18
47 76 43 36 31
47 77 53 41 36
47 78 70 59 46
47 79 37 31 24
47 80 28 22 17
47 81 90 78 63
47 82 98 77 63
47 83 109 98 79
47 84 83 65 50
47 85 37 30 23
47 86 84 68 54
47 87 42 38 30
47 88 62 49 43
47 89 50 43 36
47 90 46 37 29
47 91 46 36 32
47 92 60 54 48
47 93 76 62 56
47 94 76 65 55
47 95 69 55 42
47 96 67 58 52
47 97 52 42 33
47 98 35 29 25
47 99 56 50 40
48 49 23 18 16
48 50 26 21 17
48 51 104 83 74
48 52 108 88 73
48 53 107 88 69
48 54 48 42 37
48 55 58 48 41
48 56 112 99 82
48 57 112 90 74
48 58 109 97 85
48 59 48 41 35
48 60 56 43 33
48 61 133 109 90
48 62 80 71 58
48 63 39 34 27
48 64 89 77 63
48 65 91 70 56
48 66 102 82 69
48 67 13 10 8
48 68 117 97 83
48 69 59 46 38
48 70 96 80 72
48 71 150 120 93
48 72 88 74 65
48 73 115 91 81
48 74 74 65 59
48 75 85 73 64
48 76 118 99 77
48 77 120 97 81
48 78 69 54 46
48 79 60 48 38
48 80 84 66 55
48 81 76 60 51
48 82 78 68 55
48 83 48 43 37
48 84 119 100 81
48 85 69 57 45
48 86 135 119 100
48 87 74 63 57
48 88 40 32 24
48 89 119 99 83
48 90 87 76 64
48 91 63 53 41
48 92 8 6 5
48 93 49 43 38
48 94 37 29 25
48 95 96 82 65
48 96 151 116 99
48 97 68 57 51
48 98 99 78 63
48 99 65 55 45
49 50 12 10 8
49 51 122 94 77
49 52 124 98 81
49 53 122 94 73
49 54 36 29 23
49 55 63 57 51
49 56 130 105 87
49 57 112 100 84
49 58 140 116 91
49 59 26 23 20
49 60 31 24 18
49 61 136 108 91
49 62 101 84 73
49 63 60 51 41
49 64 80 69 55
49 65 103 90 70
49 66 107 95 80
49 67 37 30 23
49 68 147 113 94
49 69 51 43 36
49 70 106 92 78
49 71 147 120 100
49 72 93 71 62
49 73 120 98 83
49 74 112 92 74
49 75 115 94 75
49 76 125 109 88
49 77 124 110 88
49 78 98 80 62
49 79 65 51 42
49 80 92 83 68
49 81 62 48 42
49 82 60 53 47
49 83 33 28 23
49 84 115 95 83
49 85 74 62 49
49 86 168 134 109
49 87 86 72 60
49 88 33 27 21
49 89 127 106 92
49 90 103 82 69
49 91 67 55 42
49 92 25 22 19
49 93 40 32 29
49 94 19 16 14
49 95 97 77 65
49 96 168 138 108
49 97 78 63 53
49 98 99 84 69
49 99 92 71 60
50 51 119 100 84
50 52 130 111 87
50 53 105 94 80
50 54 42 33 28
50 55 77 65 56
50 56 116 105 94
50 57 125 103 89
50 58 151 118 98
50 59 29 24 20
50 60 33 26 23
50 61 134 111 98
50 62 117 93 72
50 63 65 50 44
50 64 78 69 62
50 65 113 92 72
50 66 126 98 84
50 67 37 29 24
50 68 148 115 99
50 69 69 55 44
50 70 138 106 84
50 71 153 136 106
50 72 98 82 70
50 73 129 103 91
50 74 102 91 74
50 75 112 94 79
50 76 148 120 93
50 77 148 123 94
50 78 85 76 61
50 79 76 59 49
50 80 99 84 71
50 81 77 61 49
50 82 74 60 54
50 83 33 26 22
50 84 129 110 90
50 85 81 66 56
50 86 182 149 114
50 87 92 75 67
50 88 41 33 29
50 89 148 120 98
50 90 123 97 75
50 91 68 58 49
50 92 26 21 18
50 93 57 47 37
50 94 36 28 22
50 95 97 81 73
50 96 177 147 114
50 97 97 76 60
50 98 126 97 76
50 99 98 76 60
51 52 40 32 27
51 53 16 13 11
51 54 114 92 75
51 55 73 56 43
51 56 21 17 14
51 57 55 43 36
51 58 40 32 25
51 59 127 115 90
51 60 112 87 78
51 61 31 27 21
51 62 132 104 91
51 63 85 76 61
51 64 70 59 51
51 65 86 75 58
51 66 66 55 44
51 67 99 82 73
51 68 57 50 45
51 69 59 47 42
51 70 18 15 13
51 71 51 43 34
51 72 46 35 29
51 73 12 10 8
51 74 120 107 84
51 75 59 49 43
51 76 62 55 45
51 77 41 36 28
51 78 138 109 86
51 79 46 40 36
51 80 75 65 54
51 81 76 66 56
51 82 72 60 53
51 83 136 104 93
51 84 15 13 10
51 85 40 35 29
51 86 62 56 45
51 87 25 21 18
51 88 75 64 56
51 89 63 53 41
51 90 18 15 12
51 91 57 45 35
51 92 115 89 77
51 93 81 67 58
51 94 89 80 67
51 95 22 18 15
51 96 71 60 47
51 97 37 30 25
51 98 24 21 16
51 99 126 98 81
52 53 28 22 18
52 54 134 106 87
52 55 47 39 34
52 56 31 24 20
52 57 14 11 9
52 58 21 18 14
52 59 133 119 99
52 60 145 115 89
52 61 67 57 46
52 62 99 88 73
52 63 82 67 53
52 64 94 84 73
52 65 56 44 38
52 66 28 25 19
52 67 91 79 70
52 68 25 22 19
52 69 76 61 53
52 70 22 19 15
52 71 29 24 20
52 72 72 61 53
52 73 40 36 30
52 74 99 78 65
52 75 29 26 20
52 76 25 22 19
52 77 12 10 8
52 78 102 90 71
52 79 61 48 41
52 80 43 38 33
52 81 120 97 74
52 82 107 90 72
52 83 164 130 101
52 84 49 39 35
52 85 48 42 35
52 86 41 35 28
52 87 43 36 31
52 88 93 74 63
52 89 23 19 15
52 90 30 24 21
52 91 67 55 45
52 92 113 96 75
52 93 109 89 72
52 94 110 86 75
52 95 50 43 38
52 96 36 32 27
52 97 54 45 39
52 98 25 19 17
52 99 95 75 65
53 54 106 84 74
53 55 52 41 35
53 56 19 16 14
53 57 38 31 27
53 58 30 24 20
53 59 136 115 89
53 60 106 92 77
53 61 50 38 31
53 62 125 97 82
53 63 78 69 54
53 64 84 70 56
53 65 64 54 48
53 66 51 44 34
53 67 97 80 67
53 68 58 48 37
53 69 61 49 40
53 70 8 6 5
53 71 46 37 30
53 72 49 40 35
53 73 24 18 16
53 74 112 91 75
53 75 47 37 33
53 76 50 44 36
53 77 32 26 21
53 78 107 95 77
53 79 45 38 32
53 80 57 50 44
53 81 89 72 59
53 82 84 72 56
53 83 133 106 91
53 84 33 25 20
53 85 39 33 25
53 86 59 47 40
53 87 22 19 16
53 88 84 65 54
53 89 52 42 33
53 90 8 6 5
53 91 49 40 33
53 92 102 90 71
53 93 81 71 59
53 94 81 72 65
53 95 30 26 21
53 96 65 51 42
53 97 37 29 24
53 98 13 10 7
53 99 112 92 71
54 55 85 76 62
54 56 122 104 87
54 57 112 101 91
54 58 132 105 94
54 59 30 25 19
54 60 11 9 7
54 61 120 108 84
54 62 142 112 93
54 63 86 74 58
54 64 64 49 39
54 65 112 99 84
54 66 136 110 90
54 67 64 51 44
54 68 149 120 102
54 69 51 43 35
54 70 114 97 79
54 71 145 121 104
54 72 74 63 53
54 73 118 104 81
54 74 155 120 93
54 75 116 104 85
54 76 131 114 97
54 77 137 107 93
54 78 131 105 82
54 79 65 57 47
54 80 118 106 81
54 81 45 34 26
54 82 41 36 31
54 83 31 24 21
54 84 108 94 79
54 85 83 65 52
54 86 180 140 113
54 87 95 77 59
54 88 37 30 25
54 89 154 119 100
54 90 114 91 70
54 91 65 53 42
54 92 57 47 41
54 93 25 22 17
54 94 21 17 15
54 95 88 68 61
54 96 165 142 114
54 97 73 64 51
54 98 108 83 72
54 99 114 96 80
55 56 68 53 46
55 57 51 40 34
55 58 75 59 46
55 59 90 81 70
55 60 83 69 62
55 61 83 72 64
55 62 79 61 50
55 63 32 25 20
55 64 89 79 63
55 65 38 29 24
55 66 39 33 29
55 67 52 42 37
55 68 59 53 43
55 69 51 40 34
55 70 60 46 37
55 71 69 62 53
55 72 74 65 51
55 73 70 62 50
55 74 64 57 45
55 75 37 30 24
55 76 54 42 37
55 77 57 46 41
55 78 67 57 44
55 79 28 23 20
55 80 28 24 21
55 81 86 72 58
55 82 97 76 59
55 83 100 89 73
55 84 77 64 52
55 85 31 27 21
55 86 84 69 60
55 87 49 38 30
55 88 61 48 37
55 89 62 48 42
55 90 48 40 31
55 91 42 33 28
55 92 69 55 42
55 93 79 61 51
55 94 62 55 49
55 95 60 53 42
55 96 82 66 59
55 97 50 42 32
55 98 43 33 28
55 99 57 45 38
56 57 43 35 28
56 58 19 15 12
56 59 156 133 102
56 60 134 107 90
56 61 40 31 27
56 62 117 103 91
56 63 111 86 66
56 64 94 74 65
56 65 83 70 56
56 66 54 48 38
56 67 111 92 80
56 68 48 39 35
56 69 77 60 53
56 70 17 13 10
56 71 34 27 21
56 72 71 54 43
56 73 21 16 13
56 74 124 97 83
56 75 60 51 39
56 76 54 42 37
56 77 26 21 17
56 78 130 100 87
56 79 68 55 45
56 80 70 61 52
56 81 90 76 69
56 82 95 86 66
56 83 142 121 104
56 84 27 23 18
56 85 56 46 38
56 86 46 36 31
56 87 41 36 28
56 88 103 85 67
56 89 45 39 31
56 90 28 22 19
56 91 65 53 46
56 92 130 103 85
56 93 113 87 71
56 94 107 95 78
56 95 43 36 29
56 96 45 38 34
56 97 49 41 36
56 98 25 22 19
56 99 120 98 82
57 58 28 23 20
57 59 152 119 102
57 60 133 108 92
57 61 80 63 54
57 62 108 87 67
57 63 82 63 51
57 64 113 100 80
57 65 53 42 32
57 66 18 16 12
57 67 100 90 70
57 68 16 14 11
57 69 89 74 58
57 70 39 31 24
57 71 29 25 22
57 72 87 69 61
57 73 59 51 39
57 74 90 73 59
57 75 23 18 14
57 76 16 13 10
57 77 18 16 13
57 78 94 82 66
57 79 60 52 45
57 80 42 33 28
57 81 120 101 80
57 82 107 90 79
57 83 165 127 105
57 84 65 55 44
57 85 60 48 40
57 86 42 32 27
57 87 55 46 38
57 88 96 85 67
57 89 14 12 9
57 90 42 36 29
57 91 68 57 50
57 92 105 85 76
57 93 109 93 77
57 94 105 89 79
57 95 62 54 46
57 96 34 28 25
57 97 76 58 45
57 98 33 29 24
57 99 96 78 60
58 59 157 128 107
58 60 124 108 97
58 61 57 46 38
58 62 118 103 86
58 63 97 74 65
58 64 96 87 75
58 65 73 58 51
58 66 47 38 31
58 67 114 100 82
58 68 33 28 25
58 69 90 77 60
58 70 25 19 15
58 71 14 12 10
58 72 73 64 53
58 73 35 28 24
58 74 111 90 78
58 75 46 38 33
58 76 43 36 28
58 77 13 10 8
58 78 112 100 84
58 79 70 56 49
58 80 62 56 47
58 81 122 97 78
58 82 117 91 75
58 83 154 137 110
58 84 43 37 29
58 85 67 52 43
58 86 29 24 21
58 87 48 41 35
58 88 116 94 72
58 89 27 23 20
58 90 42 33 25
58 91 76 61 52
58 92 130 103 87
58 93 118 100 78
58 94 133 107 84
58 95 59 50 39
58 96 38 29 23
58 97 67 54 44
58 98 34 30 23
58 99 108 89 78
59 60 20 17 13
59 61 156 126 101
59 62 126 108 92
59 63 94 73 61
59 64 75 64 57
59 65 135 109 89
59 66 160 125 99
59 67 61 50 43
59 68 148 127 112
59 69 80 64 49
59 70 137 119 93
59 71 180 149 117
59 72 96 84 70
59 73 156 123 96
59 74 123 104 93
59 75 117 105 94
59 76 159 130 107
59 77 146 126 105
59 78 117 93 81
59 79 84 68 59
59 80 118 100 88
59 81 64 56 44
59 82 65 55 49
59 83 5 4 3
59 84 149 116 95
59 85 97 77 65
59 86 175 143 126
59 87 115 93 74
59 88 56 46 36
59 89 152 131 110
59 90 123 96 84
59 91 83 65 56
59 92 58 47 38
59 93 54 42 34
59 94 36 28 24
59 95 108 94 77
59 96 182 160 126
59 97 90 75 66
59 98 123 95 85
59 99 122 97 79
60 61 141 109 89
60 62 137 111 91
60 63 82 67 56
60 64 68 56 44
60 65 122 100 83
60 66 127 101 90
60 67 56 46 40
60 68 143 126 103
60 69 54 45 37
60 70 111 94 82
60 71 147 125 106
60 72 89 71 58
60 73 127 102 84
60 74 120 104 91
60 75 113 97 86
60 76 162 126 98
60 77 147 117 95
60 78 112 88 79
60 79 73 56 49
60 80 135 104 81
60 81 41 35 31
60 82 51 43 37
60 83 23 20 16
60 84 125 108 83
60 85 72 65 54
60 86 171 149 115
60 87 86 76 63
60 88 41 33 26
60 89 154 119 101
60 90 108 93 73
60 91 59 52 45
60 92 49 43 37
60 93 29 25 22
60 94 22 18 14
60 95 102 84 65
60 96 175 140 116
60 97 76 62 54
60 98 103 82 74
60 99 106 91 77
61 62 152 134 112
61 63 109 96 81
61 64 78 63 52
61 65 132 101 79
61 66 95 79 64
61 67 144 117 91
61 68 94 75 62
61 69 77 66 55
61 70 44 36 32
61 71 65 58 45
61 72 51 41 32
61 73 22 19 16
61 74 174 135 105
61 75 95 81 63
61 76 90 80 64
61 77 62 51 44
61 78 168 129 107
61 79 82 69 54
61 80 111 97 74
61 81 87 70 61
61 82 80 71 57
61 83 145 119 104
61 84 18 14 12
61 85 78 61 47
61 86 91 70 55
61 87 53 41 35
61 88 94 79 70
61 89 79 71 57
61 90 48 40 33
61 91 73 61 50
61 92 141 109 94
61 93 103 80 68
61 94 117 101 79
61 95 38 31 26
61 96 85 69 59
61 97 57 48 39
61 98 58 46 37
61 99 153 119 101
62 63 52 46 39
62 64 182 140 109
62 65 46 41 36
62 66 78 68 56
62 67 77 60 51
62 68 113 89 69
62 69 113 100 78
62 70 130 105 82
62 71 135 105 89
62 72 152 129 101
62 73 140 121 98
62 74 15 11 9
62 75 72 62 53
62 76 97 80 62
62 77 123 96 79
62 78 21 16 12
62 79 99 87 67
62 80 57 51 40
62 81 148 125 101
62 82 145 122 103
62 83 133 105 94
62 84 145 130 101
62 85 101 79 70
62 86 129 105 90
62 87 131 104 80
62 88 101 84 73
62 89 102 86 72
62 90 115 104 80
62 91 112 98 75
62 92 75 62 55
62 93 120 103 90
62 94 107 89 80
62 95 138 116 92
62 96 108 98 87
62 97 128 99 81
62 98 99 84 76
62 99 22 19 15
63 64 104 90 71
63 65 42 33 29
63 66 68 52 44
63 67 33 28 21
63 68 92 74 59
63 69 51 46 40
63 70 81 73 56
63 71 101 89 72
63 72 92 75 64
63 73 106 82 68
63 74 57 44 36
63 75 57 49 39
63 76 76 68 52
63 77 90 72 60
63 78 44 37 29
63 79 44 38 31
63 80 43 35 29
63 81 88 78 63
63 82 83 74 65
63 83 87 78 64
63 84 104 90 70
63 85 46 39 35
63 86 111 95 78
63 87 68 59 47
63 88 51 43 35
63 89 85 66 59
63 90 66 57 50
63 91 55 45 38
63 92 37 32 27
63 93 75 58 52
63 94 66 54 44
63 95 75 66 58
63 96 113 90 76
63 97 59 53 45
63 98 63 54 47
63 99 37 28 25
64 65 130 113 87
64 66 125 108 84
64 67 90 74 67
64 68 136 107 91
64 69 44 39 31
64 70 80 70 61
64 71 137 108 85
64 72 33 29 23
64 73 87 70 55
64 74 166 131 106
64 75 120 96 80
64 76 127 112 89
64 77 121 97 77
64 78 123 111 100
64 79 70 56 44
64 80 135 107 83
64 81 23 18 14
64 82 13 11 9
64 83 86 67 59
64 84 79 63 51
64 85 71 56 44
64 86 140 116 95
64 87 72 56 43
64 88 59 47 40
64 89 132 105 88
64 90 78 60 53
64 91 50 44 36
64 92 98 84 67
64 93 41 33 26
64 94 58 46 41
64 95 58 45 37
64 96 132 112 97
64 97 50 44 36
64 98 89 72 57
64 99 129 115 95
65 66 30 25 21
65 67 81 64 50
65 68 50 43 35
65 69 87 70 58
65 70 71 57 48
65 71 85 71 54
65 72 105 86 73
65 73 92 72 64
65 74 38 33 28
65 75 27 21 18
65 76 46 37 29
65 77 68 54 44
65 78 51 44 35
65 79 58 51 44
65 80 10 7 5
65 81 118 95 82
65 82 107 92 83
65 83 133 106 92
65 84 103 85 67
65 85 68 55 44
65 86 78 64 57
65 87 67 59 50
65 88 95 77 59
65 89 59 48 37
65 90 74 57 47
65 91 72 61 52
65 92 88 71 56
65 93 113 90 74
65 94 100 86 70
65 95 92 76 62
65 96 72 63 54
65 97 72 62 54
65 98 61 47 42
65 99 43 37 29
66 67 91 74 64
66 68 24 19 16
66 69 95 74 58
66 70 50 41 32
66 71 53 41 33
66 72 95 76 66
66 73 72 59 48
66 74 69 56 48
66 75 10 7 5
66 76 13 11 9
66 77 40 31 24
66 78 84 64 56
66 79 63 51 44
66 80 25 20 18
66 81 106 91 82
66 82 115 97 81
66 83 144 126 101
66 84 72 61 53
66 85 67 52 41
66 86 55 44 36
66 87 62 52 42
66 88 91 74 65
66 89 25 22 17
66 90 53 43 35
66 91 77 65 51
66 92 106 82 69
66 93 122 96 77
66 94 117 100 77
66 95 68 59 52
66 96 53 42 33
66 97 69 56 48
66 98 43 35 30
66 99 69 59 50
67 68 116 103 79
67 69 58 46 40
67 70 107 88 70
67 71 132 111 89
67 72 105 83 67
67 73 113 95 80
67 74 78 66 51
67 75 82 73 59
67 76 105 82 72
67 77 117 93 77
67 78 51 45 39
67 79 54 43 38
67 80 75 57 49
67 81 86 71 56
67 82 90 70 60
67 83 66 59 45
67 84 123 97 81
67 85 60 53 44
67 86 142 119 96
67 87 86 68 56
67 88 40 34 28
67 89 118 102 78
67 90 106 82 63
67 91 60 50 42
67 92 9 7 6
67 93 61 51 44
67 94 50 41 31
67 95 105 84 65
67 96 119 107 95
67 97 80 66 52
67 98 83 70 62
67 99 48 42 37
68 69 117 90 69
68 70 55 42 33
68 71 36 28 22
68 72 106 89 71
68 73 61 54 47
68 74 86 75 60
68 75 31 26 20
68 76 12 9 7
68 77 28 22 18
68 78 100 85 70
68 79 86 71 55
68 80 43 38 33
68 81 129 110 91
68 82 126 113 90
68 83 163 140 115
68 84 81 66 52
68 85 84 65 51
68 86 34 29 22
68 87 72 56 48
68 88 115 95 77
68 89 9 7 5
68 90 57 51 39
68 91 82 70 61
68 92 119 98 84
68 93 124 109 88
68 94 135 108 89
68 95 81 71 57
68 96 27 23 19
68 97 86 68 56
68 98 51 39 35
68 99 103 81 64
69 70 61 50 45
69 71 101 81 69
69 72 39 34 28
69 73 82 63 48
69 74 119 96 75
69 75 80 64 54
69 76 84 75 65
69 77 86 71 59
69 78 101 81 69
69 79 25 20 15
69 80 79 62 54
69 81 40 31 25
69 82 39 34 26
69 83 81 68 52
69 84 68 54 47
69 85 29 24 19
69 86 114 93 79
69 87 38 33 26
69 88 24 19 16
69 89 89 74 66
69 90 48 41 36
69 91 14 11 8
69 92 66 52 42
69 93 27 23 20
69 94 39 34 26
69 95 45 35 29
69 96 122 102 80
69 97 26 21 18
69 98 54 48 38
69 99 95 80 65
70 71 39 32 25
70 72 64 52 40
70 73 24 21 17
70 74 105 89 75
70 75 46 40 32
70 76 52 43 33
70 77 25 20 17
70 78 106 95 78
70 79 48 43 36
70 80 69 55 44
70 81 101 83 64
70 82 99 79 61
70 83 148 122 96
70 84 36 28 21
70 85 41 34 29
70 86 48 43 35
70 87 33 27 21
70 88 83 74 58
70 89 47 37 29
70 90 15 13 10
70 91 56 48 38
70 92 118 96 75
70 93 93 72 64
70 94 105 91 70
70 95 38 30 25
70 96 54 45 37
70 97 43 35 29
70 98 13 11 9
70 99 112 93 73
71 72 92 72 63
71 73 51 39 33
71 74 126 98 80
71 75 50 42 36
71 76 44 36 28
71 77 21 16 12
71 78 129 113 88
71 79 78 68 59
71 80 72 61 50
71 81 140 113 88
71 82 132 106 85
71 83 180 144 119
71 84 51 46 38
71 85 76 60 52
71 86 17 13 11
71 87 73 56 45
71 88 122 102 81
71 89 26 21 18
71 90 49 41 35
71 91 90 77 62
71 92 131 108 95
71 93 124 107 88
71 94 139 107 93
71 95 74 60 49
71 96 21 17 14
71 97 84 67 54
71 98 50 41 32
71 99 114 100 82
72 73 49 38 33
72 74 133 108 96
72 75 94 80 63
72 76 110 87 70
72 77 85 71 56
72 78 132 109 93
72 79 45 40 34
72 80 112 87 69
72 81 44 34 30
72 82 36 29 25
72 83 115 92 73
72 84 43 36 29
72 85 45 38 31
72 86 115 90 74
72 87 39 33 25
72 88 61 48 42
72 89 102 81 67
72 90 45 38 32
72 91 40 33 27
72 92 106 90 69
72 93 58 47 36
72 94 73 60 49
72 95 25 20 15
72 96 119 99 76
72 97 29 25 20
72 98 52 45 37
72 99 132 103 88
73 74 122 102 90
73 75 66 57 48
73 76 70 57 49
73 77 37 33 29
73 78 143 117 93
73 79 60 49 43
73 80 87 71 59
73 81 94 77 61
73 82 80 64 57
73 83 135 118 99
73 84 11 8 6
73 85 51 41 36
73 86 68 54 43
73 87 43 33 25
73 88 90 74 63
73 89 68 53 43
73 90 29 22 19
73 91 67 54 42
73 92 113 99 84
73 93 95 84 64
73 94 103 90 73
73 95 30 25 20
73 96 76 59 46
73 97 43 36 31
73 98 34 26 23
73 99 126 99 87
74 75 61 52 45
74 76 76 68 54
74 77 101 81 71
74 78 26 20 16
74 79 79 70 63
74 80 45 40 32
74 81 139 122 98
74 82 140 114 100
74 83 144 117 95
74 84 145 117 94
74 85 87 74 65
74 86 105 93 82
74 87 109 86 74
74 88 101 81 71
74 89 92 71 63
74 90 100 90 73
74 91 104 82 71
74 92 80 67 56
74 93 135 105 88
74 94 114 94 79
74 95 120 97 86
74 96 129 100 78
74 97 101 89 76
74 98 99 85 69
74 99 22 17 15
75 76 22 17 14
75 77 40 34 26
75 78 71 63 52
75 79 56 47 40
75 80 22 18 15
75 81 105 91 78
75 82 101 88 77
75 83 138 121 97
75 84 71 64 52
75 85 53 47 37
75 86 63 48 40
75 87 52 46 39
75 88 88 78 60
75 89 31 26 21
75 90 45 39 33
75 91 76 58 47
75 92 98 76 65
75 93 104 87 73
75 94 104 87 72
75 95 75 63 50
75 96 55 45 38
75 97 77 59 45
75 98 42 35 28
75 99 65 55 47
76 77 31 24 21
76 78 90 76 63
76 79 69 61 51
76 80 39 32 26
76 81 138 109 88
76 82 131 102 87
76 83 155 126 109
76 84 84 65 53
76 85 68 59 47
76 86 44 36 29
76 87 66 52 46
76 88 104 86 73
76 89 17 13 10
76 90 51 43 38
76 91 82 67 57
76 92 110 95 78
76 93 116 99 84
76 94 119 94 84
76 95 82 70 55
76 96 41 32 26
76 97 80 65 54
76 98 48 38 33
76 99 80 72 58
77 78 122 95 77
77 79 65 55 47
77 80 66 52 40
77 81 127 99 79
77 82 118 97 76
77 83 163 132 108
77 84 45 40 34
77 85 60 48 41
77 86 32 26 21
77 87 53 46 35
77 88 96 86 70
77 89 20 16 14
77 90 37 30 25
77 91 81 65 51
77 92 112 98 83
77 93 110 91 78
77 94 106 93 82
77 95 54 46 41
77 96 35 27 21
77 97 67 57 44
77 98 35 28 22
77 99 91 82 72
78 79 79 71 59
78 80 54 46 38
78 81 131 112 91
78 82 131 108 93
78 83 111 95 82
78 84 139 112 96
78 85 104 81 63
78 86 130 103 91
78 87 101 90 73
78 88 93 74 62
78 89 109 93 72
78 90 111 89 75
78 91 108 84 67
78 92 65 53 43
78 93 113 97 79
78 94 92 80 69
78 95 114 99 85
78 96 133 106 88
78 97 118 94 73
78 98 100 80 71
78 99 10 8 6
79 80 57 45 40
79 81 57 44 39
79 82 57 45 40
79 83 80 70 61
79 84 60 54 44
79 85 11 9 8
79 86 106 85 67
79 87 30 23 19
79 88 37 29 23
79 89 77 65 53
79 90 36 32 27
79 91 13 11 9
79 92 60 53 41
79 93 46 40 34
79 94 49 42 35
79 95 41 37 29
79 96 87 77 68
79 97 22 19 16
79 98 43 35 27
79 99 81 67 54
80 81 112 99 78
80 82 112 101 79
80 83 149 115 90
80 84 98 79 63
80 85 59 49 39
80 86 70 61 54
80 87 63 56 45
80 88 81 64 56
80 89 55 44 34
80 90 64 54 42
80 91 69 55 48
80 92 88 68 55
80 93 108 86 71
80 94 101 80 67
80 95 83 72 57
80 96 70 57 51
80 97 69 56 49
80 98 61 48 38
80 99 50 42 32
81 82 10 8 6
81 83 70 60 46
81 84 85 70 58
81 85 62 48 42
81 86 129 116 98
81 87 64 54 44
81 88 45 37 29
81 89 127 111 88
81 90 70 63 54
81 91 49 38 31
81 92 86 67 55
81 93 20 16 13
81 94 40 35 28
81 95 69 53 41
81 96 168 129 100
81 97 56 45 36
81 98 95 75 58
81 99 123 106 87
82 83 72 60 51
82 84 79 63 54
82 85 59 49 41
82 86 147 124 96
82 87 58 49 42
82 88 54 41 32
82 89 120 109 86
82 90 73 63 52
82 91 46 37 31
82 92 77 67 59
82 93 28 23 18
82 94 49 41 33
82 95 48 43 38
82 96 140 108 97
82 97 54 43 34
82 98 87 72 56
82 99 133 108 89
83 84 145 124 98
83 85 103 80 68
83 86 183 148 128
83 87 111 93 77
83 88 53 44 39
83 89 168 132 113
83 90 126 98 87
83 91 88 77 59
83 92 65 51 40
83 93 51 44 37
83 94 41 32 27
83 95 125 101 80
83 96 172 148 128
83 97 109 87 69
83 98 126 102 88
83 99 105 93 81
84 85 62 48 37
84 86 70 58 48
84 87 40 32 25
84 88 99 79 62
84 89 75 59 48
84 90 31 25 22
84 91 63 54 41
84 92 117 94 84
84 93 92 75 62
84 94 98 80 72
84 95 30 23 18
84 96 82 63 51
84 97 46 40 31
84 98 39 31 26
84 99 150 117 90
85 86 84 71 61
85 87 20 15 12
85 88 43 36 30
85 89 73 57 48
85 90 31 25 20
85 91 16 14 11
85 92 67 55 48
85 93 60 48 38
85 94 59 46 41
85 95 34 29 23
85 96 85 75 62
85 97 17 14 11
85 98 29 25 21
85 99 82 67 58
86 87 69 62 55
86 88 141 112 90
86 89 30 25 20
86 90 70 56 45
86 91 96 82 71
86 92 157 125 102
86 93 154 120 98
86 94 147 123 102
86 95 86 71 59
86 96 9 7 5
86 97 89 73 64
86 98 58 48 42
86 99 116 102 85
87 88 57 46 39
87 89 66 59 45
87 90 18 14 11
87 91 26 23 18
87 92 91 74 60
87 93 57 51 44
87 94 64 57 50
87 95 18 14 12
87 96 85 65 56
87 97 15 12 9
87 98 20 17 14
87 99 98 79 68
88 89 114 89 76
88 90 67 57 49
88 91 31 25 21
88 92 44 35 28
88 93 26 23 18
88 94 19 16 13
88 95 65 56 45
88 96 141 117 90
88 97 46 38 32
88 98 78 64 50
88 99 83 68 59
89 90 53 44 36
89 91 90 73 59
89 92 122 97 84
89 93 120 105 85
89 94 124 103 88
89 95 81 65 53
89 96 26 20 17
89 97 74 64 53
89 98 46 38 31
89 99 98 75 66
90 91 38 33 28
90 92 97 76 67
90 93 79 70 54
90 94 80 68 60
90 95 30 24 18
90 96 68 59 46
90 97 30 25 19
90 98 11 8 6
90 99 113 87 69
91 92 63 50 44
91 93 41 32 27
91 94 45 37 32
91 95 33 29 24
91 96 101 83 72
91 97 16 13 11
91 98 41 36 30
91 99 97 78 62
92 93 58 49 43
92 94 46 38 29
92 95 91 78 68
92 96 147 124 100
92 97 79 63 55
92 98 89 73 66
92 99 61 53 42
93 94 26 20 16
93 95 71 57 44
93 96 159 129 99
93 97 58 45 35
93 98 91 70 57
93 99 97 87 76
94 95 82 63 54
94 96 154 132 102
94 97 65 52 43
94 98 95 80 62
94 99 106 85 66
95 96 89 75 61
95 97 24 18 14
95 98 38 30 23
95 99 100 90 80
96 97 83 75 65
96 98 59 51 43
96 99 111 96 83
97 98 34 30 23
97 99 108 83 68
98 99 83 72 65
3
2
1
6
10
8
5
10
2
4
8
10
2
2
3
8
9
5
9
1
5
10
10
6
6
8
5
5
9
5
2
8
9
7
2
1
2
8
7
7
10
2
8
7
5
7
6
1
9
1
6
2
2
10
7
5
7
2
1
2
4
8
3
10
4
1
8
6
1
6
2
10
6
4
8
7
7
2
8
2
5
8
9
3
10
4
4
4
3
10
4
5
5
1
10
1
10
1
10
1
