100 4950
0 1 84 75 64
0 2 114 101 81
0 3 48 40 33
0 4 58 52 43
0 5 73 60 53
0 6 57 47 42
0 7 40 34 30
0 8 92 75 66
0 9 76 66 56
0 10 21 17 14
0 11 75 63 49
0 12 95 81 71
0 13 54 44 38
0 14 145 119 94
0 15 75 64 56
0 16 42 35 29
0 17 97 74 62
0 18 68 55 45
0 19 52 42 33
0 20 31 26 20
0 21 26 20 16
0 22 125 102 90
0 23 74 66 56
0 24 108 86 77
0 25 44 35 31
0 26 93 79 70
0 27 107 88 79
0 28 110 96 76
0 29 93 72 59
0 30 115 96 82
0 31 129 101 81
0 32 67 54 47
0 33 70 62 55
0 34 89 80 61
0 35 112 89 69
0 36 131 105 85
0 37 62 53 43
0 38 84 73 61
0 39 33 26 20
0 40 22 19 15
0 41 50 43 35
0 42 50 40 31
0 43 58 46 35
0 44 131 104 84
0 45 77 63 56
0 46 42 35 31
0 47 149 115 102
0 48 102 79 71
0 49 111 93 72
0 50 52 46 36
0 51 85 77 68
0 52 29 26 23
0 53 90 80 63
0 54 107 92 75
0 55 90 76 67
0 56 74 57 50
0 57 31 25 21
0 58 70 57 47
0 59 76 65 54
0 60 76 59 52
0 61 17 14 12
0 62 149 122 96
0 63 138 109 84
0 64 105 93 77
0 65 102 85 69
0 66 70 58 45
0 67 122 96 77
0 68 96 75 62
0 69 65 57 44
0 70 4 3 2
0 71 71 60 47
0 72 110 97 84
0 73 102 80 68
0 74 93 84 71
0 75 99 88 75
0 76 112 89 72
0 77 50 44 34
0 78 29 25 21
0 79 109 86 67
0 80 117 90 74
0 81 24 19 15
0 82 56 47 39
0 83 20 15 11
0 84 105 82 67
0 85 63 50 40
0 86 49 43 38
0 87 74 60 53
0 88 103 91 73
0 89 78 69 57
0 90 120 95 76
0 91 81 62 55
0 92 61 54 43
0 93 108 95 81
0 94 115 89 71
0 95 44 38 33
0 96 157 123 100
0 97 132 110 88
0 98 30 24 21
0 99 31 24 20
1 2 97 77 63
1 3 80 65 50
1 4 79 68 53
1 5 83 65 59
1 6 43 33 29
1 7 58 52 43
1 8 61 49 42
1 9 48 39 33
1 10 78 61 54
1 11 56 44 37
1 12 94 76 67
1 13 54 45 37
1 14 55 45 40
1 15 24 21 16
1 16 75 68 57
1 17 83 64 49
1 18 103 86 69
1 19 63 56 50
1 20 75 59 47
1 21 132 103 79
1 22 65 56 47
1 23 19 16 13
1 24 34 26 21
1 25 76 58 48
1 26 77 69 55
1 27 30 24 19
1 28 18 16 13
1 29 104 86 67
1 30 46 40 33
1 31 49 44 39
1 32 90 77 67
1 33 19 17 15
1 34 28 22 17
1 35 122 106 83
1 36 72 59 47
1 37 44 34 30
1 38 68 59 50
1 39 120 93 81
1 40 90 76 66
1 41 84 71 58
1 42 57 51 41
1 43 66 54 45
1 44 31 25 20
1 45 40 32 27
1 46 83 69 53
1 47 64 50 40
1 48 66 57 49
1 49 20 17 13
1 50 94 80 67
1 51 45 37 28
1 52 78 68 53
1 53 45 36 31
1 54 18 14 12
1 55 17 15 12
1 56 46 38 33
1 57 103 90 74
1 58 60 54 46
1 59 20 17 14
1 60 37 30 25
1 61 120 96 75
1 62 49 42 33
1 63 33 26 21
1 64 103 89 69
1 65 74 66 59
1 66 108 84 69
1 67 61 48 42
1 68 119 93 75
1 69 31 27 21
1 70 91 80 63
1 71 29 24 21
1 72 54 48 40
1 73 66 58 50
1 74 23 20 17
1 75 29 25 22
1 76 75 63 54
1 77 98 80 64
1 78 67 57 47
1 79 96 84 68
1 80 70 62 54
1 81 110 97 78
1 82 63 53 46
1 83 87 70 57
1 84 115 94 77
1 85 70 54 47
1 86 52 44 35
1 87 72 59 50
1 88 96 78 69
1 89 77 65 50
1 90 68 59 49
1 91 58 49 38
1 92 76 61 52
1 93 76 59 50
1 94 100 82 69
1 95 47 38 32
1 96 64 57 47
1 97 36 31 24
1 98 109 88 72
1 99 90 77 64
2 3 76 58 48
2 4 55 43 39
2 5 46 38 31
2 6 118 96 78
2 7 90 69 54
2 8 33 28 23
2 9 136 106 90
2 10 109 97 81
2 11 125 111 91
2 12 25 20 17
2 13 125 103 84
2 14 75 61 48
2 15 122 96 74
2 16 140 111 96
2 17 33 25 21
2 18 67 56 45
2 19 135 106 93
2 20 85 77 65
2 21 122 110 87
2 22 39 35 31
2 23 107 88 71
2 24 129 100 83
2 25 124 108 90
2 26 18 16 12
2 27 74 64 57
2 28 112 94 72
2 29 43 36 30
2 30 142 113 96
2 31 146 126 102
2 32 61 48 42
2 33 106 88 72
2 34 70 54 47
2 35 57 44 36
2 36 39 31 25
2 37 115 89 80
2 38 152 136 107
2 39 140 113 101
2 40 101 88 71
2 41 71 63 48
2 42 119 99 81
2 43 70 56 48
2 44 107 85 71
2 45 118 107 85
2 46 73 60 51
2 47 96 78 67
2 48 20 17 15
2 49 77 67 55
2 50 73 61 53
2 51 55 44 36
2 52 131 109 89
2 53 51 40 33
2 54 117 91 71
2 55 84 68 52
2 56 126 101 88
2 57 99 85 73
2 58 128 115 97
2 59 96 84 70
2 60 61 51 44
2 61 131 106 84
2 62 105 84 72
2 63 106 90 76
2 64 18 15 12
2 65 20 15 13
2 66 71 57 46
2 67 155 129 105
2 68 48 43 35
2 69 90 74 66
2 70 106 96 80
2 71 71 61 53
2 72 54 42 32
2 73 21 17 15
2 74 106 94 80
2 75 129 99 85
2 76 18 15 11
2 77 75 66 52
2 78 88 78 63
2 79 35 28 22
2 80 16 13 10
2 81 141 122 95
2 82 130 113 92
2 83 104 80 71
2 84 43 36 32
2 85 126 110 94
2 86 129 103 81
2 87 43 35 29
2 88 24 21 16
2 89 166 130 105
2 90 164 136 111
2 91 124 109 94
2 92 134 114 100
2 93 164 130 112
2 94 24 21 18
2 95 101 84 66
2 96 72 57 50
2 97 94 80 72
2 98 144 119 100
2 99 143 111 96
3 4 16 13 10
3 5 31 26 21
3 6 66 54 44
3 7 17 13 11
3 8 52 40 35
3 9 87 72 60
3 10 49 40 35
3 11 82 67 57
3 12 54 48 38
3 13 67 52 46
3 14 97 78 68
3 15 80 63 50
3 16 72 58 52
3 17 41 37 29
3 18 31 24 21
3 19 80 64 51
3 20 30 24 19
3 21 53 46 40
3 22 83 67 60
3 23 78 60 48
3 24 91 80 69
3 25 74 57 48
3 26 55 43 37
3 27 92 73 59
3 28 90 71 63
3 29 44 35 29
3 30 103 88 79
3 31 115 99 81
3 32 29 25 20
3 33 69 56 48
3 34 60 46 39
3 35 59 50 42
3 36 79 64 54
3 37 70 54 46
3 38 103 84 73
3 39 79 68 53
3 40 34 28 24
3 41 14 11 8
3 42 66 53 41
3 43 9 7 6
3 44 85 77 68
3 45 77 69 57
3 46 5 4 3
3 47 121 104 80
3 48 65 50 39
3 49 68 60 52
3 50 25 20 17
3 51 62 53 42
3 52 63 56 44
3 53 46 39 35
3 54 98 77 62
3 55 79 61 47
3 56 89 72 55
3 57 39 35 29
3 58 94 73 60
3 59 70 58 46
3 60 46 36 29
3 61 61 49 37
3 62 125 96 78
3 63 102 92 71
3 64 69 59 45
3 65 48 41 37
3 66 27 24 21
3 67 119 101 80
3 68 49 39 34
3 69 51 43 37
3 70 45 38 32
3 71 44 38 30
3 72 84 70 55
3 73 51 43 36
3 74 96 83 64
3 75 95 82 69
3 76 49 44 39
3 77 24 19 15
3 78 24 20 17
3 79 52 46 36
3 80 62 49 42
3 81 64 55 47
3 82 74 64 53
3 83 30 27 23
3 84 65 51 39
3 85 72 64 55
3 86 65 53 44
3 87 31 26 20
3 88 60 47 41
3 89 92 80 70
3 90 122 95 83
3 91 96 81 62
3 92 92 74 60
3 93 130 103 86
3 94 58 46 39
3 95 38 33 29
3 96 96 84 74
3 97 109 94 72
3 98 73 66 53
3 99 79 63 49
4 5 19 14 11
4 6 72 57 51
4 7 29 22 19
4 8 38 32 29
4 9 98 82 67
4 10 63 56 44
4 11 93 84 65
4 12 48 38 29
4 13 68 61 55
4 14 81 72 64
4 15 73 63 55
4 16 89 74 61
4 17 33 25 21
4 18 26 21 17
4 19 93 76 60
4 20 47 37 29
4 21 73 57 48
4 22 74 67 54
4 23 76 61 52
4 24 112 90 72
4 25 90 72 57
4 26 42 36 28
4 27 96 75 58
4 28 96 83 65
4 29 31 24 19
4 30 122 106 83
4 31 117 96 86
4 32 21 17 15
4 33 68 60 53
4 34 62 50 39
4 35 46 38 34
4 36 67 56 48
4 37 86 67 53
4 38 100 90 81
4 39 91 80 62
4 40 52 42 33
4 41 16 13 10
4 42 77 60 50
4 43 19 16 12
4 44 95 80 69
4 45 90 74 63
4 46 19 16 12
4 47 117 101 78
4 48 47 37 31
4 49 84 65 52
4 50 27 23 18
4 51 56 48 38
4 52 70 60 54
4 53 47 42 32
4 54 102 82 64
4 55 71 58 47
4 56 87 72 63
4 57 59 46 35
4 58 97 81 68
4 59 72 61 51
4 60 40 35 29
4 61 67 60 46
4 62 107 87 77
4 63 114 92 72
4 64 48 40 35
4 65 46 36 27
4 66 26 20 17
4 67 127 112 86
4 68 39 34 26
4 69 57 48 43
4 70 69 55 42
4 71 49 38 33
4 72 75 59 50
4 73 42 34 28
4 74 100 81 67
4 75 114 88 72
4 76 46 36 30
4 77 23 20 16
4 78 44 34 27
4 79 37 31 26
4 80 48 41 33
4 81 79 65 56
4 82 83 69 61
4 83 48 40 33
4 84 44 36 30
4 85 103 80 63
4 86 77 62 52
4 87 16 14 12
4 88 46 39 32
4 89 113 91 78
4 90 124 109 90
4 91 111 85 69
4 92 100 80 69
4 93 135 108 92
4 94 51 39 30
4 95 54 46 36
4 96 99 88 69
4 97 113 91 72
4 98 96 81 62
4 99 91 76 59
5 6 88 68 60
5 7 42 34 30
5 8 42 34 27
5 9 122 94 76
5 10 77 69 55
5 11 117 90 74
5 12 28 23 18
5 13 99 79 65
5 14 90 81 64
5 15 87 73 63
5 16 99 80 72
5 17 25 21 17
5 18 26 20 16
5 19 96 84 70
5 20 59 47 39
5 21 80 65 57
5 22 70 63 51
5 23 80 72 60
5 24 109 95 78
5 25 90 76 67
5 26 29 26 21
5 27 91 77 61
5 28 103 85 70
5 29 13 11 9
5 30 117 101 90
5 31 151 123 94
5 32 18 14 12
5 33 85 74 61
5 34 70 54 43
5 35 40 33 25
5 36 74 57 44
5 37 89 74 63
5 38 131 104 91
5 39 116 93 72
5 40 61 48 41
5 41 26 22 18
5 42 83 72 60
5 43 34 30 23
5 44 111 93 73
5 45 102 80 72
5 46 30 26 22
5 47 118 98 79
5 48 37 31 26
5 49 82 64 56
5 50 28 25 22
5 51 60 48 40
5 52 97 75 64
5 53 51 42 33
5 54 116 90 70
5 55 68 59 51
5 56 109 93 72
5 57 71 56 43
5 58 119 96 78
5 59 94 74 59
5 60 48 42 34
5 61 69 61 54
5 62 115 101 80
5 63 99 85 77
5 64 37 29 25
5 65 27 24 19
5 66 25 20 17
5 67 144 111 95
5 68 25 22 17
5 69 79 61 52
5 70 76 67 51
5 71 58 46 40
5 72 66 57 48
5 73 35 28 22
5 74 98 82 74
5 75 112 96 79
5 76 35 27 23
5 77 28 25 22
5 78 52 46 38
5 79 21 17 15
5 80 43 33 27
5 81 86 75 65
5 82 105 88 72
5 83 55 49 43
5 84 31 25 20
5 85 97 85 74
5 86 83 70 62
5 87 15 12 9
5 88 34 27 21
5 89 116 105 88
5 90 125 112 99
5 91 121 102 79
5 92 117 100 79
5 93 141 115 101
5 94 29 22 19
5 95 66 56 46
5 96 99 80 68
5 97 104 89 76
5 98 114 93 73
5 99 99 78 69
6 7 46 40 33
6 8 82 65 56
6 9 25 20 17
6 10 39 33 29
6 11 21 18 14
6 12 99 83 75
6 13 14 12 9
6 14 95 81 68
6 15 23 20 16
6 16 37 33 29
6 17 93 75 59
6 18 100 81 64
6 19 33 28 21
6 20 42 34 30
6 21 74 65 57
6 22 99 80 71
6 23 25 22 17
6 24 56 43 36
6 25 32 24 19
6 26 96 78 67
6 27 63 53 48
6 28 52 45 37
6 29 90 81 69
6 30 60 53 41
6 31 55 48 40
6 32 91 77 64
6 33 26 21 16
6 34 58 47 36
6 35 119 94 85
6 36 100 79 68
6 37 5 4 3
6 38 51 41 31
6 39 75 65 54
6 40 62 55 48
6 41 66 57 51
6 42 20 15 13
6 43 60 46 39
6 44 64 56 46
6 45 23 17 15
6 46 62 51 45
6 47 100 85 69
6 48 89 73 64
6 49 60 50 41
6 50 76 67 59
6 51 66 57 48
6 52 39 32 25
6 53 68 56 47
6 54 61 48 38
6 55 58 48 37
6 56 18 15 12
6 57 81 69 57
6 58 32 26 20
6 59 25 20 16
6 60 50 43 34
6 61 83 66 53
6 62 87 71 60
6 63 64 57 46
6 64 117 99 79
6 65 102 81 69
6 66 83 75 65
6 67 53 46 38
6 68 114 98 76
6 69 19 16 12
6 70 66 52 41
6 71 40 32 25
6 72 107 83 64
6 73 100 78 63
6 74 40 35 30
6 75 52 43 34
6 76 92 83 67
6 77 81 64 56
6 78 46 36 31
6 79 121 96 74
6 80 96 77 68
6 81 77 69 53
6 82 24 21 17
6 83 56 49 38
6 84 129 102 80
6 85 31 24 19
6 86 9 8 6
6 87 82 70 55
6 88 118 101 78
6 89 40 33 28
6 90 59 48 40
6 91 28 23 19
6 92 39 30 24
6 93 66 52 43
6 94 111 95 76
6 95 24 19 16
6 96 104 89 74
6 97 75 63 52
6 98 64 53 44
6 99 60 48 37
7 8 60 48 37
7 9 70 60 50
7 10 42 34 27
7 11 60 53 47
7 12 71 61 47
7 13 51 40 36
7 14 107 86 66
7 15 61 52 41
7 16 62 51 43
7 17 46 39 34
7 18 45 38 31
7 19 66 51 41
7 20 20 15 11
7 21 57 47 40
7 22 82 72 61
7 23 52 44 39
7 24 89 76 60
7 25 52 46 38
7 26 64 50 43
7 27 90 69 54
7 28 77 67 55
7 29 54 47 38
7 30 95 81 69
7 31 111 89 71
7 32 46 36 31
7 33 57 50 39
7 34 46 38 34
7 35 78 60 52
7 36 78 63 55
7 37 51 41 36
7 38 86 74 63
7 39 68 59 49
7 40 40 31 25
7 41 25 21 18
7 42 49 38 31
7 43 11 9 8
7 44 90 70 61
7 45 70 55 47
7 46 21 16 12
7 47 107 91 76
7 48 60 50 43
7 49 70 60 47
7 50 45 35 27
7 51 53 46 40
7 52 51 44 35
7 53 46 39 35
7 54 77 66 55
7 55 62 50 41
7 56 72 58 45
7 57 46 41 32
7 58 75 62 50
7 59 48 43 37
7 60 36 31 24
7 61 49 42 37
7 62 100 82 72
7 63 89 77 64
7 64 80 63 52
7 65 68 52 43
7 66 48 41 32
7 67 98 85 70
7 68 57 50 44
7 69 42 36 28
7 70 42 37 28
7 71 33 28 22
7 72 77 63 55
7 73 59 50 40
7 74 74 65 55
7 75 88 74 60
7 76 72 57 44
7 77 39 30 24
7 78 16 13 10
7 79 61 54 44
7 80 66 56 46
7 81 64 49 44
7 82 55 48 43
7 83 31 24 20
7 84 73 56 48
7 85 67 56 45
7 86 49 40 34
7 87 43 34 27
7 88 67 56 49
7 89 75 67 60
7 90 103 90 73
7 91 79 61 52
7 92 66 56 50
7 93 109 89 76
7 94 70 60 48
7 95 27 21 18
7 96 108 88 72
7 97 99 86 66
7 98 69 56 47
7 99 55 49 42
8 9 93 79 68
8 10 101 78 63
8 11 97 82 69
8 12 43 33 27
8 13 89 79 63
8 14 58 48 38
8 15 68 59 52
8 16 99 85 76
8 17 17 13 11
8 18 59 48 42
8 19 114 88 72
8 20 69 59 48
8 21 112 91 75
8 22 35 29 26
8 23 67 60 48
8 24 79 70 62
8 25 98 88 69
8 26 22 17 14
8 27 60 49 38
8 28 71 62 51
8 29 45 40 32
8 30 119 96 75
8 31 127 98 80
8 32 59 47 38
8 33 71 58 50
8 34 40 31 25
8 35 69 60 46
8 36 29 23 20
8 37 81 73 58
8 38 123 99 85
8 39 128 111 86
8 40 79 68 59
8 41 54 44 38
8 42 93 78 61
8 43 45 38 32
8 44 70 62 52
8 45 84 72 63
8 46 56 48 38
8 47 80 71 54
8 48 11 9 8
8 49 50 44 35
8 50 68 53 46
8 51 24 19 16
8 52 104 81 69
8 53 17 13 11
8 54 70 62 51
8 55 45 37 31
8 56 104 80 66
8 57 79 70 63
8 58 106 92 76
8 59 67 56 48
8 60 32 25 22
8 61 118 91 72
8 62 89 71 56
8 63 78 63 56
8 64 40 33 28
8 65 29 24 19
8 66 61 53 43
8 67 104 92 83
8 68 55 46 40
8 69 63 51 45
8 70 97 78 65
8 71 44 37 32
8 72 34 26 22
8 73 13 11 9
8 74 91 74 59
8 75 93 73 64
8 76 19 15 13
8 77 60 50 44
8 78 63 54 47
8 79 38 34 29
8 80 21 16 13
8 81 124 105 81
8 82 98 79 71
8 83 92 71 56
8 84 63 51 40
8 85 95 83 73
8 86 84 75 60
8 87 24 21 18
8 88 45 37 28
8 89 120 97 83
8 90 126 106 89
8 91 110 90 72
8 92 125 97 79
8 93 120 104 90
8 94 41 35 29
8 95 66 53 45
8 96 65 50 42
8 97 72 63 54
8 98 131 108 83
8 99 122 100 78
9 10 64 56 43
9 11 14 11 9
9 12 129 107 90
9 13 29 23 18
9 14 92 81 72
9 15 28 23 18
9 16 51 44 36
9 17 112 94 72
9 18 114 96 81
9 19 40 31 28
9 20 71 56 47
9 21 106 88 72
9 22 120 102 79
9 23 29 25 21
9 24 45 35 28
9 25 45 36 28
9 26 112 95 80
9 27 83 64 50
9 28 48 41 35
9 29 115 96 85
9 30 43 35 28
9 31 34 30 25
9 32 124 96 80
9 33 32 25 19
9 34 74 57 45
9 35 149 125 100
9 36 119 92 77
9 37 23 20 15
9 38 26 22 18
9 39 95 85 66
9 40 94 74 64
9 41 98 79 67
9 42 37 32 26
9 43 77 68 56
9 44 66 51 44
9 45 10 8 6
9 46 99 77 61
9 47 108 83 68
9 48 119 95 76
9 49 73 58 45
9 50 96 86 76
9 51 81 65 57
9 52 51 45 36
9 53 87 67 58
9 54 51 44 35
9 55 62 55 43
9 56 10 8 6
9 57 99 86 73
9 58 25 20 17
9 59 29 26 21
9 60 69 55 47
9 61 91 76 68
9 62 83 71 58
9 63 66 51 42
9 64 133 109 93
9 65 124 104 83
9 66 101 91 81
9 67 30 25 21
9 68 139 109 92
9 69 33 29 25
9 70 70 63 55
9 71 53 47 38
9 72 92 80 72
9 73 119 94 76
9 74 37 31 24
9 75 40 31 25
9 76 128 101 80
9 77 118 94 73
9 78 78 61 48
9 79 129 106 89
9 80 113 102 81
9 81 94 76 66
9 82 28 25 21
9 83 84 68 54
9 84 147 113 96
9 85 31 27 21
9 86 33 25 19
9 87 101 81 70
9 88 120 107 92
9 89 28 22 18
9 90 35 30 23
9 91 9 8 6
9 92 37 29 24
9 93 44 36 27
9 94 126 104 91
9 95 55 42 32
9 96 109 96 78
9 97 66 59 49
9 98 75 63 54
9 99 64 52 46
10 11 56 45 36
10 12 118 92 72
10 13 37 31 25
10 14 140 112 87
10 15 63 51 43
10 16 25 21 18
10 17 83 68 61
10 18 73 64 51
10 19 29 26 21
10 20 26 21 16
10 21 49 39 30
10 22 133 109 85
10 23 65 57 44
10 24 99 82 64
10 25 27 22 18
10 26 100 84 69
10 27 96 81 70
10 28 86 73 64
10 29 99 81 63
10 30 97 80 69
10 31 90 78 67
10 32 78 64 52
10 33 66 54 43
10 34 76 64 52
10 35 114 95 75
10 36 114 94 80
10 37 48 39 30
10 38 70 54 48
10 39 37 32 28
10 40 38 31 25
10 41 66 51 39
10 42 28 21 17
10 43 52 41 34
10 44 103 81 72
10 45 66 55 43
10 46 52 42 34
10 47 152 118 92
10 48 90 78 69
10 49 98 79 62
10 50 60 49 43
10 51 85 71 62
10 52 18 14 11
10 53 99 76 58
10 54 87 75 64
10 55 83 64 58
10 56 60 47 37
10 57 46 37 32
10 58 52 42 34
10 59 59 49 42
10 60 66 53 46
10 61 40 31 26
10 62 132 106 86
10 63 107 82 73
10 64 118 91 78
10 65 108 85 70
10 66 84 65 51
10 67 102 81 63
10 68 99 78 67
10 69 46 41 33
10 70 19 16 13
10 71 57 47 38
10 72 126 99 78
10 73 97 82 67
10 74 83 69 58
10 75 82 69 62
10 76 97 79 70
10 77 68 52 41
10 78 28 23 18
10 79 97 79 70
10 80 112 94 73
10 81 36 29 25
10 82 40 31 26
10 83 24 19 16
10 84 102 82 72
10 85 40 31 27
10 86 34 28 24
10 87 86 68 53
10 88 107 87 75
10 89 63 56 44
10 90 91 77 62
10 91 65 54 41
10 92 47 38 31
10 93 101 80 67
10 94 109 84 73
10 95 32 28 23
10 96 135 119 93
10 97 107 86 77
10 98 34 27 21
10 99 22 18 15
11 12 136 106 89
11 13 20 15 12
11 14 120 98 77
11 15 30 26 22
11 16 39 34 28
11 17 102 80 72
11 18 125 96 77
11 19 29 23 20
11 20 63 52 42
11 21 95 77 65
11 22 114 93 82
11 23 42 32 25
11 24 57 45 36
11 25 28 25 20
11 26 120 100 80
11 27 81 63 55
11 28 67 54 42
11 29 114 100 83
11 30 50 44 36
11 31 43 38 33
11 32 112 92 77
11 33 34 28 23
11 34 60 52 47
11 35 140 110 98
11 36 111 89 80
11 37 20 15 12
11 38 24 21 17
11 39 84 65 58
11 40 88 75 59
11 41 94 83 64
11 42 30 23 19
11 43 80 68 53
11 44 84 66 51
11 45 20 17 13
11 46 79 71 58
11 47 99 86 75
11 48 114 98 77
11 49 70 56 49
11 50 93 80 72
11 51 87 72 60
11 52 45 34 28
11 53 83 74 60
11 54 57 48 42
11 55 71 55 47
11 56 10 7 5
11 57 100 83 67
11 58 14 11 9
11 59 38 29 25
11 60 69 54 48
11 61 95 75 61
11 62 86 76 65
11 63 64 57 49
11 64 134 115 93
11 65 113 97 83
11 66 128 102 78
11 67 42 35 28
11 68 112 100 90
11 69 40 31 25
11 70 81 64 49
11 71 59 50 38
11 72 101 89 75
11 73 106 85 76
11 74 47 37 31
11 75 48 39 33
11 76 118 98 81
11 77 105 82 69
11 78 68 55 43
11 79 128 111 88
11 80 121 98 82
11 81 90 70 58
11 82 17 15 13
11 83 64 57 48
11 84 129 107 94
11 85 21 16 13
11 86 21 16 13
11 87 106 88 69
11 88 122 105 91
11 89 19 17 15
11 90 42 35 27
11 91 10 8 6
11 92 25 20 16
11 93 41 36 32
11 94 125 107 90
11 95 44 37 29
11 96 135 107 83
11 97 88 71 56
11 98 68 59 46
11 99 58 51 39
12 13 102 91 80
12 14 87 76 61
12 15 102 87 75
12 16 125 103 89
12 17 28 22 19
12 18 42 34 30
12 19 114 103 87
12 20 82 64 57
12 21 114 92 74
12 22 70 57 45
12 23 108 92 72
12 24 133 109 87
12 25 108 96 84
12 26 21 17 14
12 27 102 81 65
12 28 112 98 77
12 29 22 17 14
12 30 132 117 100
12 31 151 130 105
12 32 43 34 27
12 33 106 87 73
12 34 72 59 50
12 35 27 24 21
12 36 56 49 38
12 37 129 100 77
12 38 144 124 105
12 39 130 102 90
12 40 92 77 59
12 41 53 45 36
12 42 111 90 76
12 43 54 46 39
12 44 109 95 79
12 45 132 104 85
12 46 63 51 40
12 47 132 102 79
12 48 31 25 22
12 49 82 69 61
12 50 56 48 39
12 51 63 52 43
12 52 128 105 81
12 53 52 43 37
12 54 117 99 77
12 55 87 75 58
12 56 135 109 86
12 57 89 76 60
12 58 129 112 94
12 59 119 92 71
12 60 64 51 44
12 61 118 93 72
12 62 132 105 82
12 63 115 93 83
12 64 12 9 7
12 65 13 11 9
12 66 47 38 31
12 67 160 127 106
12 68 25 20 18
12 69 86 74 65
12 70 92 82 69
12 71 74 58 52
12 72 72 56 44
12 73 28 23 19
12 74 122 106 84
12 75 138 115 89
12 76 23 18 16
12 77 54 45 39
12 78 83 69 55
12 79 9 7 5
12 80 28 22 19
12 81 115 96 83
12 82 130 110 88
12 83 84 76 61
12 84 23 19 15
12 85 130 115 90
12 86 124 95 78
12 87 32 27 21
12 88 5 4 3
12 89 156 134 103
12 90 158 137 111
12 91 144 114 93
12 92 128 109 95
12 93 172 148 114
12 94 4 3 2
12 95 93 76 61
12 96 95 82 63
12 97 109 95 80
12 98 130 102 91
12 99 126 98 87
13 14 110 89 76
13 15 30 26 23
13 16 31 26 21
13 17 85 74 64
13 18 90 76 66
13 19 20 17 13
13 20 49 39 30
13 21 74 63 54
13 22 126 98 79
13 23 43 33 25
13 24 65 54 42
13 25 17 14 11
13 26 111 92 73
13 27 79 66 56
13 28 60 50 45
13 29 94 81 73
13 30 62 51 45
13 31 65 50 43
13 32 100 86 66
13 33 33 28 24
13 34 67 55 44
13 35 132 106 88
13 36 112 91 76
13 37 13 10 8
13 38 40 35 27
13 39 72 62 48
13 40 67 57 47
13 41 80 67 53
13 42 14 11 8
13 43 55 48 43
13 44 78 64 54
13 45 30 24 19
13 46 69 55 47
13 47 121 96 77
13 48 95 85 70
13 49 70 63 49
13 50 84 70 60
13 51 69 62 56
13 52 27 21 19
13 53 87 68 54
13 54 61 53 45
13 55 66 51 45
13 56 22 17 13
13 57 76 68 55
13 58 22 18 14
13 59 35 31 24
13 60 62 51 41
13 61 67 57 50
13 62 85 75 68
13 63 77 69 53
13 64 127 109 85
13 65 120 96 75
13 66 93 77 67
13 67 55 44 39
13 68 107 93 80
13 69 30 26 20
13 70 50 43 37
13 71 45 36 32
13 72 96 85 71
13 73 104 82 69
13 74 55 47 37
13 75 59 49 40
13 76 105 94 73
13 77 81 71 57
13 78 48 39 32
13 79 103 91 79
13 80 109 93 75
13 81 69 54 48
13 82 15 12 9
13 83 54 42 37
13 84 129 106 84
13 85 17 13 11
13 86 5 4 3
13 87 90 69 60
13 88 122 108 83
13 89 32 28 24
13 90 57 46 39
13 91 25 21 18
13 92 29 22 17
13 93 64 53 43
13 94 123 99 81
13 95 28 23 19
13 96 117 106 82
13 97 83 71 59
13 98 61 49 38
13 99 46 38 30
14 15 76 66 55
14 16 150 119 95
14 17 73 61 48
14 18 104 88 79
14 19 123 99 88
14 20 117 90 75
14 21 143 125 106
14 22 29 22 18
14 23 80 65 52
14 24 75 66 51
14 25 134 109 86
14 26 77 60 47
14 27 30 25 22
14 28 66 52 40
14 29 93 78 68
14 30 96 82 64
14 31 103 85 71
14 32 99 86 75
14 33 79 70 54
14 34 55 43 35
14 35 134 104 81
14 36 33 28 23
14 37 111 86 69
14 38 129 115 89
14 39 179 139 113
14 40 127 106 91
14 41 114 95 73
14 42 129 102 78
14 43 94 75 64
14 44 50 44 34
14 45 96 78 66
14 46 92 83 71
14 47 30 26 20
14 48 58 50 40
14 49 44 36 28
14 50 119 94 82
14 51 41 32 27
14 52 112 99 89
14 53 51 39 33
14 54 61 50 39
14 55 40 36 31
14 56 101 83 73
14 57 151 122 96
14 58 121 107 85
14 59 80 66 53
14 60 62 55 43
14 61 147 113 102
14 62 41 34 28
14 63 50 44 39
14 64 88 71 58
14 65 72 61 53
14 66 100 87 79
14 67 132 101 78
14 68 121 99 76
14 69 80 72 57
14 70 145 112 93
14 71 77 64 49
14 72 26 20 17
14 73 66 57 44
14 74 74 65 52
14 75 75 63 55
14 76 59 51 45
14 77 119 98 80
14 78 123 96 74
14 79 95 73 64
14 80 61 49 43
14 81 177 141 109
14 82 132 110 84
14 83 133 103 85
14 84 119 96 75
14 85 120 99 86
14 86 101 90 73
14 87 78 68 55
14 88 89 73 61
14 89 140 109 89
14 90 131 107 86
14 91 112 99 77
14 92 122 106 91
14 93 121 101 85
14 94 91 80 62
14 95 97 75 65
14 96 10 8 7
14 97 43 37 32
14 98 155 128 107
14 99 151 126 100
15 16 67 51 44
15 17 91 73 57
15 18 91 82 70
15 19 53 42 36
15 20 61 47 41
15 21 94 80 71
15 22 92 79 62
15 23 7 5 4
15 24 31 24 21
15 25 52 44 34
15 26 104 80 64
15 27 48 38 34
15 28 35 28 22
15 29 102 91 72
15 30 43 34 29
15 31 51 39 31
15 32 98 87 69
15 33 5 4 3
15 34 42 34 28
15 35 118 99 88
15 36 81 73 60
15 37 25 21 16
15 38 53 43 35
15 39 102 80 70
15 40 83 73 60
15 41 76 67 58
15 42 41 32 28
15 43 65 54 45
15 44 47 38 31
15 45 20 15 12
15 46 80 63 52
15 47 83 67 54
15 48 84 72 60
15 49 39 32 28
15 50 104 82 67
15 51 56 45 40
15 52 63 54 41
15 53 61 52 42
15 54 33 27 22
15 55 41 33 26
15 56 27 22 18
15 57 102 85 69
15 58 48 39 31
15 59 8 6 5
15 60 46 35 31
15 61 86 77 67
15 62 66 51 45
15 63 50 38 30
15 64 108 87 78
15 65 96 82 68
15 66 108 92 71
15 67 47 37 32
15 68 126 99 80
15 69 22 17 14
15 70 89 72 55
15 71 35 27 23
15 72 77 61 54
15 73 81 67 60
15 74 25 19 15
15 75 29 23 20
15 76 80 71 64
15 77 93 79 64
15 78 60 51 42
15 79 117 93 75
15 80 101 80 65
15 81 112 89 68
15 82 43 38 31
15 83 81 63 51
15 84 123 97 83
15 85 47 40 32
15 86 30 25 22
15 87 80 69 56
15 88 104 86 77
15 89 53 43 35
15 90 49 44 37
15 91 32 27 23
15 92 49 43 36
15 93 54 49 39
15 94 97 87 76
15 95 38 32 25
15 96 92 79 62
15 97 50 43 36
15 98 78 70 60
15 99 86 66 52
16 17 122 97 76
16 18 101 82 69
16 19 16 12 9
16 20 52 41 33
16 21 63 48 42
16 22 149 119 96
16 23 62 51 46
16 24 83 74 62
16 25 15 12 10
16 26 113 99 84
16 27 105 84 75
16 28 102 84 65
16 29 120 94 80
16 30 91 77 63
16 31 75 67 60
16 32 91 79 70
16 33 65 51 44
16 34 84 68 61
16 35 145 113 93
16 36 139 112 92
16 37 41 36 29
16 38 46 40 35
16 39 43 36 31
16 40 62 52 42
16 41 88 70 56
16 42 29 24 18
16 43 71 58 50
16 44 99 87 74
16 45 53 45 39
16 46 75 59 51
16 47 130 116 97
16 48 104 94 83
16 49 97 85 68
16 50 83 74 61
16 51 93 83 72
16 52 13 11 8
16 53 116 91 70
16 54 92 83 66
16 55 104 83 64
16 56 51 40 31
16 57 71 62 49
16 58 32 27 22
16 59 59 52 44
16 60 89 69 57
16 61 59 48 39
16 62 146 112 89
16 63 119 93 74
16 64 160 123 94
16 65 122 98 85
16 66 94 77 69
16 67 79 65 54
16 68 124 97 84
16 69 53 45 38
16 70 42 36 29
16 71 66 59 48
16 72 134 111 89
16 73 121 95 81
16 74 89 72 57
16 75 90 76 59
16 76 119 101 85
16 77 78 68 58
16 78 49 40 35
16 79 142 109 86
16 80 139 109 87
16 81 52 41 33
16 82 20 17 15
16 83 50 42 33
16 84 139 108 89
16 85 23 20 16
16 86 35 27 23
16 87 93 78 69
16 88 118 106 92
16 89 44 39 31
16 90 83 66 51
16 91 51 39 33
16 92 25 19 16
16 93 84 68 56
16 94 135 113 90
16 95 55 42 32
16 96 154 129 101
16 97 134 104 80
16 98 28 22 19
16 99 18 14 12
17 18 45 38 32
17 19 99 89 73
17 20 66 55 45
17 21 99 87 69
17 22 55 44 35
17 23 80 70 54
17 24 104 80 69
17 25 96 83 70
17 26 13 11 9
17 27 76 63 48
17 28 84 68 59
17 29 37 29 22
17 30 119 103 82
17 31 129 111 87
17 32 48 37 29
17 33 83 70 55
17 34 53 42 32
17 35 56 47 36
17 36 41 36 28
17 37 82 74 61
17 38 133 116 89
17 39 125 104 82
17 40 80 63 53
17 41 48 37 31
17 42 95 76 62
17 43 44 34 28
17 44 93 71 61
17 45 95 80 68
17 46 47 41 32
17 47 87 75 64
17 48 17 13 11
17 49 63 50 44
17 50 61 49 38
17 51 39 33 26
17 52 102 80 68
17 53 34 26 20
17 54 94 75 59
17 55 65 50 40
17 56 100 86 69
17 57 88 69 56
17 58 118 93 78
17 59 79 61 53
17 60 43 33 26
17 61 104 83 66
17 62 101 84 66
17 63 98 84 65
17 64 32 24 21
17 65 17 15 11
17 66 45 39 33
17 67 128 105 89
17 68 46 38 30
17 69 73 57 48
17 70 91 73 61
17 71 52 43 35
17 72 42 37 32
17 73 12 9 7
17 74 90 74 66
17 75 101 87 71
17 76 15 12 10
17 77 51 44 36
17 78 57 50 44
17 79 32 26 20
17 80 19 16 13
17 81 107 91 76
17 82 95 84 73
17 83 83 64 52
17 84 43 34 30
17 85 118 93 74
17 86 103 79 62
17 87 15 13 10
17 88 33 26 20
17 89 139 107 87
17 90 131 108 94
17 91 98 87 76
17 92 128 98 80
17 93 137 120 96
17 94 29 25 20
17 95 74 60 46
17 96 74 65 52
17 97 104 80 63
17 98 112 96 80
17 99 111 89 76
18 19 108 88 70
18 20 54 45 37
18 21 59 52 45
18 22 97 75 67
18 23 101 85 68
18 24 143 112 88
18 25 106 86 67
18 26 64 49 37
18 27 105 93 74
18 28 107 90 81
18 29 24 21 17
18 30 153 126 99
18 31 133 120 101
18 32 7 5 4
18 33 85 77 68
18 34 92 71 55
18 35 37 30 25
18 36 89 74 60
18 37 96 76 66
18 38 145 121 93
18 39 83 75 63
18 40 43 38 32
18 41 20 17 14
18 42 90 79 61
18 43 39 34 26
18 44 113 94 85
18 45 124 97 78
18 46 31 24 20
18 47 149 116 94
18 48 58 47 42
18 49 105 86 68
18 50 14 12 10
18 51 78 60 54
18 52 79 68 61
18 53 67 57 47
18 54 121 99 80
18 55 93 75 63
18 56 116 98 76
18 57 44 37 31
18 58 114 99 80
18 59 94 74 66
18 60 73 58 45
18 61 56 49 44
18 62 131 113 93
18 63 138 108 89
18 64 58 47 37
18 65 47 41 33
18 66 3 2 1
18 67 151 124 101
18 68 26 22 17
18 69 79 69 57
18 70 68 55 44
18 71 72 61 49
18 72 96 81 63
18 73 58 46 38
18 74 111 97 83
18 75 144 113 88
18 76 57 47 39
18 77 15 13 11
18 78 58 44 36
18 79 36 32 26
18 80 55 49 42
18 81 87 67 56
18 82 106 84 72
18 83 60 48 37
18 84 34 29 23
18 85 119 96 74
18 86 90 74 65
18 87 38 32 24
18 88 51 42 33
18 89 138 112 90
18 90 156 134 103
18 91 115 101 83
18 92 109 89 79
18 93 142 128 107
18 94 47 38 30
18 95 72 60 49
18 96 126 102 83
18 97 131 112 89
18 98 103 80 66
18 99 100 79 64
19 20 47 38 33
19 21 74 60 48
19 22 134 105 90
19 23 53 45 38
19 24 80 62 54
19 25 6 5 4
19 26 103 93 81
19 27 97 82 68
19 28 84 67 57
19 29 113 88 79
19 30 82 63 55
19 31 72 63 52
19 32 99 82 70
19 33 47 41 36
19 34 86 69 55
19 35 133 113 93
19 36 125 97 87
19 37 34 27 21
19 38 43 35 28
19 39 55 49 39
19 40 66 51 45
19 41 91 73 57
19 42 20 15 12
19 43 74 57 48
19 44 98 86 66
19 45 41 35 30
19 46 78 60 51
19 47 131 103 89
19 48 113 94 79
19 49 92 74 61
19 50 101 78 62
19 51 103 85 67
19 52 19 15 11
19 53 101 81 65
19 54 88 71 57
19 55 81 71 58
19 56 34 28 22
19 57 70 59 53
19 58 22 17 14
19 59 58 48 37
19 60 69 60 52
19 61 66 52 44
19 62 119 96 81
19 63 81 73 65
19 64 151 117 92
19 65 125 107 83
19 66 112 89 70
19 67 61 53 46
19 68 122 97 84
19 69 46 36 32
19 70 52 42 33
19 71 67 54 43
19 72 104 93 83
19 73 106 91 78
19 74 63 56 48
19 75 78 64 51
19 76 120 98 82
19 77 78 67 59
19 78 49 40 34
19 79 115 102 85
19 80 123 97 84
19 81 64 49 40
19 82 11 9 7
19 83 58 45 36
19 84 112 99 89
19 85 15 11 8
19 86 25 19 15
19 87 100 87 67
19 88 131 107 90
19 89 34 30 24
19 90 67 55 44
19 91 39 32 25
19 92 18 14 11
19 93 66 58 49
19 94 122 105 88
19 95 41 32 28
19 96 140 108 95
19 97 94 82 72
19 98 40 33 27
19 99 31 26 20
20 21 47 39 33
20 22 90 80 71
20 23 54 48 40
20 24 102 78 62
20 25 42 37 30
20 26 75 67 53
20 27 89 77 61
20 28 86 76 59
20 29 67 60 47
20 30 99 84 69
20 31 95 79 70
20 32 56 50 38
20 33 61 50 40
20 34 56 47 41
20 35 87 67 60
20 36 83 75 66
20 37 41 36 32
20 38 82 69 57
20 39 57 44 39
20 40 33 26 20
20 41 33 28 24
20 42 36 30 24
20 43 26 22 18
20 44 96 82 66
20 45 72 58 45
20 46 28 21 18
20 47 110 98 83
20 48 74 67 54
20 49 73 65 53
20 50 53 41 31
20 51 69 57 49
20 52 32 28 25
20 53 58 52 44
20 54 88 68 58
20 55 74 60 48
20 56 52 46 41
20 57 39 35 28
20 58 64 54 43
20 59 63 50 39
20 60 43 37 33
20 61 43 36 29
20 62 102 87 78
20 63 104 84 67
20 64 81 69 62
20 65 77 61 54
20 66 52 45 38
20 67 98 81 67
20 68 79 61 52
20 69 45 36 28
20 70 28 23 18
20 71 46 36 28
20 72 81 72 64
20 73 80 63 51
20 74 73 63 56
20 75 89 73 61
20 76 81 62 55
20 77 42 35 28
20 78 4 3 2
20 79 84 67 54
20 80 82 64 57
20 81 54 42 34
20 82 48 40 35
20 83 16 13 11
20 84 78 69 57
20 85 53 45 37
20 86 39 35 29
20 87 51 43 37
20 88 91 71 59
20 89 74 66 53
20 90 101 90 69
20 91 67 58 47
20 92 62 49 42
20 93 119 93 73
20 94 84 72 58
20 95 25 22 17
20 96 126 104 81
20 97 103 87 71
20 98 53 43 36
20 99 41 36 31
21 22 143 128 100
21 23 112 91 71
21 24 126 107 92
21 25 64 55 46
21 26 95 84 76
21 27 135 105 93
21 28 127 115 90
21 29 87 78 61
21 30 152 123 97
21 31 138 107 96
21 32 69 55 48
21 33 99 84 70
21 34 108 91 73
21 35 106 83 68
21 36 131 110 94
21 37 82 68 59
21 38 97 87 76
21 39 29 24 20
21 40 25 21 17
21 41 57 45 39
21 42 60 54 46
21 43 58 52 44
21 44 144 124 98
21 45 100 80 72
21 46 58 47 38
21 47 184 143 115
21 48 110 90 79
21 49 133 106 85
21 50 47 42 36
21 51 113 97 79
21 52 55 46 38
21 53 108 87 74
21 54 141 115 90
21 55 115 100 80
21 56 97 85 66
21 57 20 17 15
21 58 97 75 62
21 59 91 82 69
21 60 91 72 64
21 61 9 7 5
21 62 148 125 110
21 63 153 120 99
21 64 121 95 81
21 65 115 89 74
21 66 63 55 45
21 67 137 117 92
21 68 88 75 62
21 69 82 74 59
21 70 28 22 17
21 71 91 77 60
21 72 136 115 94
21 73 94 84 75
21 74 124 103 86
21 75 128 111 90
21 76 121 101 78
21 77 59 47 36
21 78 53 43 33
21 79 98 78 70
21 80 123 98 81
21 81 20 16 13
21 82 75 61 54
21 83 29 25 22
21 84 93 78 67
21 85 83 68 55
21 86 76 67 53
21 87 87 69 60
21 88 117 100 77
21 89 99 81 72
21 90 127 113 91
21 91 100 82 70
21 92 77 65 57
21 93 138 111 96
21 94 99 83 74
21 95 76 61 48
21 96 186 143 112
21 97 146 132 103
21 98 39 33 29
21 99 52 41 32
22 23 88 70 58
22 24 93 77 63
22 25 128 112 87
22 26 48 42 32
22 27 46 40 33
22 28 70 62 51
22 29 85 66 54
22 30 110 93 76
22 31 103 92 83
22 32 84 73 63
22 33 84 71 60
22 34 51 43 36
22 35 98 76 65
22 36 12 9 7
22 37 109 88 72
22 38 148 116 96
22 39 174 138 109
22 40 121 95 84
22 41 88 72 63
22 42 108 90 79
22 43 83 64 57
22 44 75 61 47
22 45 102 86 73
22 46 96 79 63
22 47 50 44 37
22 48 34 30 25
22 49 54 42 35
22 50 103 90 71
22 51 33 27 24
22 52 120 105 89
22 53 42 35 27
22 54 71 60 51
22 55 49 44 36
22 56 100 87 78
22 57 132 104 88
22 58 134 116 90
22 59 91 74 58
22 60 62 49 40
22 61 161 125 96
22 62 68 57 45
22 63 76 66 52
22 64 57 48 42
22 65 49 43 37
22 66 93 81 67
22 67 119 99 88
22 68 97 74 61
22 69 90 72 59
22 70 123 107 88
22 71 70 54 48
22 72 13 11 8
22 73 44 34 29
22 74 83 69 62
22 75 99 84 66
22 76 46 38 30
22 77 105 83 70
22 78 107 87 70
22 79 73 59 49
22 80 43 33 27
22 81 162 129 104
22 82 122 105 87
22 83 106 93 80
22 84 82 73 60
22 85 130 111 89
22 86 112 94 76
22 87 71 55 43
22 88 68 55 45
22 89 128 112 96
22 90 151 118 96
22 91 121 108 84
22 92 119 106 95
22 93 148 121 96
22 94 73 57 46
22 95 90 71 64
22 96 27 23 19
22 97 62 54 47
22 98 136 120 105
22 99 151 122 99
23 24 32 27 22
23 25 51 44 36
23 26 77 69 61
23 27 50 40 31
23 28 33 27 21
23 29 105 82 69
23 30 44 37 31
23 31 47 38 34
23 32 84 73 66
23 33 4 3 2
23 34 37 30 24
23 35 125 98 85
23 36 86 68 57
23 37 32 24 18
23 38 51 46 39
23 39 105 86 70
23 40 86 77 59
23 41 72 65 55
23 42 37 33 29
23 43 65 51 43
23 44 48 37 30
23 45 25 19 15
23 46 70 61 50
23 47 75 66 52
23 48 87 70 56
23 49 38 30 25
23 50 93 78 65
23 51 60 47 37
23 52 59 47 42
23 53 59 45 38
23 54 30 25 21
23 55 30 26 23
23 56 31 25 21
23 57 107 88 67
23 58 45 39 33
23 59 4 3 2
23 60 38 33 28
23 61 98 82 67
23 62 62 53 44
23 63 41 35 30
23 64 101 83 74
23 65 109 84 65
23 66 100 79 68
23 67 49 42 35
23 68 99 88 77
23 69 20 15 12
23 70 77 66 55
23 71 32 25 20
23 72 76 61 51
23 73 93 71 56
23 74 26 22 17
23 75 33 26 21
23 76 92 75 61
23 77 97 76 62
23 78 59 48 40
23 79 121 94 72
23 80 86 74 61
23 81 98 85 68
23 82 48 37 33
23 83 70 62 50
23 84 117 104 80
23 85 54 45 34
23 86 36 29 23
23 87 76 69 53
23 88 103 87 74
23 89 56 47 38
23 90 57 46 41
23 91 37 31 26
23 92 62 48 39
23 93 62 51 43
23 94 105 84 73
23 95 34 28 24
23 96 84 71 59
23 97 49 44 35
23 98 84 69 61
23 99 69 60 53
24 25 78 67 53
24 26 107 92 75
24 27 44 35 30
24 28 18 15 12
24 29 137 107 87
24 30 22 17 14
24 31 33 28 21
24 32 129 107 86
24 33 31 25 22
24 34 59 48 37
24 35 136 123 103
24 36 89 74 64
24 37 50 42 35
24 38 63 55 43
24 39 146 115 90
24 40 130 102 81
24 41 110 97 76
24 42 73 58 48
24 43 78 70 63
24 44 28 22 19
24 45 34 27 24
24 46 101 83 71
24 47 66 54 43
24 48 109 84 69
24 49 50 38 29
24 50 138 106 85
24 51 62 53 47
24 52 88 68 60
24 53 83 66 51
24 54 20 16 13
24 55 45 38 31
24 56 49 40 32
24 57 137 110 89
24 58 68 57 44
24 59 36 30 24
24 60 72 55 45
24 61 129 107 88
24 62 44 37 31
24 63 24 19 15
24 64 114 102 89
24 65 109 94 79
24 66 138 112 88
24 67 44 34 27
24 68 120 105 95
24 69 57 44 34
24 70 112 91 75
24 71 63 48 40
24 72 83 68 56
24 73 115 88 70
24 74 10 8 6
24 75 6 5 4
24 76 108 91 74
24 77 110 92 82
24 78 80 71 62
24 79 134 108 88
24 80 111 87 74
24 81 124 107 88
24 82 74 61 48
24 83 105 90 71
24 84 149 126 97
24 85 67 58 48
24 86 61 52 41
24 87 99 80 70
24 88 133 103 89
24 89 65 55 44
24 90 54 45 36
24 91 48 42 33
24 92 65 58 51
24 93 49 38 34
24 94 130 108 89
24 95 61 54 45
24 96 83 68 57
24 97 37 29 23
24 98 117 100 79
24 99 113 92 71
25 26 121 96 78
25 27 94 77 66
25 28 77 68 56
25 29 102 89 76
25 30 71 64 55
25 31 71 63 52
25 32 98 85 67
25 33 45 40 34
25 34 79 63 53
25 35 139 117 90
25 36 128 104 84
25 37 26 22 19
25 38 43 35 30
25 39 59 48 39
25 40 58 48 43
25 41 76 66 54
25 42 15 12 9
25 43 61 55 45
25 44 87 73 65
25 45 48 38 30
25 46 65 57 48
25 47 123 99 87
25 48 117 97 76
25 49 95 73 59
25 50 79 69 59
25 51 88 77 64
25 52 16 12 9
25 53 81 69 62
25 54 77 68 56
25 55 78 70 55
25 56 33 28 22
25 57 76 63 50
25 58 24 21 16
25 59 52 43 35
25 60 69 62 49
25 61 63 54 43
25 62 122 99 79
25 63 101 80 64
25 64 138 111 89
25 65 126 104 80
25 66 96 81 67
25 67 73 59 47
25 68 114 91 81
25 69 40 35 29
25 70 45 39 31
25 71 66 52 40
25 72 109 94 80
25 73 102 84 75
25 74 72 62 47
25 75 74 60 50
25 76 115 100 79
25 77 75 67 57
25 78 46 38 31
25 79 138 106 82
25 80 120 98 81
25 81 57 47 39
25 82 13 10 8
25 83 52 42 33
25 84 140 108 86
25 85 15 12 9
25 86 20 16 13
25 87 90 78 64
25 88 137 105 87
25 89 40 33 26
25 90 65 55 45
25 91 39 33 25
25 92 20 16 13
25 93 76 65 50
25 94 119 106 85
25 95 33 28 25
25 96 138 113 92
25 97 100 85 70
25 98 35 31 27
25 99 30 23 19
26 27 72 62 51
26 28 95 81 65
26 29 36 28 23
26 30 131 107 88
26 31 148 117 93
26 32 50 39 33
26 33 103 79 62
26 34 63 49 38
26 35 48 41 34
26 36 38 33 25
26 37 106 88 69
26 38 137 118 96
26 39 118 103 90
26 40 86 75 60
26 41 54 48 38
26 42 111 86 70
26 43 49 42 36
26 44 96 85 65
26 45 107 85 75
26 46 54 45 40
26 47 104 83 65
26 48 13 10 8
26 49 68 54 48
26 50 62 51 43
26 51 47 37 29
26 52 104 91 77
26 53 36 30 25
26 54 95 82 64
26 55 57 51 45
26 56 118 93 77
26 57 90 71 63
26 58 131 104 86
26 59 84 72 60
26 60 55 44 34
26 61 101 91 73
26 62 102 84 68
26 63 101 86 70
26 64 22 18 15
26 65 8 7 6
26 66 51 45 37
26 67 142 110 96
26 68 46 36 30
26 69 90 70 56
26 70 105 85 69
26 71 70 56 43
26 72 47 38 31
26 73 8 6 5
26 74 109 87 72
26 75 101 90 77
26 76 6 4 3
26 77 61 49 42
26 78 80 67 52
26 79 31 24 18
26 80 9 8 6
26 81 125 104 84
26 82 112 93 81
26 83 91 73 60
26 84 38 34 29
26 85 127 107 83
26 86 117 90 70
26 87 28 22 17
26 88 21 18 15
26 89 122 108 95
26 90 154 125 101
26 91 131 107 84
26 92 131 104 89
26 93 156 122 103
26 94 25 21 16
26 95 80 64 54
26 96 81 65 50
26 97 99 77 67
26 98 126 103 89
26 99 124 104 84
27 28 26 23 19
27 29 98 78 68
27 30 69 55 43
27 31 64 57 50
27 32 102 85 71
27 33 51 39 33
27 34 31 26 21
27 35 111 99 83
27 36 58 46 35
27 37 74 62 48
27 38 96 81 68
27 39 135 118 97
27 40 117 103 79
27 41 99 83 65
27 42 83 69 59
27 43 82 66 54
27 44 21 18 15
27 45 58 52 44
27 46 88 69 62
27 47 34 29 23
27 48 63 57 44
27 49 13 10 8
27 50 121 94 75
27 51 32 26 23
27 52 102 82 71
27 53 40 33 29
27 54 28 21 18
27 55 22 17 13
27 56 75 58 51
27 57 123 109 85
27 58 92 77 64
27 59 51 40 32
27 60 47 37 31
27 61 125 113 89
27 62 32 25 20
27 63 34 26 20
27 64 95 80 65
27 65 84 66 56
27 66 117 92 75
27 67 78 70 56
27 68 112 99 77
27 69 62 49 38
27 70 117 96 78
27 71 46 39 33
27 72 38 34 27
27 73 70 56 47
27 74 44 36 30
27 75 51 42 34
27 76 72 56 50
27 77 107 94 72
27 78 98 77 60
27 79 96 86 67
27 80 81 62 48
27 81 119 107 94
27 82 108 84 64
27 83 95 81 71
27 84 114 98 77
27 85 94 77 65
27 86 75 60 53
27 87 79 61 52
27 88 97 82 66
27 89 91 78 68
27 90 102 78 64
27 91 74 66 56
27 92 102 86 70
27 93 93 78 64
27 94 106 82 67
27 95 67 54 48
27 96 46 38 29
27 97 24 21 16
27 98 143 115 89
27 99 127 98 82
28 29 105 93 78
28 30 33 28 25
28 31 53 42 32
28 32 102 91 79
28 33 36 28 22
28 34 44 34 28
28 35 142 110 94
28 36 80 66 52
28 37 53 43 37
28 38 71 61 51
28 39 141 116 91
28 40 118 97 78
28 41 99 78 70
28 42 65 57 50
28 43 74 64 57
28 44 15 13 10
28 45 44 35 30
28 46 89 79 65
28 47 51 40 34
28 48 81 73 58
28 49 30 23 18
28 50 113 96 80
28 51 56 47 36
28 52 94 73 62
28 53 65 52 40
28 54 3 2 1
28 55 30 23 20
28 56 52 43 38
28 57 116 103 86
28 58 69 61 50
28 59 33 29 22
28 60 53 47 37
28 61 137 106 86
28 62 38 29 24
28 63 13 11 9
28 64 129 103 79
28 65 91 80 69
28 66 111 94 81
28 67 57 44 38
28 68 117 100 87
28 69 53 42 32
28 70 94 82 74
28 71 48 39 34
28 72 61 50 45
28 73 84 73 60
28 74 20 16 13
28 75 22 19 15
28 76 96 81 64
28 77 112 89 77
28 78 87 76 59
28 79 125 103 79
28 80 101 79 63
28 81 143 115 89
28 82 87 67 52
28 83 103 82 69
28 84 124 109 88
28 85 80 67 53
28 86 64 53 43
28 87 95 80 62
28 88 114 92 79
28 89 82 67 52
28 90 69 54 46
28 91 54 47 41
28 92 74 66 57
28 93 75 59 46
28 94 118 97 79
28 95 67 55 43
28 96 67 54 46
28 97 22 18 15
28 98 124 102 81
28 99 96 84 74
29 30 151 125 99
29 31 143 118 103
29 32 21 17 13
29 33 93 80 70
29 34 66 58 51
29 35 23 19 16
29 36 73 57 47
29 37 107 90 72
29 38 148 116 99
29 39 100 85 77
29 40 71 59 47
29 41 32 27 24
29 42 107 86 69
29 43 48 39 31
29 44 109 95 81
29 45 106 90 81
29 46 42 34 29
29 47 116 103 85
29 48 42 38 29
29 49 92 75 63
29 50 38 30 25
29 51 66 55 46
29 52 98 88 72
29 53 60 47 40
29 54 104 94 78
29 55 84 74 59
29 56 110 99 81
29 57 71 56 47
29 58 124 103 87
29 59 85 76 68
29 60 63 51 43
29 61 89 71 59
29 62 133 105 87
29 63 126 103 85
29 64 31 27 21
29 65 29 22 18
29 66 24 19 17
29 67 156 129 103
29 68 15 11 9
29 69 88 68 60
29 70 83 71 58
29 71 80 62 49
29 72 79 65 52
29 73 37 30 25
29 74 120 93 83
29 75 127 103 88
29 76 36 32 25
29 77 38 30 26
29 78 64 53 46
29 79 15 11 9
29 80 38 34 28
29 81 99 83 71
29 82 134 103 80
29 83 80 62 49
29 84 16 13 11
29 85 106 95 82
29 86 101 86 71
29 87 29 23 17
29 88 25 21 17
29 89 137 111 97
29 90 157 130 107
29 91 132 102 88
29 92 136 107 88
29 93 139 123 110
29 94 22 18 14
29 95 77 64 55
29 96 107 88 72
29 97 116 93 83
29 98 131 103 79
29 99 123 99 76
30 31 14 11 8
30 32 126 109 97
30 33 44 39 31
30 34 67 58 50
30 35 170 134 115
30 36 127 100 77
30 37 50 44 39
30 38 59 48 37
30 39 144 111 93
30 40 128 103 88
30 41 120 103 86
30 42 69 61 52
30 43 102 88 73
30 44 40 36 30
30 45 40 32 26
30 46 119 103 80
30 47 81 64 53
30 48 108 92 82
30 49 58 50 42
30 50 149 116 95
30 51 89 71 60
30 52 87 72 63
30 53 96 77 64
30 54 38 31 26
30 55 71 57 44
30 56 49 43 33
30 57 144 122 96
30 58 60 49 43
30 59 53 43 33
30 60 81 66 57
30 61 130 104 93
30 62 65 52 41
30 63 42 32 26
30 64 143 114 102
30 65 129 105 92
30 66 129 110 99
30 67 26 20 17
30 68 144 126 107
30 69 65 54 42
30 70 108 95 81
30 71 76 58 51
30 72 100 78 70
30 73 123 95 83
30 74 26 22 17
30 75 16 14 12
30 76 127 105 87
30 77 132 105 92
30 78 91 78 70
30 79 144 125 100
30 80 128 105 87
30 81 122 108 93
30 82 72 57 49
30 83 111 93 78
30 84 155 129 109
30 85 65 55 48
30 86 67 53 45
30 87 113 101 82
30 88 147 127 102
30 89 60 52 40
30 90 40 33 26
30 91 46 36 32
30 92 73 57 50
30 93 35 29 23
30 94 163 128 102
30 95 77 67 53
30 96 90 77 69
30 97 55 43 34
30 98 124 98 81
30 99 112 94 74
31 32 155 121 100
31 33 53 41 33
31 34 80 69 55
31 35 166 142 118
31 36 133 103 84
31 37 59 48 39
31 38 50 40 31
31 39 144 114 90
31 40 119 99 88
31 41 132 113 88
31 42 74 59 50
31 43 106 84 76
31 44 48 43 38
31 45 35 29 26
31 46 131 105 83
31 47 94 76 61
31 48 127 109 87
31 49 73 59 49
31 50 140 126 97
31 51 90 76 66
31 52 95 77 61
31 53 97 84 69
31 54 45 39 33
31 55 80 64 50
31 56 48 39 31
31 57 140 111 97
31 58 57 48 39
31 59 49 44 35
31 60 82 72 61
31 61 142 110 92
31 62 71 64 49
31 63 49 40 34
31 64 177 137 107
31 65 132 117 97
31 66 161 130 102
31 67 13 11 9
31 68 153 135 110
31 69 61 51 44
31 70 113 89 80
31 71 77 65 54
31 72 114 98 77
31 73 117 106 88
31 74 36 28 22
31 75 29 23 18
31 76 130 114 93
31 77 136 107 94
31 78 92 79 71
31 79 140 126 105
31 80 118 105 92
31 81 140 119 91
31 82 58 50 45
31 83 108 88 78
31 84 154 137 113
31 85 64 53 45
31 86 70 54 44
31 87 129 108 86
31 88 160 133 107
31 89 48 41 34
31 90 26 23 18
31 91 38 32 28
31 92 61 52 46
31 93 23 19 15
31 94 156 121 106
31 95 81 65 54
31 96 109 93 77
31 97 53 46 41
31 98 128 99 78
31 99 99 87 71
32 33 93 83 67
32 34 83 67 52
32 35 33 26 23
32 36 87 72 56
32 37 83 73 66
32 38 133 108 93
32 39 82 73 65
32 40 49 41 34
32 41 22 18 14
32 42 91 71 61
32 43 38 32 25
32 44 123 107 83
32 45 116 96 77
32 46 30 24 20
32 47 125 100 90
32 48 63 48 38
32 49 87 78 65
32 50 19 16 13
32 51 70 62 51
32 52 92 77 62
32 53 58 50 44
32 54 127 99 78
32 55 92 75 61
32 56 111 91 75
32 57 43 38 34
32 58 124 99 80
32 59 103 79 65
32 60 70 54 43
32 61 65 58 47
32 62 142 110 90
32 63 133 105 86
32 64 46 37 33
32 65 48 37 29
32 66 8 6 5
32 67 152 130 100
32 68 25 20 15
32 69 72 63 56
32 70 69 60 46
32 71 67 59 47
32 72 86 71 60
32 73 47 39 34
32 74 117 102 81
32 75 124 102 86
32 76 45 40 35
32 77 20 15 13
32 78 57 44 36
32 79 30 27 22
32 80 53 45 38
32 81 82 70 58
32 82 99 84 73
32 83 50 43 38
32 84 31 24 20
32 85 106 84 74
32 86 97 80 64
32 87 36 28 21
32 88 47 37 29
32 89 119 104 90
32 90 141 115 103
32 91 101 91 82
32 92 124 101 80
32 93 154 121 106
32 94 42 34 27
32 95 76 59 48
32 96 111 90 80
32 97 112 100 86
32 98 110 86 68
32 99 85 77 65
33 34 38 30 26
33 35 132 106 86
33 36 89 74 58
33 37 24 19 16
33 38 56 43 37
33 39 99 85 69
33 40 95 77 59
33 41 76 64 56
33 42 39 34 28
33 43 69 56 43
33 44 41 35 31
33 45 20 17 14
33 46 81 64 50
33 47 71 62 54
33 48 76 67 58
33 49 40 31 27
33 50 93 73 65
33 51 58 50 39
33 52 56 50 41
33 53 65 52 40
33 54 34 27 22
33 55 38 29 25
33 56 31 24 19
33 57 94 76 67
33 58 51 42 32
33 59 5 4 3
33 60 40 33 29
33 61 94 77 66
33 62 62 56 45
33 63 42 35 31
33 64 120 96 76
33 65 96 77 66
33 66 100 77 69
33 67 53 44 34
33 68 121 99 78
33 69 18 15 12
33 70 78 62 54
33 71 35 27 21
33 72 86 69 53
33 73 94 72 58
33 74 26 20 17
33 75 27 24 21
33 76 91 73 62
33 77 85 76 62
33 78 55 48 40
33 79 111 94 73
33 80 106 81 63
33 81 96 81 67
33 82 47 38 31
33 83 68 57 50
33 84 110 90 80
33 85 41 36 32
33 86 30 25 22
33 87 76 67 54
33 88 110 89 75
33 89 51 43 36
33 90 57 47 39
33 91 34 28 24
33 92 54 46 37
33 93 59 53 41
33 94 104 86 74
33 95 34 30 24
33 96 92 77 61
33 97 54 43 36
33 98 86 72 60
33 99 75 62 52
34 35 98 76 67
34 36 52 42 33
34 37 57 47 37
34 38 96 76 63
34 39 111 93 79
34 40 91 74 58
34 41 67 57 45
34 42 60 51 44
34 43 43 38 34
34 44 47 39 31
34 45 60 46 39
34 46 63 52 41
34 47 66 54 43
34 48 48 43 33
34 49 24 18 14
34 50 91 72 55
34 51 21 16 13
34 52 79 66 55
34 53 24 18 14
34 54 39 33 27
34 55 14 11 9
34 56 65 53 44
34 57 88 74 65
34 58 85 72 55
34 59 33 29 24
34 60 19 14 11
34 61 108 89 69
34 62 57 48 40
34 63 50 44 34
34 64 75 61 52
34 65 62 49 43
34 66 83 70 55
34 67 91 73 58
34 68 86 74 59
34 69 33 27 24
34 70 76 68 59
34 71 24 18 14
34 72 39 34 28
34 73 51 45 34
34 74 49 42 34
34 75 58 49 39
34 76 61 48 38
34 77 72 61 52
34 78 65 54 41
34 79 76 65 51
34 80 61 48 38
34 81 105 86 75
34 82 79 65 52
34 83 68 59 52
34 84 97 75 61
34 85 80 63 54
34 86 59 51 41
34 87 44 38 34
34 88 74 59 52
34 89 99 77 61
34 90 91 77 64
34 91 71 56 50
34 92 88 75 60
34 93 86 77 66
34 94 77 67 52
34 95 47 38 30
34 96 57 50 41
34 97 53 42 34
34 98 97 83 73
34 99 108 83 66
35 36 78 67 59
35 37 130 105 87
35 38 165 137 114
35 39 132 103 86
35 40 85 67 56
35 41 58 47 37
35 42 118 94 83
35 43 77 60 46
35 44 158 124 96
35 45 144 116 97
35 46 64 50 43
35 47 146 118 98
35 48 65 53 42
35 49 105 89 78
35 50 50 40 34
35 51 83 73 61
35 52 139 111 85
35 53 77 69 55
35 54 125 103 93
35 55 114 91 74
35 56 149 117 96
35 57 86 70 54
35 58 138 117 102
35 59 105 94 83
35 60 86 70 58
35 61 96 84 67
35 62 129 114 101
35 63 142 124 100
35 64 41 32 25
35 65 42 35 29
35 66 37 31 25
35 67 180 154 119
35 68 14 12 9
35 69 115 97 76
35 70 93 81 69
35 71 104 83 65
35 72 84 75 64
35 73 54 46 38
35 74 140 115 99
35 75 155 127 104
35 76 47 42 36
35 77 48 40 36
35 78 82 68 59
35 79 25 21 17
35 80 64 51 39
35 81 117 100 79
35 82 138 108 95
35 83 93 76 61
35 84 10 8 6
35 85 131 112 97
35 86 111 98 86
35 87 54 41 33
35 88 31 24 21
35 89 155 128 112
35 90 184 156 123
35 91 142 128 103
35 92 143 124 102
35 93 192 160 126
35 94 27 23 19
35 95 99 83 70
35 96 119 106 84
35 97 144 120 98
35 98 116 101 90
35 99 142 110 88
36 37 100 87 70
36 38 137 107 95
36 39 144 116 104
36 40 106 91 78
36 41 86 70 57
36 42 117 96 75
36 43 77 66 51
36 44 77 59 49
36 45 112 92 72
36 46 89 74 57
36 47 57 48 42
36 48 30 23 19
36 49 55 43 35
36 50 106 84 65
36 51 31 24 21
36 52 123 96 85
36 53 38 29 23
36 54 82 66 51
36 55 57 45 35
36 56 110 87 76
36 57 129 101 82
36 58 125 105 88
36 59 83 65 56
36 60 57 44 36
36 61 114 102 91
36 62 64 54 48
36 63 78 68 54
36 64 51 41 36
36 65 42 35 31
36 66 84 75 61
36 67 128 114 88
36 68 72 64 55
36 69 85 67 56
36 70 137 107 83
36 71 64 51 45
36 72 12 10 8
36 73 37 30 23
36 74 91 70 62
36 75 103 86 67
36 76 33 28 23
36 77 99 78 63
36 78 87 78 64
36 79 65 50 42
36 80 30 25 20
36 81 144 111 99
36 82 123 98 84
36 83 98 84 74
36 84 84 67 53
36 85 140 109 86
36 86 112 90 73
36 87 57 48 37
36 88 61 47 38
36 89 129 110 94
36 90 121 106 95
36 91 105 91 82
36 92 124 106 92
36 93 121 107 96
36 94 61 51 40
36 95 81 73 60
36 96 44 34 26
36 97 70 55 49
36 98 144 126 100
36 99 124 106 94
37 38 39 34 28
37 39 73 64 55
37 40 76 65 50
37 41 76 61 53
37 42 20 16 13
37 43 63 54 42
37 44 67 52 46
37 45 22 17 14
37 46 67 54 47
37 47 103 86 69
37 48 107 86 66
37 49 62 48 42
37 50 87 73 61
37 51 72 64 50
37 52 36 30 26
37 53 77 63 49
37 54 58 45 38
37 55 54 47 39
37 56 15 12 10
37 57 81 68 58
37 58 28 23 18
37 59 29 22 17
37 60 54 41 36
37 61 73 61 55
37 62 90 70 61
37 63 66 58 46
37 64 128 102 81
37 65 115 92 72
37 66 99 79 67
37 67 57 44 36
37 68 105 94 79
37 69 19 16 14
37 70 59 51 42
37 71 42 33 27
37 72 100 84 65
37 73 95 79 65
37 74 38 33 29
37 75 50 39 33
37 76 102 83 69
37 77 94 75 58
37 78 52 43 33
37 79 113 88 76
37 80 99 80 70
37 81 87 67 54
37 82 24 21 16
37 83 56 45 40
37 84 133 103 82
37 85 28 22 17
37 86 9 7 6
37 87 83 72 57
37 88 129 102 80
37 89 41 32 26
37 90 61 48 37
37 91 26 22 17
37 92 32 27 23
37 93 52 46 41
37 94 109 98 79
37 95 28 23 18
37 96 119 97 75
37 97 79 61 52
37 98 59 51 45
37 99 59 48 37
38 39 95 85 65
38 40 91 82 72
38 41 124 102 80
38 42 55 43 33
38 43 102 87 69
38 44 89 78 60
38 45 35 29 24
38 46 105 88 74
38 47 118 98 84
38 48 122 103 93
38 49 90 80 63
38 50 128 108 87
38 51 117 95 75
38 52 51 44 39
38 53 115 96 75
38 54 80 64 52
38 55 93 73 61
38 56 31 24 20
38 57 115 95 80
38 58 21 18 15
38 59 61 51 39
38 60 89 75 64
38 61 99 85 72
38 62 108 85 74
38 63 80 67 57
38 64 160 126 109
38 65 136 117 99
38 66 130 116 93
38 67 37 30 23
38 68 137 123 106
38 69 57 51 41
38 70 98 80 61
38 71 78 69 54
38 72 137 112 89
38 73 131 117 92
38 74 61 48 39
38 75 63 51 39
38 76 137 123 97
38 77 116 94 84
38 78 91 75 58
38 79 144 117 104
38 80 140 123 98
38 81 101 82 67
38 82 36 30 23
38 83 90 80 62
38 84 186 143 110
38 85 30 24 21
38 86 46 36 29
38 87 123 109 85
38 88 177 137 108
38 89 7 6 5
38 90 28 22 17
38 91 19 16 13
38 92 26 23 19
38 93 33 27 23
38 94 134 119 107
38 95 71 54 45
38 96 136 119 96
38 97 97 84 65
38 98 78 60 53
38 99 76 60 46
39 40 43 36 31
39 41 79 65 54
39 42 63 53 42
39 43 78 63 55
39 44 134 117 99
39 45 107 83 67
39 46 70 60 51
39 47 166 140 119
39 48 141 117 91
39 49 119 103 89
39 50 70 59 53
39 51 134 105 88
39 52 42 35 30
39 53 119 99 83
39 54 121 103 91
39 55 115 101 85
39 56 91 70 60
39 57 49 41 33
39 58 64 58 52
39 59 105 85 69
39 60 102 91 71
39 61 31 24 20
39 62 188 145 113
39 63 129 114 99
39 64 126 109 96
39 65 130 103 89
39 66 84 74 62
39 67 125 108 84
39 68 115 91 79
39 69 100 77 60
39 70 32 27 22
39 71 97 81 65
39 72 139 123 103
39 73 131 109 88
39 74 124 105 84
39 75 135 109 87
39 76 139 110 91
39 77 70 60 52
39 78 67 52 40
39 79 140 109 86
39 80 149 115 94
39 81 12 9 7
39 82 66 55 45
39 83 48 38 31
39 84 131 102 85
39 85 65 54 46
39 86 80 63 49
39 87 95 83 73
39 88 133 105 93
39 89 88 75 61
39 90 114 98 81
39 91 84 75 63
39 92 69 57 47
39 93 131 110 87
39 94 128 101 90
39 95 66 58 50
39 96 168 152 119
39 97 158 123 104
39 98 18 15 13
39 99 30 26 20
40 41 35 31 24
40 42 63 52 40
40 43 38 33 28
40 44 122 107 85
40 45 100 79 63
40 46 35 28 22
40 47 156 122 101
40 48 82 74 63
40 49 93 83 71
40 50 37 29 23
40 51 96 83 64
40 52 48 42 35
40 53 91 72 58
40 54 107 95 78
40 55 95 80 66
40 56 84 68 59
40 57 15 12 9
40 58 83 73 58
40 59 81 69 58
40 60 70 63 49
40 61 22 18 14
40 62 135 111 97
40 63 118 101 87
40 64 98 84 66
40 65 85 68 59
40 66 44 38 32
40 67 120 100 85
40 68 74 60 49
40 69 63 54 48
40 70 21 17 14
40 71 70 54 46
40 72 105 87 78
40 73 80 66 59
40 74 109 95 75
40 75 124 102 80
40 76 88 74 62
40 77 28 24 21
40 78 30 25 20
40 79 77 64 55
40 80 97 80 65
40 81 34 29 25
40 82 64 57 50
40 83 17 14 11
40 84 78 63 54
40 85 84 65 51
40 86 60 52 46
40 87 72 56 44
40 88 84 75 62
40 89 95 81 68
40 90 119 100 85
40 91 100 82 64
40 92 73 65 55
40 93 119 101 90
40 94 85 66 59
40 95 56 44 36
40 96 137 122 96
40 97 128 107 89
40 98 56 43 35
40 99 47 41 34
41 42 67 55 47
41 43 20 17 13
41 44 111 91 75
41 45 102 81 64
41 46 12 9 7
41 47 114 100 86
41 48 53 47 41
41 49 80 69 59
41 50 16 13 10
41 51 68 61 47
41 52 78 60 49
41 53 53 47 40
41 54 101 79 69
41 55 79 61 54
41 56 93 80 63
41 57 34 30 26
41 58 96 79 66
41 59 70 63 54
41 60 49 44 35
41 61 48 42 37
41 62 120 98 84
41 63 131 102 78
41 64 62 54 43
41 65 58 45 36
41 66 20 17 14
41 67 115 98 87
41 68 42 34 28
41 69 61 54 45
41 70 51 42 34
41 71 63 48 37
41 72 80 70 59
41 73 48 43 37
41 74 99 82 71
41 75 123 95 76
41 76 54 45 39
41 77 12 10 8
41 78 30 27 23
41 79 47 42 33
41 80 56 48 43
41 81 77 61 48
41 82 85 69 59
41 83 33 28 25
41 84 51 40 33
41 85 87 71 61
41 86 87 67 51
41 87 33 26 21
41 88 60 51 39
41 89 124 100 77
41 90 122 104 90
41 91 95 82 69
41 92 108 86 66
41 93 143 117 93
41 94 50 42 37
41 95 51 46 36
41 96 101 89 78
41 97 125 102 79
41 98 79 62 55
41 99 80 64 52
42 43 59 46 38
42 44 90 71 58
42 45 41 31 26
42 46 61 47 41
42 47 125 102 80
42 48 93 77 68
42 49 74 66 51
42 50 71 64 54
42 51 88 73 56
42 52 20 17 13
42 53 77 62 53
42 54 71 61 50
42 55 68 57 47
42 56 30 24 20
42 57 61 55 48
42 58 28 24 19
42 59 40 32 28
42 60 52 46 40
42 61 59 47 42
42 62 96 82 72
42 63 79 65 58
42 64 111 100 81
42 65 97 83 72
42 66 80 72 61
42 67 70 59 46
42 68 103 90 75
42 69 30 26 21
42 70 40 35 30
42 71 46 36 31
42 72 112 89 72
42 73 108 83 67
42 74 62 50 42
42 75 62 52 46
42 76 106 86 71
42 77 77 66 51
42 78 38 30 25
42 79 110 96 74
42 80 104 88 72
42 81 64 51 41
42 82 16 14 12
42 83 40 36 30
42 84 109 91 79
42 85 22 17 14
42 86 14 11 8
42 87 84 71 56
42 88 110 94 79
42 89 43 36 30
42 90 57 51 46
42 91 36 32 25
42 92 31 25 20
42 93 74 58 51
42 94 109 90 78
42 95 25 19 16
42 96 136 106 84
42 97 95 74 64
42 98 45 37 32
42 99 37 32 24
43 44 90 75 63
43 45 67 59 52
43 46 15 12 9
43 47 118 91 75
43 48 51 42 37
43 49 63 57 47
43 50 32 26 23
43 51 51 42 37
43 52 60 53 42
43 53 40 36 31
43 54 77 64 57
43 55 58 52 42
43 56 74 58 51
43 57 52 40 33
43 58 73 63 56
43 59 63 51 41
43 60 37 29 23
43 61 54 45 40
43 62 109 84 73
43 63 85 74 65
43 64 62 52 45
43 65 47 42 36
43 66 37 30 26
43 67 117 90 75
43 68 51 43 37
43 69 47 39 32
43 70 44 39 33
43 71 37 31 24
43 72 81 62 51
43 73 47 40 34
43 74 79 66 58
43 75 91 72 63
43 76 57 49 38
43 77 27 24 20
43 78 28 21 16
43 79 54 44 37
43 80 62 48 40
43 81 76 62 49
43 82 74 61 50
43 83 36 29 24
43 84 66 52 41
43 85 77 62 52
43 86 65 53 41
43 87 29 24 20
43 88 60 51 42
43 89 106 82 66
43 90 128 99 78
43 91 92 72 58
43 92 83 73 57
43 93 110 99 82
43 94 59 53 41
43 95 39 30 24
43 96 99 87 69
43 97 96 81 67
43 98 81 64 53
43 99 74 61 48
44 45 58 46 39
44 46 101 89 71
44 47 36 31 25
44 48 89 70 58
44 49 23 20 18
44 50 128 103 85
44 51 54 46 36
44 52 97 80 71
44 53 62 54 42
44 54 13 11 9
44 55 33 26 23
44 56 68 56 47
44 57 124 108 92
44 58 83 72 60
44 59 45 36 31
44 60 54 48 41
44 61 129 111 94
44 62 23 19 15
44 63 7 6 5
44 64 110 93 79
44 65 100 84 70
44 66 134 106 86
44 67 68 57 45
44 68 132 110 89
44 69 58 46 40
44 70 115 99 82
44 71 60 49 40
44 72 62 54 42
44 73 85 76 61
44 74 31 27 21
44 75 34 27 22
44 76 84 76 64
44 77 122 107 82
44 78 99 79 66
44 79 107 94 80
44 80 90 76 63
44 81 129 109 97
44 82 81 70 61
44 83 126 100 77
44 84 119 101 90
44 85 94 76 62
44 86 85 67 52
44 87 92 80 65
44 88 105 89 80
44 89 92 72 61
44 90 84 69 54
44 91 70 61 49
44 92 101 78 66
44 93 67 58 52
44 94 124 98 80
44 95 79 67 51
44 96 61 47 39
44 97 9 8 6
44 98 123 110 90
44 99 124 106 82
45 46 88 74 58
45 47 92 76 63
45 48 98 79 71
45 49 53 44 39
45 50 108 84 73
45 51 76 61 52
45 52 59 48 38
45 53 76 66 53
45 54 39 35 30
45 55 55 45 38
45 56 14 11 9
45 57 113 87 72
45 58 29 24 21
45 59 26 20 16
45 60 65 54 42
45 61 100 85 68
45 62 82 63 53
45 63 58 44 37
45 64 129 110 88
45 65 121 97 78
45 66 114 93 78
45 67 34 29 23
45 68 137 108 88
45 69 33 27 21
45 70 83 69 55
45 71 47 40 33
45 72 94 83 66
45 73 104 86 71
45 74 31 25 19
45 75 34 27 21
45 76 123 96 75
45 77 99 86 70
45 78 70 55 46
45 79 128 106 84
45 80 115 88 76
45 81 93 82 67
45 82 33 29 24
45 83 79 66 53
45 84 131 116 92
45 85 36 30 24
45 86 29 22 19
45 87 95 83 65
45 88 118 98 87
45 89 36 28 24
45 90 36 31 27
45 91 19 16 12
45 92 38 32 28
45 93 40 35 30
45 94 117 97 87
45 95 46 36 30
45 96 96 83 72
45 97 65 55 44
45 98 79 70 56
45 99 73 63 49
46 47 120 104 83
46 48 60 52 42
46 49 84 68 55
46 50 22 18 15
46 51 61 54 45
46 52 65 54 43
46 53 59 47 38
46 54 101 82 65
46 55 71 62 50
46 56 79 71 56
46 57 41 31 26
46 58 93 76 60
46 59 61 54 48
46 60 48 39 31
46 61 52 42 35
46 62 114 90 81
46 63 101 89 73
46 64 68 55 46
46 65 62 49 39
46 66 30 23 20
46 67 115 94 81
46 68 42 38 34
46 69 53 44 39
46 70 46 37 30
46 71 43 38 32
46 72 84 74 58
46 73 54 46 38
46 74 97 83 66
46 75 105 82 71
46 76 55 46 41
46 77 18 15 12
46 78 26 20 17
46 79 55 42 37
46 80 59 50 44
46 81 65 53 45
46 82 81 69 53
46 83 33 27 21
46 84 62 48 39
46 85 88 69 55
46 86 61 54 45
46 87 32 27 23
46 88 69 53 43
46 89 92 80 70
46 90 140 108 84
46 91 92 72 63
46 92 80 67 60
46 93 115 100 87
46 94 58 47 41
46 95 42 37 30
46 96 119 93 77
46 97 111 95 75
46 98 78 62 51
46 99 65 54 47
47 48 78 63 57
47 49 48 38 31
47 50 133 113 95
47 51 54 49 40
47 52 141 119 93
47 53 66 54 47
47 54 43 38 33
47 55 50 40 36
47 56 108 84 71
47 57 147 126 107
47 58 124 95 84
47 59 78 64 53
47 60 71 63 52
47 61 149 126 111
47 62 20 15 12
47 63 42 33 28
47 64 109 88 77
47 65 102 80 70
47 66 141 109 94
47 67 95 85 69
47 68 119 104 93
47 69 87 78 60
47 70 130 112 100
47 71 75 64 55
47 72 51 42 35
47 73 79 68 61
47 74 66 51 46
47 75 71 55 47
47 76 83 71 63
47 77 130 108 93
47 78 122 95 82
47 79 114 101 82
47 80 91 70 61
47 81 162 128 116
47 82 115 101 84
47 83 130 104 93
47 84 136 106 93
47 85 126 104 85
47 86 95 86 75
47 87 91 81 70
47 88 103 88 79
47 89 131 103 85
47 90 108 89 78
47 91 116 93 74
47 92 123 101 90
47 93 116 95 76
47 94 102 89 80
47 95 97 80 70
47 96 35 27 21
47 97 30 25 21
47 98 164 132 111
47 99 147 121 104
48 49 58 47 41
48 50 79 63 48
48 51 34 26 23
48 52 108 95 76
48 53 30 25 19
48 54 89 75 58
48 55 56 44 39
48 56 110 85 74
48 57 101 78 66
48 58 124 98 83
48 59 72 64 55
48 60 46 35 30
48 61 126 97 76
48 62 95 76 61
48 63 93 79 63
48 64 31 24 21
48 65 20 17 13
48 66 60 48 43
48 67 132 110 91
48 68 51 44 37
48 69 78 61 52
48 70 88 79 70
48 71 55 45 39
48 72 34 28 23
48 73 7 6 5
48 74 104 83 66
48 75 95 80 71
48 76 11 8 6
48 77 65 55 46
48 78 77 62 52
48 79 38 30 25
48 80 7 6 5
48 81 123 98 85
48 82 99 89 79
48 83 90 79 61
48 84 55 44 36
48 85 112 94 80
48 86 107 88 68
48 87 29 24 20
48 88 33 27 22
48 89 120 102 91
48 90 141 108 97
48 91 112 100 80
48 92 127 102 86
48 93 129 113 98
48 94 32 29 24
48 95 69 61 52
48 96 65 51 43
48 97 79 68 60
48 98 114 98 89
48 99 120 104 84
49 50 91 79 68
49 51 29 22 19
49 52 87 73 63
49 53 37 29 24
49 54 23 19 17
49 55 10 8 6
49 56 63 54 45
49 57 106 87 78
49 58 81 66 58
49 59 35 30 26
49 60 37 32 24
49 61 125 102 81
49 62 34 29 26
49 63 30 25 22
49 64 81 70 62
49 65 82 65 53
49 66 95 79 69
49 67 74 62 53
49 68 104 87 72
49 69 49 39 31
49 70 99 88 70
49 71 40 33 25
49 72 39 33 29
49 73 61 54 43
49 74 41 34 27
49 75 47 36 32
49 76 68 57 47
49 77 87 78 66
49 78 77 59 52
49 79 96 77 63
49 80 66 55 46
49 81 132 109 86
49 82 73 63 57
49 83 96 81 64
49 84 107 84 73
49 85 81 68 58
49 86 65 54 46
49 87 69 58 47
49 88 95 78 62
49 89 83 70 62
49 90 78 69 61
49 91 71 64 50
49 92 94 76 63
49 93 92 73 61
49 94 100 82 63
49 95 56 47 40
49 96 44 39 34
49 97 29 24 21
49 98 106 92 82
49 99 113 87 74
50 51 92 71 56
50 52 70 62 54
50 53 69 60 49
50 54 116 96 79
50 55 93 76 63
50 56 104 88 70
50 57 32 26 22
50 58 92 82 73
50 59 94 78 63
50 60 64 57 45
50 61 57 46 35
50 62 140 110 94
50 63 125 99 88
50 64 64 52 45
50 65 59 49 40
50 66 16 13 10
50 67 121 106 96
50 68 41 34 26
50 69 75 67 54
50 70 50 42 35
50 71 65 58 47
50 72 102 83 67
50 73 67 58 44
50 74 109 89 80
50 75 122 107 85
50 76 71 56 45
50 77 6 5 4
50 78 42 35 29
50 79 49 43 34
50 80 75 58 49
50 81 69 56 47
50 82 104 82 65
50 83 41 32 28
50 84 47 36 32
50 85 99 76 67
50 86 101 77 59
50 87 41 33 28
50 88 66 51 41
50 89 130 106 83
50 90 127 110 98
50 91 125 97 77
50 92 95 84 72
50 93 138 114 102
50 94 60 49 39
50 95 71 57 44
50 96 141 111 87
50 97 123 102 88
50 98 82 68 57
50 99 85 67 55
51 52 107 84 66
51 53 11 9 7
51 54 52 45 35
51 55 25 21 17
51 56 85 66 56
51 57 95 82 70
51 58 90 79 67
51 59 54 47 36
51 60 26 22 17
51 61 104 92 76
51 62 60 48 41
51 63 60 48 41
51 64 60 50 43
51 65 50 40 34
51 66 86 70 54
51 67 99 78 70
51 68 83 65 55
51 69 58 45 36
51 70 105 82 67
51 71 35 31 25
51 72 26 20 17
51 73 36 30 25
51 74 60 51 45
51 75 63 56 49
51 76 42 33 28
51 77 84 65 54
51 78 68 58 48
51 79 64 52 45
51 80 37 33 27
51 81 122 94 83
51 82 86 73 64
51 83 86 74 59
51 84 82 64 55
51 85 97 85 66
51 86 76 65 53
51 87 44 35 31
51 88 57 51 44
51 89 106 89 74
51 90 103 91 76
51 91 104 81 62
51 92 90 80 72
51 93 110 85 77
51 94 69 58 44
51 95 54 48 41
51 96 52 41 33
51 97 61 48 38
51 98 117 100 82
51 99 109 95 76
52 53 85 71 63
52 54 86 71 62
52 55 86 67 59
52 56 48 39 30
52 57 63 48 43
52 58 35 30 25
52 59 52 46 41
52 60 73 57 50
52 61 45 40 34
52 62 116 100 85
52 63 101 80 71
52 64 115 101 87
52 65 107 87 78
52 66 87 72 62
52 67 82 70 56
52 68 116 92 77
52 69 50 39 33
52 70 30 27 23
52 71 58 51 42
52 72 127 102 82
52 73 115 92 74
52 74 76 68 55
52 75 86 66 58
52 76 112 90 78
52 77 74 62 51
52 78 35 31 27
52 79 125 100 79
52 80 121 101 80
52 81 49 38 30
52 82 28 22 17
52 83 35 31 26
52 84 125 97 82
52 85 24 21 18
52 86 30 25 20
52 87 94 72 62
52 88 125 96 84
52 89 49 40 35
52 90 73 64 54
52 91 51 44 34
52 92 31 25 21
52 93 89 69 59
52 94 110 98 82
52 95 36 30 26
52 96 134 115 96
52 97 109 86 76
52 98 30 23 20
52 99 17 15 12
53 54 57 47 40
53 55 31 27 21
53 56 82 64 56
53 57 92 80 64
53 58 87 78 67
53 59 57 45 37
53 60 21 17 14
53 61 101 88 70
53 62 69 58 47
53 63 74 60 46
53 64 49 44 39
53 65 43 34 29
53 66 62 53 48
53 67 104 92 72
53 68 74 60 48
53 69 54 44 35
53 70 97 76 62
53 71 34 27 23
53 72 32 27 21
53 73 28 24 20
53 74 81 63 48
53 75 82 63 53
53 76 36 29 24
53 77 77 60 47
53 78 54 48 43
53 79 57 44 39
53 80 35 30 24
53 81 111 99 78
53 82 103 81 63
53 83 72 64 54
53 84 71 61 49
53 85 101 84 65
53 86 69 58 52
53 87 37 29 24
53 88 58 50 39
53 89 96 83 74
53 90 110 99 78
53 91 94 74 63
53 92 99 86 70
53 93 123 96 79
53 94 51 45 39
53 95 51 45 38
53 96 55 48 39
53 97 66 54 44
53 98 114 91 79
53 99 102 83 72
54 55 31 25 20
54 56 61 48 38
54 57 122 106 85
54 58 74 58 51
54 59 29 25 22
54 60 50 40 36
54 61 137 112 86
54 62 34 29 24
54 63 13 11 9
54 64 109 97 78
54 65 104 89 69
54 66 116 100 81
54 67 57 47 39
54 68 131 102 86
54 69 48 39 32
54 70 106 94 74
54 71 49 42 33
54 72 56 50 44
54 73 95 73 59
54 74 19 16 13
54 75 25 20 16
54 76 87 76 63
54 77 108 98 76
54 78 81 66 58
54 79 113 98 78
54 80 97 78 62
54 81 136 107 88
54 82 67 59 52
54 83 101 87 69
54 84 127 104 88
54 85 82 68 53
54 86 63 52 43
54 87 96 76 61
54 88 107 86 78
54 89 79 62 52
54 90 63 54 47
54 91 61 48 41
54 92 80 71 57
54 93 66 59 46
54 94 105 91 79
54 95 70 55 43
54 96 72 59 45
54 97 22 18 15
54 98 122 101 81
54 99 103 83 74
55 56 70 55 43
55 57 104 84 73
55 58 87 67 56
55 59 32 28 23
55 60 30 24 19
55 61 121 93 76
55 62 52 40 32
55 63 40 33 26
55 64 92 74 59
55 65 69 58 50
55 66 100 80 64
55 67 71 63 54
55 68 100 81 67
55 69 41 33 27
55 70 91 75 65
55 71 33 26 20
55 72 41 35 29
55 73 55 46 40
55 74 41 35 29
55 75 46 37 33
55 76 60 50 44
55 77 82 69 60
55 78 77 60 47
55 79 81 69 59
55 80 62 49 43
55 81 107 97 81
55 82 71 62 54
55 83 84 74 58
55 84 99 87 69
55 85 83 65 55
55 86 70 54 43
55 87 62 53 42
55 88 85 72 59
55 89 89 77 61
55 90 92 73 61
55 91 72 59 49
55 92 87 74 61
55 93 90 76 61
55 94 83 75 59
55 95 51 41 35
55 96 54 43 37
55 97 33 29 26
55 98 104 86 77
55 99 92 80 70
56 57 101 84 67
56 58 22 17 13
56 59 33 28 21
56 60 58 50 44
56 61 79 70 62
56 62 99 78 61
56 63 71 57 45
56 64 128 113 90
56 65 117 96 80
56 66 121 94 76
56 67 36 31 27
56 68 130 108 88
56 69 32 28 22
56 70 72 60 50
56 71 53 45 35
56 72 111 86 71
56 73 106 94 73
56 74 41 35 27
56 75 41 36 29
56 76 100 89 77
56 77 111 85 68
56 78 58 51 42
56 79 138 110 85
56 80 116 91 78
56 81 89 73 60
56 82 26 20 16
56 83 65 55 49
56 84 139 111 92
56 85 24 20 16
56 86 19 16 13
56 87 92 80 66
56 88 121 103 89
56 89 30 23 18
56 90 37 31 28
56 91 11 9 7
56 92 30 25 20
56 93 49 42 32
56 94 113 102 88
56 95 40 31 27
56 96 111 93 79
56 97 78 67 52
56 98 71 62 49
56 99 51 46 41
57 58 100 84 66
57 59 94 80 66
57 60 93 72 55
57 61 23 18 14
57 62 139 119 104
57 63 147 118 94
57 64 95 81 66
57 65 96 80 61
57 66 44 36 30
57 67 146 112 93
57 68 77 61 47
57 69 90 70 56
57 70 32 25 20
57 71 74 63 53
57 72 115 100 83
57 73 101 81 62
57 74 119 97 83
57 75 144 113 88
57 76 87 77 65
57 77 35 27 21
57 78 46 36 28
57 79 83 69 55
57 80 103 82 68
57 81 37 30 26
57 82 87 68 57
57 83 29 22 19
57 84 87 69 53
57 85 91 70 59
57 86 75 67 54
57 87 74 60 47
57 88 90 79 62
57 89 119 92 76
57 90 116 104 94
57 91 102 86 72
57 92 94 72 63
57 93 139 121 98
57 94 82 71 60
57 95 62 53 44
57 96 145 117 102
57 97 136 115 97
57 98 54 46 40
57 99 50 45 40
58 59 47 38 33
58 60 71 63 54
58 61 77 68 58
58 62 110 88 74
58 63 85 66 58
58 64 156 127 98
58 65 126 113 89
58 66 115 96 80
58 67 51 42 33
58 68 142 109 93
58 69 46 37 32
58 70 70 55 46
58 71 71 57 45
58 72 118 99 83
58 73 113 95 82
58 74 52 45 40
58 75 61 50 41
58 76 117 98 87
58 77 119 91 70
58 78 59 53 44
58 79 143 118 92
58 80 126 102 88
58 81 85 69 54
58 82 14 12 9
58 83 62 54 48
58 84 140 122 97
58 85 10 8 7
58 86 26 20 17
58 87 104 89 73
58 88 145 114 96
58 89 17 14 11
58 90 45 39 30
58 91 20 15 12
58 92 11 8 7
58 93 47 42 35
58 94 142 119 95
58 95 49 40 33
58 96 149 115 92
58 97 93 74 65
58 98 59 52 40
58 99 50 39 33
59 60 38 34 27
59 61 92 81 65
59 62 62 50 45
59 63 51 39 31
59 64 106 89 74
59 65 80 71 64
59 66 94 79 67
59 67 54 45 36
59 68 107 91 75
59 69 18 14 11
59 70 75 63 53
59 71 30 23 19
59 72 72 58 51
59 73 83 65 56
59 74 27 22 18
59 75 31 26 23
59 76 82 72 60
59 77 80 68 60
59 78 56 50 39
59 79 96 85 70
59 80 88 69 60
59 81 100 88 67
59 82 43 37 32
59 83 64 57 48
59 84 99 87 78
59 85 52 40 33
59 86 33 25 22
59 87 68 59 52
59 88 102 82 73
59 89 52 43 38
59 90 61 48 42
59 91 35 30 26
59 92 61 48 38
59 93 72 56 44
59 94 108 87 72
59 95 34 27 22
59 96 89 71 59
59 97 54 46 36
59 98 79 67 60
59 99 74 63 52
60 61 85 67 60
60 62 72 57 50
60 63 60 53 44
60 64 64 56 47
60 65 56 44 37
60 66 73 58 46
60 67 81 73 63
60 68 75 62 51
60 69 34 28 23
60 70 82 63 51
60 71 16 13 10
60 72 51 43 33
60 73 43 38 29
60 74 61 50 41
60 75 60 52 46
60 76 46 39 34
60 77 62 50 42
60 78 46 39 32
60 79 60 52 44
60 80 53 41 35
60 81 91 74 67
60 82 84 65 50
60 83 70 54 43
60 84 76 59 53
60 85 82 64 52
60 86 60 48 39
60 87 43 33 26
60 88 72 59 46
60 89 83 71 62
60 90 98 87 68
60 91 76 64 51
60 92 80 70 58
60 93 92 83 70
60 94 65 55 46
60 95 40 31 25
60 96 63 56 49
60 97 63 54 44
60 98 100 79 66
60 99 100 78 60
61 62 155 126 106
61 63 141 124 95
61 64 119 93 79
61 65 104 82 72
61 66 70 56 44
61 67 122 107 88
61 68 90 78 61
61 69 87 68 55
61 70 20 17 13
61 71 72 64 56
61 72 116 101 91
61 73 109 89 72
61 74 118 97 82
61 75 115 103 86
61 76 116 95 75
61 77 49 41 34
61 78 47 37 29
61 79 100 78 68
61 80 112 91 78
61 81 20 16 13
61 82 69 57 50
61 83 27 21 18
61 84 109 85 66
61 85 76 58 51
61 86 66 59 49
61 87 85 66 57
61 88 112 96 75
61 89 107 87 68
61 90 140 112 87
61 91 87 78 66
61 92 73 65 54
61 93 150 116 92
61 94 118 93 72
61 95 63 48 43
61 96 173 135 108
61 97 126 111 99
61 98 40 35 27
61 99 45 35 29
62 63 25 20 17
62 64 104 92 82
62 65 117 90 74
62 66 126 113 94
62 67 90 73 57
62 68 145 120 95
62 69 86 69 53
62 70 145 113 95
62 71 70 61 51
62 72 64 50 41
62 73 92 82 64
62 74 50 40 35
62 75 51 41 35
62 76 104 82 67
62 77 126 112 91
62 78 112 92 78
62 79 126 105 85
62 80 100 79 65
62 81 154 127 110
62 82 104 85 75
62 83 140 115 89
62 84 135 107 95
62 85 116 96 76
62 86 100 85 66
62 87 106 93 71
62 88 121 93 83
62 89 115 94 75
62 90 108 83 66
62 91 89 80 63
62 92 113 102 80
62 93 86 71 64
62 94 131 105 84
62 95 89 73 64
62 96 45 35 31
62 97 15 12 10
62 98 159 123 104
62 99 137 107 96
63 64 115 102 84
63 65 107 89 75
63 66 127 105 89
63 67 57 49 41
63 68 141 119 93
63 69 64 51 41
63 70 126 106 83
63 71 61 53 42
63 72 73 59 47
63 73 105 82 65
63 74 27 24 18
63 75 28 23 19
63 76 98 78 69
63 77 128 103 85
63 78 89 78 67
63 79 125 101 84
63 80 110 86 67
63 81 141 123 97
63 82 93 72 60
63 83 108 94 78
63 84 124 108 94
63 85 84 68 60
63 86 83 64 52
63 87 90 78 68
63 88 105 94 84
63 89 95 75 58
63 90 74 60 50
63 91 65 53 47
63 92 95 80 64
63 93 77 63 48
63 94 118 94 85
63 95 79 61 52
63 96 63 56 44
63 97 12 10 8
63 98 134 114 90
63 99 111 100 82
64 65 16 13 10
64 66 60 49 38
64 67 149 134 109
64 68 36 29 24
64 69 104 82 69
64 70 112 97 76
64 71 84 70 56
64 72 67 52 42
64 73 30 25 19
64 74 125 104 86
64 75 132 116 91
64 76 24 18 15
64 77 65 53 46
64 78 83 73 61
64 79 17 15 12
64 80 24 21 17
64 81 128 103 90
64 82 125 113 93
64 83 96 82 67
64 84 31 24 21
64 85 148 119 94
64 86 116 93 82
64 87 37 29 26
64 88 8 6 5
64 89 167 135 107
64 90 157 142 115
64 91 147 117 97
64 92 154 129 100
64 93 173 151 117
64 94 13 10 8
64 95 95 77 66
64 96 80 69 61
64 97 100 89 80
64 98 138 107 97
64 99 144 115 93
65 66 51 39 34
65 67 140 123 100
65 68 36 31 25
65 69 86 74 59
65 70 89 77 68
65 71 60 54 46
65 72 52 45 36
65 73 14 12 10
65 74 105 95 76
65 75 125 100 81
65 76 13 10 8
65 77 55 48 40
65 78 79 61 52
65 79 19 16 12
65 80 16 13 11
65 81 114 102 83
65 82 121 97 83
65 83 95 77 59
65 84 34 28 23
65 85 116 94 85
65 86 98 82 72
65 87 28 21 17
65 88 15 13 10
65 89 138 118 97
65 90 161 129 105
65 91 132 102 87
65 92 138 111 91
65 93 148 131 107
65 94 17 13 11
65 95 79 68 56
65 96 73 65 56
65 97 100 84 72
65 98 111 100 89
65 99 134 106 84
66 67 142 126 101
66 68 25 20 17
66 69 87 68 58
66 70 61 52 44
66 71 72 55 49
66 72 86 74 64
66 73 53 44 39
66 74 136 106 84
66 75 129 102 89
66 76 60 49 39
66 77 16 13 11
66 78 48 40 36
66 79 40 31 26
66 80 69 54 43
66 81 79 68 56
66 82 97 85 73
66 83 53 46 37
66 84 33 29 23
66 85 109 89 74
66 86 97 74 65
66 87 38 32 25
66 88 46 40 33
66 89 136 107 90
66 90 138 121 104
66 91 121 96 83
66 92 119 103 79
66 93 147 124 107
66 94 39 35 31
66 95 66 58 49
66 96 113 98 84
66 97 127 100 89
66 98 111 86 66
66 99 89 77 64
67 68 167 138 111
67 69 59 51 44
67 70 118 98 76
67 71 80 65 55
67 72 123 99 82
67 73 149 116 91
67 74 38 30 27
67 75 39 30 23
67 76 130 106 95
67 77 141 111 93
67 78 104 84 68
67 79 148 127 106
67 80 149 121 95
67 81 107 94 85
67 82 68 52 40
67 83 103 87 75
67 84 150 129 114
67 85 53 47 39
67 86 64 52 40
67 87 117 101 87
67 88 184 141 109
67 89 38 31 26
67 90 14 11 9
67 91 34 29 22
67 92 61 51 39
67 93 13 10 8
67 94 163 135 108
67 95 73 61 52
67 96 120 107 83
67 97 70 56 49
67 98 118 91 72
67 99 84 74 65
68 69 103 85 68
68 70 92 73 61
68 71 89 69 57
68 72 87 68 60
68 73 48 39 33
68 74 129 107 91
68 75 150 123 96
68 76 46 39 32
68 77 38 33 28
68 78 71 59 51
68 79 21 16 14
68 80 60 46 35
68 81 109 91 72
68 82 128 103 86
68 83 82 65 53
68 84 9 8 6
68 85 122 102 88
68 86 123 101 78
68 87 36 30 25
68 88 29 23 20
68 89 165 132 103
68 90 161 129 115
68 91 123 109 95
68 92 138 112 94
68 93 174 151 118
68 94 25 20 17
68 95 93 77 61
68 96 110 92 80
68 97 139 107 92
68 98 132 103 83
68 99 133 103 80
69 70 65 53 43
69 71 22 17 14
69 72 79 61 52
69 73 80 65 52
69 74 44 34 28
69 75 48 38 33
69 76 79 66 56
69 77 75 58 51
69 78 41 31 28
69 79 99 79 64
69 80 78 68 57
69 81 76 67 57
69 82 43 36 29
69 83 64 50 38
69 84 103 91 71
69 85 44 36 30
69 86 25 20 17
69 87 67 55 45
69 88 87 76 67
69 89 53 43 39
69 90 75 60 48
69 91 46 37 29
69 92 54 45 36
69 93 83 64 50
69 94 85 75 66
69 95 21 16 12
69 96 93 79 64
69 97 64 55 45
69 98 77 66 52
69 99 66 54 44
70 71 69 53 46
70 72 121 106 82
70 73 102 82 67
70 74 114 88 70
70 75 109 93 74
70 76 100 78 70
70 77 47 41 34
70 78 27 24 19
70 79 104 82 66
70 80 112 89 73
70 81 24 19 16
70 82 54 43 38
70 83 15 12 10
70 84 99 85 66
70 85 56 45 40
70 86 50 43 37
70 87 74 65 52
70 88 93 83 72
70 89 90 69 57
70 90 94 85 75
70 91 70 63 54
70 92 64 51 43
70 93 123 102 80
70 94 103 83 70
70 95 52 41 32
70 96 156 126 99
70 97 130 103 87
70 98 34 29 22
70 99 27 24 21
71 72 61 48 41
71 73 64 50 39
71 74 52 41 35
71 75 58 46 40
71 76 62 51 43
71 77 60 51 44
71 78 42 37 28
71 79 72 60 52
71 80 67 57 44
71 81 94 72 61
71 82 62 53 41
71 83 55 44 39
71 84 84 72 60
71 85 57 49 42
71 86 39 33 29
71 87 42 37 33
71 88 83 71 55
71 89 81 67 52
71 90 84 68 60
71 91 63 51 42
71 92 65 55 48
71 93 84 75 62
71 94 91 70 54
71 95 27 22 17
71 96 74 62 55
71 97 60 51 44
71 98 88 68 59
71 99 70 58 52
72 73 40 32 27
72 74 82 70 56
72 75 91 71 60
72 76 44 35 29
72 77 94 84 65
72 78 92 78 63
72 79 77 63 48
72 80 41 34 26
72 81 154 122 98
72 82 118 102 80
72 83 112 90 74
72 84 86 75 59
72 85 126 98 82
72 86 96 77 69
72 87 62 52 40
72 88 73 57 44
72 89 127 103 89
72 90 118 100 89
72 91 108 93 77
72 92 123 98 87
72 93 120 105 89
72 94 60 53 46
72 95 89 69 57
72 96 28 25 21
72 97 58 47 42
72 98 143 115 98
72 99 143 112 92
73 74 97 85 67
73 75 100 90 72
73 76 9 7 5
73 77 60 52 42
73 78 71 60 50
73 79 33 26 21
73 80 11 9 7
73 81 119 94 82
73 82 125 97 77
73 83 75 65 58
73 84 43 36 32
73 85 129 102 79
73 86 102 85 66
73 87 22 19 16
73 88 29 25 20
73 89 130 114 90
73 90 129 110 97
73 91 104 90 80
73 92 136 105 85
73 93 138 120 98
73 94 31 24 20
73 95 73 62 51
73 96 67 55 47
73 97 92 74 62
73 98 113 102 86
73 99 121 99 81
74 75 11 8 6
74 76 106 85 71
74 77 112 99 77
74 78 81 68 56
74 79 122 98 84
74 80 112 91 71
74 81 122 97 83
74 82 60 51 43
74 83 104 84 66
74 84 146 121 93
74 85 65 53 43
74 86 53 46 35
74 87 92 82 66
74 88 124 105 86
74 89 55 47 40
74 90 51 41 34
74 91 40 35 29
74 92 69 55 46
74 93 53 41 34
74 94 121 103 86
74 95 61 51 40
74 96 80 69 58
74 97 40 31 26
74 98 116 94 74
74 99 92 77 66
75 76 111 93 76
75 77 118 92 82
75 78 95 79 61
75 79 131 111 89
75 80 112 93 76
75 81 123 97 86
75 82 67 51 45
75 83 97 84 70
75 84 153 124 98
75 85 66 56 45
75 86 58 51 39
75 87 97 79 71
75 88 133 104 91
75 89 59 50 40
75 90 46 38 32
75 91 49 39 30
75 92 72 59 48
75 93 45 39 31
75 94 138 116 91
75 95 61 52 44
75 96 91 74 61
75 97 42 35 27
75 98 125 98 77
75 99 95 77 69
76 77 67 53 44
76 78 77 68 53
76 79 29 24 19
76 80 6 5 4
76 81 128 107 85
76 82 129 104 82
76 83 85 70 61
76 84 45 39 30
76 85 116 97 83
76 86 115 90 71
76 87 28 22 19
76 88 24 20 17
76 89 147 121 95
76 90 157 121 101
76 91 131 109 84
76 92 139 113 89
76 93 139 122 103
76 94 25 22 18
76 95 71 61 55
76 96 64 55 48
76 97 92 80 66
76 98 133 114 90
76 99 114 95 85
77 78 37 33 26
77 79 49 41 35
77 80 74 63 48
77 81 64 53 45
77 82 93 80 63
77 83 39 30 26
77 84 55 43 33
77 85 93 82 64
77 86 75 63 56
77 87 39 31 27
77 88 67 52 42
77 89 123 94 81
77 90 135 111 95
77 91 97 87 74
77 92 109 90 69
77 93 127 114 99
77 94 60 47 39
77 95 59 52 41
77 96 125 103 85
77 97 116 98 86
77 98 80 70 55
77 99 78 69 53
78 79 72 65 52
78 80 75 67 56
78 81 53 45 35
78 82 57 44 37
78 83 19 14 12
78 84 85 66 55
78 85 57 44 39
78 86 43 36 30
78 87 59 46 36
78 88 87 67 58
78 89 80 69 55
78 90 104 81 70
78 91 72 59 48
78 92 67 57 44
78 93 106 94 74
78 94 87 70 56
78 95 25 22 17
78 96 115 100 80
78 97 97 83 70
78 98 54 48 37
78 99 54 42 33
79 80 32 25 22
79 81 120 102 79
79 82 134 110 86
79 83 82 71 57
79 84 19 16 12
79 85 138 108 88
79 86 118 99 76
79 87 28 24 20
79 88 12 10 8
79 89 157 133 102
79 90 169 131 111
79 91 132 105 92
79 92 144 122 94
79 93 159 135 113
79 94 8 7 5
79 95 88 69 60
79 96 91 82 67
79 97 102 92 82
79 98 108 97 87
79 99 127 105 84
80 81 123 104 88
80 82 122 102 83
80 83 97 84 64
80 84 50 41 33
80 85 131 103 85
80 86 91 81 72
80 87 32 26 22
80 88 28 24 19
80 89 146 115 96
80 90 130 116 101
80 91 130 108 85
80 92 125 107 91
80 93 144 127 103
80 94 31 24 20
80 95 91 71 57
80 96 58 51 45
80 97 100 81 64
80 98 129 116 93
80 99 122 100 88
81 82 67 58 46
81 83 37 29 25
81 84 118 99 78
81 85 67 59 47
81 86 80 62 48
81 87 93 82 67
81 88 112 96 86
81 89 95 81 63
81 90 112 97 83
81 91 91 77 64
81 92 67 56 49
81 93 141 110 88
81 94 134 104 84
81 95 68 61 47
81 96 184 146 115
81 97 149 121 102
81 98 29 22 17
81 99 33 29 22
82 83 57 47 40
82 84 132 116 91
82 85 4 3 2
82 86 16 14 12
82 87 111 87 67
82 88 123 104 90
82 89 26 23 19
82 90 56 43 38
82 91 29 22 18
82 92 12 10 8
82 93 61 51 43
82 94 117 103 89
82 95 41 33 27
82 96 130 118 91
82 97 93 80 66
82 98 54 42 33
82 99 41 31 26
83 84 78 69 58
83 85 62 51 42
83 86 47 42 36
83 87 61 48 43
83 88 85 71 64
83 89 85 73 58
83 90 101 83 75
83 91 87 69 54
83 92 59 51 46
83 93 126 99 80
83 94 89 70 61
83 95 39 32 27
83 96 144 117 91
83 97 123 103 81
83 98 42 36 31
83 99 45 36 28
84 85 134 120 93
84 86 114 92 82
84 87 39 32 27
84 88 28 22 17
84 89 146 125 107
84 90 165 132 118
84 91 130 114 98
84 92 142 111 98
84 93 181 143 121
84 94 19 16 14
84 95 105 85 65
84 96 129 100 78
84 97 143 116 93
84 98 117 100 88
84 99 109 95 85
85 86 22 18 14
85 87 107 83 69
85 88 146 114 92
85 89 26 22 17
85 90 53 43 36
85 91 25 21 17
85 92 10 8 6
85 93 67 52 41
85 94 131 106 91
85 95 48 37 29
85 96 133 116 92
85 97 99 79 67
85 98 54 43 34
85 99 42 33 27
86 87 92 74 57
86 88 107 92 80
86 89 39 31 26
86 90 52 47 40
86 91 26 22 19
86 92 31 25 19
86 93 62 50 44
86 94 106 89 79
86 95 28 22 17
86 96 114 89 80
86 97 89 71 57
86 98 52 46 39
86 99 44 35 31
87 88 38 29 24
87 89 131 104 83
87 90 146 113 92
87 91 113 88 73
87 92 112 95 75
87 93 133 112 94
87 94 36 29 22
87 95 56 49 41
87 96 85 76 60
87 97 100 85 67
87 98 101 80 72
87 99 105 86 68
88 89 169 134 105
88 90 169 135 114
88 91 154 120 95
88 92 146 112 98
88 93 167 144 116
88 94 6 4 3
88 95 91 75 64
88 96 95 76 63
88 97 109 96 81
88 98 153 123 94
88 99 129 106 90
89 90 31 24 21
89 91 18 15 13
89 92 26 20 15
89 93 36 31 27
89 94 157 136 104
89 95 69 56 43
89 96 128 112 96
89 97 82 74 66
89 98 73 63 48
89 99 58 51 42
90 91 32 27 22
90 92 46 40 35
90 93 9 7 6
90 94 159 139 113
90 95 72 61 55
90 96 135 111 92
90 97 86 70 58
90 98 103 81 69
90 99 91 72 62
91 92 28 22 19
91 93 38 33 26
91 94 137 115 95
91 95 49 38 34
91 96 130 109 84
91 97 79 61 54
91 98 66 59 51
91 99 70 57 44
92 93 60 52 41
92 94 139 112 97
92 95 53 45 35
92 96 160 126 97
92 97 112 88 71
92 98 46 39 34
92 99 47 37 28
93 94 178 143 115
93 95 92 73 58
93 96 134 118 91
93 97 78 66 56
93 98 114 96 74
93 99 105 84 67
94 95 95 81 63
94 96 104 81 65
94 97 116 92 82
94 98 137 118 91
94 99 118 101 88
95 96 105 91 71
95 97 75 63 56
95 98 58 48 43
95 99 47 41 36
96 97 60 47 36
96 98 168 131 113
96 99 159 127 106
97 98 122 109 95
97 99 140 112 87
98 99 13 10 8
9
5
6
5
10
1
9
10
1
10
4
2
10
7
6
4
1
8
6
5
5
5
6
5
10
10
4
8
2
7
6
8
7
2
6
10
9
5
3
1
7
4
10
5
9
9
3
3
6
10
4
9
2
4
10
1
3
3
7
10
9
7
6
8
2
3
6
5
6
10
3
7
2
10
5
10
10
7
10
3
7
10
1
9
7
3
8
2
4
7
5
9
7
4
8
5
3
7
3
8
