100 4950
0 1 44 36 28
0 2 109 85 73
0 3 151 128 108
0 4 109 86 66
0 5 75 65 52
0 6 22 18 14
0 7 112 95 75
0 8 116 92 73
0 9 30 24 20
0 10 143 110 87
0 11 9 7 5
0 12 53 43 38
0 13 49 43 34
0 14 46 36 30
0 15 70 54 42
0 16 108 88 78
0 17 143 116 91
0 18 113 102 87
0 19 8 6 4
0 20 63 53 43
0 21 153 121 95
0 22 25 20 16
0 23 31 26 22
0 24 44 37 31
0 25 66 58 48
0 26 113 96 77
0 27 108 93 82
0 28 78 65 55
0 29 25 22 17
0 30 53 45 39
0 31 103 82 72
0 32 84 75 66
0 33 84 67 55
0 34 32 26 20
0 35 156 122 104
0 36 124 103 82
0 37 70 54 44
0 38 34 26 20
0 39 128 109 96
0 40 113 99 83
0 41 75 67 53
0 42 88 72 56
0 43 87 73 59
0 44 122 100 77
0 45 147 114 89
0 46 74 57 46
0 47 31 26 21
0 48 60 49 38
0 49 171 138 118
0 50 115 102 85
0 51 66 55 43
0 52 127 105 81
0 53 183 158 122
0 54 134 111 97
0 55 181 143 114
0 56 107 95 77
0 57 113 102 86
0 58 8 6 5
0 59 133 107 91
0 60 84 74 60
0 61 119 106 85
0 62 56 46 40
0 63 127 98 87
0 64 47 38 32
0 65 103 91 70
0 66 91 82 63
0 67 116 94 77
0 68 136 116 89
0 69 90 73 56
0 70 139 122 102
0 71 76 64 55
0 72 20 17 14
0 73 106 90 71
0 74 123 111 90
0 75 63 50 44
0 76 91 78 61
0 77 54 47 42
0 78 100 85 72
0 79 101 87 71
0 80 105 83 67
0 81 53 42 33
0 82 22 19 15
0 83 114 98 77
0 84 61 51 40
0 85 129 107 87
0 86 143 122 99
0 87 24 19 15
0 88 130 106 90
0 89 52 43 36
0 90 98 81 68
0 91 107 94 75
0 92 102 80 70
0 93 80 63 56
0 94 74 64 51
0 95 133 115 93
0 96 42 36 28
0 97 69 62 55
0 98 27 23 18
0 99 104 80 68
1 2 73 58 46
1 3 152 123 101
1 4 81 64 58
1 5 59 46 39
1 6 24 18 15
1 7 69 53 48
1 8 63 52 46
1 9 55 42 35
1 10 106 81 65
1 11 49 41 32
1 12 15 13 11
1 13 43 33 26
1 14 33 28 22
1 15 58 47 38
1 16 113 91 79
1 17 83 75 65
1 18 114 95 85
1 19 38 33 26
1 20 69 55 46
1 21 122 101 87
1 22 43 36 29
1 23 10 8 7
1 24 6 5 4
1 25 99 80 63
1 26 121 96 75
1 27 85 68 56
1 28 66 53 45
1 29 29 24 21
1 30 61 47 39
1 31 77 60 48
1 32 64 49 38
1 33 49 40 32
1 34 41 35 29
1 35 146 119 94
1 36 81 70 61
1 37 88 70 61
1 38 15 13 10
1 39 110 90 72
1 40 103 86 74
1 41 42 37 28
1 42 46 37 32
1 43 71 55 43
1 44 95 75 63
1 45 84 71 63
1 46 31 25 19
1 47 38 31 26
1 48 56 46 38
1 49 178 137 107
1 50 84 67 58
1 51 48 39 30
1 52 103 87 72
1 53 161 132 110
1 54 121 107 87
1 55 153 132 101
1 56 118 103 85
1 57 121 108 88
1 58 39 33 28
1 59 99 82 70
1 60 72 60 53
1 61 103 84 66
1 62 22 17 13
1 63 97 81 67
1 64 53 41 32
1 65 97 78 64
1 66 67 55 44
1 67 75 63 52
1 68 97 81 68
1 69 87 76 60
1 70 123 95 84
1 71 56 45 37
1 72 44 35 27
1 73 106 82 67
1 74 113 95 77
1 75 28 24 21
1 76 103 80 63
1 77 23 19 16
1 78 120 98 79
1 79 127 99 85
1 80 64 51 42
1 81 77 64 51
1 82 49 43 34
1 83 112 91 75
1 84 80 69 56
1 85 100 89 78
1 86 115 101 89
1 87 54 44 36
1 88 124 104 83
1 89 27 24 19
1 90 96 85 72
1 91 121 99 82
1 92 104 87 71
1 93 52 44 37
1 94 53 46 41
1 95 123 101 84
1 96 11 8 7
1 97 41 36 32
1 98 19 16 13
1 99 66 53 44
2 3 143 113 92
2 4 89 72 60
2 5 61 54 45
2 6 77 67 60
2 7 4 3 2
2 8 12 9 7
2 9 107 94 73
2 10 48 43 33
2 11 129 99 77
2 12 57 45 38
2 13 76 62 51
2 14 87 67 52
2 15 78 68 58
2 16 141 115 89
2 17 30 26 20
2 18 131 115 90
2 19 94 81 71
2 20 105 89 69
2 21 112 96 80
2 22 92 77 69
2 23 74 63 52
2 24 67 57 45
2 25 157 122 94
2 26 111 99 81
2 27 24 19 15
2 28 76 64 52
2 29 108 83 66
2 30 86 77 62
2 31 23 18 14
2 32 21 16 13
2 33 32 29 26
2 34 93 83 66
2 35 117 92 81
2 36 50 39 33
2 37 146 118 93
2 38 72 64 54
2 39 54 42 32
2 40 107 89 69
2 41 31 25 21
2 42 31 27 22
2 43 54 45 40
2 44 67 58 51
2 45 30 23 17
2 46 44 36 28
2 47 90 79 63
2 48 102 78 63
2 49 151 116 92
2 50 19 16 13
2 51 58 50 45
2 52 103 85 67
2 53 143 113 92
2 54 101 89 76
2 55 129 105 82
2 56 141 113 102
2 57 152 121 97
2 58 96 83 73
2 59 62 50 40
2 60 88 68 58
2 61 61 47 40
2 62 47 39 34
2 63 64 51 39
2 64 98 76 60
2 65 101 83 67
2 66 51 42 33
2 67 26 20 15
2 68 50 43 39
2 69 114 101 79
2 70 78 64 58
2 71 56 43 34
2 72 117 95 73
2 73 109 90 72
2 74 101 81 63
2 75 46 37 32
2 76 102 87 78
2 77 58 45 38
2 78 131 111 97
2 79 156 136 112
2 80 21 18 15
2 81 138 109 87
2 82 118 92 75
2 83 124 99 82
2 84 119 101 90
2 85 105 82 70
2 86 110 93 77
2 87 123 95 77
2 88 124 98 77
2 89 66 52 42
2 90 127 107 88
2 91 133 115 98
2 92 116 96 82
2 93 51 44 34
2 94 68 59 50
2 95 102 91 76
2 96 78 61 49
2 97 40 34 26
2 98 84 67 59
2 99 30 26 20
3 4 61 49 44
3 5 88 73 62
3 6 159 124 102
3 7 119 103 91
3 8 137 110 99
3 9 131 103 92
3 10 93 77 63
3 11 160 125 108
3 12 142 116 103
3 13 121 98 77
3 14 104 92 82
3 15 98 78 67
3 16 57 44 39
3 17 137 112 87
3 18 46 37 29
3 19 148 125 110
3 20 90 75 67
3 21 24 20 15
3 22 135 115 93
3 23 150 128 103
3 24 158 133 103
3 25 111 93 80
3 26 45 38 34
3 27 121 102 81
3 28 77 67 56
3 29 188 147 116
3 30 92 83 70
3 31 119 93 78
3 32 143 124 100
3 33 112 87 77
3 34 123 100 89
3 35 18 15 12
3 36 93 73 61
3 37 123 110 84
3 38 126 109 98
3 39 106 82 73
3 40 37 31 27
3 41 132 110 86
3 42 103 92 80
3 43 81 69 60
3 44 65 54 42
3 45 130 112 92
3 46 146 113 95
3 47 123 99 88
3 48 99 83 71
3 49 23 19 15
3 50 143 119 99
3 51 97 87 72
3 52 43 36 30
3 53 29 25 21
3 54 27 21 17
3 55 28 25 22
3 56 83 68 56
3 57 54 48 38
3 58 152 124 112
3 59 81 67 58
3 60 64 57 49
3 61 76 65 53
3 62 147 115 96
3 63 85 67 56
3 64 103 90 77
3 65 55 47 39
3 66 89 79 63
3 67 113 98 78
3 68 78 68 57
3 69 74 65 57
3 70 65 58 44
3 71 105 88 68
3 72 173 152 119
3 73 60 48 39
3 74 43 35 30
3 75 128 108 84
3 76 70 57 51
3 77 162 136 108
3 78 82 70 55
3 79 111 93 78
3 80 100 89 79
3 81 142 111 90
3 82 143 111 97
3 83 49 41 35
3 84 104 94 84
3 85 39 30 24
3 86 23 20 16
3 87 137 121 98
3 88 29 23 19
3 89 113 97 82
3 90 70 60 51
3 91 74 59 53
3 92 60 52 44
3 93 89 80 68
3 94 89 73 61
3 95 28 23 18
3 96 158 139 107
3 97 106 87 76
3 98 149 128 108
3 99 110 91 73
4 5 31 25 20
4 6 85 70 59
4 7 89 78 60
4 8 97 79 66
4 9 72 64 51
4 10 58 50 44
4 11 94 82 66
4 12 81 68 61
4 13 49 39 34
4 14 64 51 39
4 15 36 30 24
4 16 40 33 29
4 17 91 78 64
4 18 48 37 31
4 19 92 79 67
4 20 44 34 28
4 21 41 34 30
4 22 81 67 51
4 23 82 70 60
4 24 85 75 60
4 25 81 65 50
4 26 31 27 21
4 27 72 61 55
4 28 20 16 13
4 29 100 90 73
4 30 42 37 28
4 31 62 55 48
4 32 88 77 65
4 33 57 48 38
4 34 62 52 46
4 35 60 49 38
4 36 54 44 39
4 37 76 63 52
4 38 77 68 54
4 39 90 71 57
4 40 26 22 17
4 41 69 55 48
4 42 72 55 42
4 43 31 26 21
4 44 28 24 18
4 45 106 83 67
4 46 83 66 54
4 47 68 54 45
4 48 43 34 29
4 49 69 60 53
4 50 94 80 71
4 51 40 32 29
4 52 26 20 15
4 53 76 63 56
4 54 45 37 32
4 55 71 55 49
4 56 62 54 45
4 57 52 44 37
4 58 100 84 70
4 59 66 56 43
4 60 9 7 6
4 61 50 42 35
4 62 89 70 54
4 63 54 47 39
4 64 56 44 34
4 65 13 11 8
4 66 38 31 27
4 67 77 61 50
4 68 61 47 41
4 69 39 33 27
4 70 61 54 44
4 71 44 36 28
4 72 96 86 75
4 73 21 16 13
4 74 41 31 27
4 75 63 52 42
4 76 34 29 22
4 77 97 82 66
4 78 56 46 39
4 79 88 78 60
4 80 60 54 45
4 81 71 63 53
4 82 88 71 56
4 83 37 29 22
4 84 73 59 50
4 85 30 25 22
4 86 51 39 34
4 87 82 71 57
4 88 38 32 26
4 89 62 50 39
4 90 48 39 31
4 91 56 46 40
4 92 37 31 24
4 93 38 32 29
4 94 24 19 17
4 95 39 34 28
4 96 95 82 64
4 97 52 46 38
4 98 96 79 65
4 99 57 51 41
5 6 56 49 43
5 7 67 53 45
5 8 79 63 49
5 9 56 50 41
5 10 56 46 39
5 11 80 68 54
5 12 57 49 41
5 13 28 23 19
5 14 35 27 23
5 15 26 21 17
5 16 74 59 46
5 17 79 63 54
5 18 75 62 50
5 19 84 66 53
5 20 38 32 27
5 21 65 58 48
5 22 59 51 40
5 23 62 49 42
5 24 62 53 41
5 25 73 59 52
5 26 58 49 40
5 27 64 49 43
5 28 12 9 8
5 29 75 65 56
5 30 31 27 22
5 31 51 44 35
5 32 65 55 47
5 33 29 26 20
5 34 51 44 35
5 35 88 68 55
5 36 44 39 34
5 37 78 62 53
5 38 51 43 37
5 39 86 67 51
5 40 53 46 35
5 41 42 36 29
5 42 38 30 24
5 43 13 10 8
5 44 39 31 25
5 45 79 63 55
5 46 51 40 35
5 47 44 39 33
5 48 31 25 22
5 49 91 77 69
5 50 80 64 57
5 51 16 14 11
5 52 51 41 33
5 53 113 87 71
5 54 72 56 48
5 55 89 77 63
5 56 77 68 58
5 57 79 69 55
5 58 85 67 55
5 59 61 49 42
5 60 24 20 16
5 61 53 44 35
5 62 45 40 35
5 63 53 42 37
5 64 33 29 24
5 65 39 35 27
5 66 23 19 15
5 67 60 49 38
5 68 58 50 39
5 69 55 43 35
5 70 74 59 50
5 71 17 14 11
5 72 87 70 60
5 73 46 41 31
5 74 51 45 39
5 75 33 27 23
5 76 51 41 33
5 77 68 53 47
5 78 76 60 52
5 79 98 81 68
5 80 52 40 31
5 81 68 61 50
5 82 68 54 46
5 83 66 51 40
5 84 69 61 50
5 85 55 46 39
5 86 67 57 50
5 87 70 56 48
5 88 65 53 44
5 89 32 25 21
5 90 61 54 44
5 91 79 70 54
5 92 51 45 39
5 93 21 16 12
5 94 11 8 6
5 95 73 57 45
5 96 74 60 46
5 97 28 25 20
5 98 72 55 48
5 99 44 34 28
6 7 89 70 61
6 8 94 75 59
6 9 36 27 23
6 10 115 88 75
6 11 27 24 18
6 12 34 28 25
6 13 36 30 26
6 14 31 24 21
6 15 51 41 36
6 16 104 89 76
6 17 105 95 77
6 18 125 104 83
6 19 19 15 12
6 20 58 52 40
6 21 120 102 88
6 22 26 22 18
6 23 14 11 9
6 24 25 22 17
6 25 73 63 53
6 26 102 87 73
6 27 103 80 69
6 28 58 52 47
6 29 22 19 15
6 30 56 45 35
6 31 97 75 59
6 32 86 66 52
6 33 55 48 42
6 34 24 21 19
6 35 151 121 96
6 36 93 82 70
6 37 68 56 50
6 38 12 10 7
6 39 126 101 83
6 40 100 88 76
6 41 66 52 40
6 42 66 51 43
6 43 75 59 49
6 44 102 85 68
6 45 101 90 76
6 46 49 39 33
6 47 24 20 17
6 48 45 40 34
6 49 174 141 110
6 50 113 89 72
6 51 49 41 33
6 52 109 95 74
6 53 186 143 114
6 54 118 102 90
6 55 155 124 105
6 56 111 94 78
6 57 128 108 84
6 58 20 18 15
6 59 134 103 79
6 60 86 70 54
6 61 117 90 74
6 62 38 32 26
6 63 108 94 76
6 64 38 33 27
6 65 88 74 64
6 66 83 65 52
6 67 87 72 64
6 68 110 98 77
6 69 79 64 55
6 70 138 107 92
6 71 61 49 44
6 72 25 21 17
6 73 97 83 66
6 74 111 92 82
6 75 43 35 31
6 76 82 68 59
6 77 47 38 29
6 78 112 89 73
6 79 110 90 76
6 80 91 70 54
6 81 53 43 39
6 82 35 27 21
6 83 99 88 73
6 84 64 55 46
6 85 110 97 80
6 86 135 104 92
6 87 34 27 22
6 88 122 103 84
6 89 39 30 24
6 90 94 76 67
6 91 129 99 76
6 92 92 82 67
6 93 66 55 44
6 94 65 56 43
6 95 109 97 86
6 96 25 20 16
6 97 65 51 42
6 98 13 11 8
6 99 80 67 55
7 8 11 9 8
7 9 107 90 74
7 10 43 38 32
7 11 124 97 78
7 12 58 45 39
7 13 80 62 52
7 14 90 69 53
7 15 83 66 59
7 16 110 99 89
7 17 26 22 18
7 18 141 117 90
7 19 102 84 72
7 20 93 84 70
7 21 126 103 80
7 22 112 88 70
7 23 76 68 54
7 24 70 57 46
7 25 143 117 95
7 26 117 104 81
7 27 22 17 14
7 28 80 62 52
7 29 106 87 67
7 30 88 79 63
7 31 21 17 14
7 32 20 16 14
7 33 37 32 26
7 34 99 83 67
7 35 105 91 81
7 36 45 37 32
7 37 135 114 94
7 38 79 71 55
7 39 48 40 31
7 40 92 79 69
7 41 34 26 22
7 42 33 28 23
7 43 62 48 41
7 44 75 59 51
7 45 20 18 15
7 46 42 32 29
7 47 106 83 64
7 48 87 78 64
7 49 127 110 91
7 50 20 15 12
7 51 66 53 46
7 52 85 76 67
7 53 122 103 91
7 54 107 85 75
7 55 118 98 82
7 56 144 118 103
7 57 122 108 97
7 58 99 85 75
7 59 58 50 39
7 60 81 67 58
7 61 53 45 40
7 62 53 43 35
7 63 59 49 38
7 64 84 74 61
7 65 104 81 67
7 66 46 41 33
7 67 23 18 15
7 68 56 43 38
7 69 124 101 80
7 70 87 72 57
7 71 51 42 34
7 72 105 92 74
7 73 98 84 72
7 74 97 76 62
7 75 49 40 33
7 76 113 100 78
7 77 56 45 39
7 78 149 123 97
7 79 166 131 113
7 80 22 19 15
7 81 127 100 88
7 82 102 90 77
7 83 120 95 82
7 84 121 102 90
7 85 106 89 70
7 86 103 91 76
7 87 103 89 78
7 88 103 89 77
7 89 57 49 43
7 90 140 108 88
7 91 141 117 99
7 92 111 94 82
7 93 46 39 34
7 94 74 57 50
7 95 108 95 75
7 96 67 56 50
7 97 40 31 26
7 98 89 69 60
7 99 32 26 20
8 9 122 96 75
8 10 59 46 40
8 11 119 100 77
8 12 52 46 36
8 13 91 70 54
8 14 91 71 54
8 15 96 78 62
8 16 134 112 94
8 17 33 29 24
8 18 126 107 96
8 19 103 92 71
8 20 105 86 73
8 21 141 110 87
8 22 104 86 70
8 23 78 67 52
8 24 65 54 44
8 25 135 115 97
8 26 133 104 86
8 27 33 29 22
8 28 78 68 57
8 29 101 83 64
8 30 96 81 66
8 31 29 24 21
8 32 13 10 8
8 33 45 38 30
8 34 92 80 68
8 35 141 114 88
8 36 55 48 39
8 37 160 125 96
8 38 72 62 54
8 39 55 49 38
8 40 106 90 75
8 41 35 29 23
8 42 36 31 26
8 43 61 55 46
8 44 79 64 57
8 45 28 24 20
8 46 41 33 27
8 47 87 74 64
8 48 90 78 66
8 49 140 115 99
8 50 20 15 13
8 51 65 57 48
8 52 103 91 73
8 53 135 122 99
8 54 120 105 82
8 55 122 101 89
8 56 157 132 107
8 57 144 120 102
8 58 112 92 73
8 59 68 53 46
8 60 86 71 63
8 61 63 54 47
8 62 47 38 34
8 63 68 52 46
8 64 102 79 63
8 65 113 88 73
8 66 53 44 39
8 67 34 28 22
8 68 62 53 46
8 69 117 105 84
8 70 89 71 64
8 71 56 46 39
8 72 95 82 71
8 73 131 101 78
8 74 107 89 69
8 75 50 40 34
8 76 124 98 82
8 77 52 42 35
8 78 149 121 101
8 79 165 137 116
8 80 29 24 21
8 81 131 116 89
8 82 97 86 76
8 83 124 99 87
8 84 138 118 92
8 85 102 90 77
8 86 125 99 83
8 87 120 101 78
8 88 121 106 83
8 89 71 57 44
8 90 129 107 93
8 91 164 129 103
8 92 128 102 87
8 93 56 49 38
8 94 71 61 54
8 95 134 103 82
8 96 76 59 47
8 97 44 36 30
8 98 83 70 58
8 99 37 33 26
9 10 104 90 79
9 11 24 21 18
9 12 58 50 45
9 13 33 28 25
9 14 37 29 23
9 15 36 31 27
9 16 77 69 59
9 17 141 113 88
9 18 93 81 68
9 19 29 26 22
9 20 35 29 25
9 21 105 89 78
9 22 11 8 6
9 23 45 39 31
9 24 65 50 38
9 25 43 35 30
9 26 81 68 60
9 27 122 96 79
9 28 54 48 42
9 29 48 41 34
9 30 33 26 23
9 31 98 77 69
9 32 97 86 69
9 33 77 63 50
9 34 12 10 8
9 35 123 105 88
9 36 101 87 74
9 37 38 34 27
9 38 38 32 25
9 39 127 114 90
9 40 97 85 67
9 41 80 64 53
9 42 74 63 53
9 43 68 57 49
9 44 89 75 64
9 45 112 101 88
9 46 74 62 49
9 47 16 13 11
9 48 36 27 22
9 49 129 116 102
9 50 130 101 86
9 51 43 37 33
9 52 94 74 65
9 53 148 124 106
9 54 129 100 82
9 55 152 122 99
9 56 78 68 58
9 57 105 86 67
9 58 36 30 24
9 59 119 97 82
9 60 65 57 46
9 61 99 85 76
9 62 64 56 43
9 63 103 92 78
9 64 29 22 18
9 65 78 67 53
9 66 86 72 55
9 67 110 94 73
9 68 121 93 80
9 69 57 48 38
9 70 138 115 91
9 71 78 62 48
9 72 47 38 33
9 73 83 69 53
9 74 116 91 77
9 75 57 51 42
9 76 61 53 43
9 77 67 58 50
9 78 79 65 53
9 79 68 60 53
9 80 96 78 64
9 81 20 18 16
9 82 9 7 6
9 83 77 66 59
9 84 31 27 23
9 85 117 90 72
9 86 126 104 84
9 87 12 10 7
9 88 109 96 74
9 89 46 37 32
9 90 73 56 49
9 91 76 67 56
9 92 83 66 51
9 93 72 59 48
9 94 55 48 39
9 95 114 91 77
9 96 60 49 38
9 97 77 63 51
9 98 41 35 30
9 99 92 72 63
10 11 139 110 89
10 12 95 77 60
10 13 72 64 55
10 14 80 71 58
10 15 91 71 55
10 16 95 81 71
10 17 39 31 25
10 18 106 82 68
10 19 119 98 86
10 20 84 73 65
10 21 71 61 54
10 22 113 91 77
10 23 101 78 70
10 24 92 74 65
10 25 113 102 90
10 26 88 73 61
10 27 29 25 19
10 28 66 55 43
10 29 125 111 85
10 30 95 74 61
10 31 30 25 21
10 32 59 51 44
10 33 45 39 33
10 34 118 91 73
10 35 71 60 52
10 36 10 8 6
10 37 143 111 91
10 38 96 86 68
10 39 21 16 13
10 40 67 57 45
10 41 56 50 39
10 42 48 40 34
10 43 46 37 32
10 44 40 31 28
10 45 43 37 29
10 46 78 64 50
10 47 116 89 70
10 48 90 70 61
10 49 78 69 61
10 50 51 43 37
10 51 70 56 46
10 52 63 51 44
10 53 88 74 60
10 54 73 61 47
10 55 65 58 51
10 56 124 105 88
10 57 120 96 77
10 58 115 101 88
10 59 10 8 7
10 60 67 53 45
10 61 16 14 11
10 62 80 69 54
10 63 14 11 8
10 64 87 76 62
10 65 68 57 50
10 66 39 32 25
10 67 29 23 18
10 68 12 9 7
10 69 112 90 69
10 70 37 31 25
10 71 48 42 32
10 72 125 106 91
10 73 72 65 55
10 74 51 43 34
10 75 59 50 44
10 76 107 82 65
10 77 94 77 63
10 78 118 93 83
10 79 170 133 103
10 80 36 30 24
10 81 130 103 88
10 82 105 95 83
10 83 87 69 62
10 84 129 114 88
10 85 68 53 45
10 86 67 58 48
10 87 139 107 85
10 88 69 57 51
10 89 74 61 51
10 90 108 91 74
10 91 121 99 83
10 92 101 86 67
10 93 53 41 32
10 94 67 53 43
10 95 75 63 49
10 96 102 85 70
10 97 49 38 33
10 98 102 86 77
10 99 33 26 21
11 12 59 48 42
11 13 49 40 36
11 14 52 40 32
11 15 60 47 42
11 16 116 100 77
11 17 153 121 94
11 18 120 100 86
11 19 13 10 8
11 20 60 52 42
11 21 124 107 95
11 22 24 20 16
11 23 38 32 26
11 24 43 39 35
11 25 67 56 45
11 26 128 99 77
11 27 113 101 85
11 28 92 72 56
11 29 35 27 21
11 30 51 43 39
11 31 118 93 75
11 32 98 84 70
11 33 87 69 57
11 34 27 23 20
11 35 137 120 104
11 36 107 96 84
11 37 57 49 41
11 38 40 31 24
11 39 137 112 98
11 40 122 99 83
11 41 88 68 57
11 42 95 73 59
11 43 95 78 61
11 44 113 89 78
11 45 143 119 93
11 46 75 63 50
11 47 34 28 22
11 48 49 44 38
11 49 165 140 118
11 50 138 109 89
11 51 65 52 44
11 52 104 92 81
11 53 201 156 122
11 54 132 114 98
11 55 166 143 114
11 56 106 93 75
11 57 137 106 84
11 58 13 11 9
11 59 134 108 93
11 60 84 70 61
11 61 137 112 87
11 62 60 53 44
11 63 131 109 89
11 64 47 39 33
11 65 104 82 70
11 66 96 79 65
11 67 109 91 80
11 68 149 116 91
11 69 77 64 55
11 70 159 124 104
11 71 86 70 57
11 72 26 21 17
11 73 101 89 70
11 74 131 101 91
11 75 71 61 47
11 76 96 78 60
11 77 69 60 46
11 78 105 91 70
11 79 97 84 67
11 80 93 83 70
11 81 46 38 29
11 82 19 16 13
11 83 109 90 76
11 84 57 48 37
11 85 116 104 88
11 86 148 123 99
11 87 19 15 12
11 88 117 100 90
11 89 56 47 38
11 90 97 84 67
11 91 104 87 73
11 92 102 81 69
11 93 91 70 58
11 94 80 62 52
11 95 132 116 93
11 96 53 41 33
11 97 75 64 58
11 98 32 26 22
11 99 98 86 71
12 13 48 39 32
12 14 43 37 29
12 15 67 52 44
12 16 121 104 84
12 17 93 73 57
12 18 129 112 90
12 19 53 43 36
12 20 76 65 53
12 21 121 102 89
12 22 64 51 40
12 23 24 21 17
12 24 13 10 8
12 25 99 83 72
12 26 109 96 79
12 27 65 56 49
12 28 82 63 48
12 29 41 33 29
12 30 70 59 46
12 31 61 51 41
12 32 47 38 29
12 33 42 35 29
12 34 63 50 38
12 35 138 108 95
12 36 87 68 57
12 37 112 90 70
12 38 31 26 21
12 39 100 78 66
12 40 107 90 76
12 41 38 29 22
12 42 39 30 27
12 43 69 54 44
12 44 94 72 63
12 45 82 71 54
12 46 17 14 11
12 47 57 46 36
12 48 66 59 46
12 49 156 133 108
12 50 73 56 49
12 51 47 38 33
12 52 115 95 74
12 53 153 126 110
12 54 115 101 88
12 55 136 115 101
12 56 153 118 92
12 57 143 121 93
12 58 52 41 37
12 59 107 83 66
12 60 80 62 56
12 61 104 81 63
12 62 12 9 8
12 63 86 71 63
12 64 58 47 40
12 65 103 80 67
12 66 61 48 43
12 67 66 56 46
12 68 95 82 64
12 69 102 85 67
12 70 126 98 82
12 71 53 46 36
12 72 48 40 35
12 73 106 81 71
12 74 118 92 77
12 75 34 26 20
12 76 92 81 69
12 77 10 8 6
12 78 135 107 86
12 79 144 122 94
12 80 59 47 37
12 81 87 76 61
12 82 67 57 45
12 83 121 96 80
12 84 110 86 66
12 85 134 103 79
12 86 134 115 90
12 87 69 54 46
12 88 118 97 85
12 89 31 26 23
12 90 112 97 79
12 91 127 109 88
12 92 115 99 76
12 93 61 47 36
12 94 58 51 44
12 95 135 105 86
12 96 18 15 12
12 97 36 32 29
12 98 32 27 22
12 99 50 45 40
13 14 9 7 5
13 15 21 16 13
13 16 82 66 54
13 17 103 79 65
13 18 94 78 60
13 19 55 44 34
13 20 33 25 22
13 21 88 73 63
13 22 33 27 22
13 23 43 34 27
13 24 47 36 29
13 25 68 55 44
13 26 71 63 50
13 27 88 69 55
13 28 32 28 22
13 29 59 45 40
13 30 22 17 14
13 31 66 58 45
13 32 65 56 49
13 33 39 32 27
13 34 28 23 18
13 35 99 89 71
13 36 73 57 50
13 37 60 49 43
13 38 31 27 21
13 39 106 85 66
13 40 68 58 51
13 41 40 35 31
13 42 40 33 29
13 43 36 30 26
13 44 54 48 43
13 45 95 83 65
13 46 46 36 31
13 47 22 18 15
13 48 23 18 14
13 49 126 102 85
13 50 95 77 64
13 51 15 12 9
13 52 71 55 48
13 53 128 105 89
13 54 91 79 65
13 55 113 91 81
13 56 84 73 60
13 57 84 75 62
13 58 55 43 37
13 59 88 76 59
13 60 40 33 29
13 61 69 60 52
13 62 35 30 27
13 63 74 63 54
13 64 15 12 9
13 65 65 50 39
13 66 51 39 31
13 67 81 64 49
13 68 84 69 56
13 69 58 46 36
13 70 93 78 68
13 71 36 28 23
13 72 62 49 42
13 73 63 54 42
13 74 78 65 57
13 75 37 28 21
13 76 54 46 37
13 77 54 43 38
13 78 70 60 54
13 79 107 84 64
13 80 59 47 40
13 81 50 44 36
13 82 46 38 29
13 83 79 65 50
13 84 52 47 39
13 85 83 70 55
13 86 107 84 67
13 87 40 35 30
13 88 82 70 59
13 89 17 13 10
13 90 66 53 47
13 91 77 65 57
13 92 68 56 45
13 93 37 29 24
13 94 25 21 18
13 95 102 80 61
13 96 48 38 32
13 97 40 33 27
13 98 50 38 31
13 99 55 47 39
14 15 28 22 17
14 16 75 65 58
14 17 86 75 66
14 18 90 76 65
14 19 47 38 30
14 20 39 32 25
14 21 104 86 68
14 22 26 23 19
14 23 29 25 22
14 24 37 28 25
14 25 65 52 45
14 26 82 69 54
14 27 79 63 56
14 28 44 35 27
14 29 52 44 35
14 30 24 20 17
14 31 67 59 47
14 32 80 61 48
14 33 48 37 28
14 34 20 17 15
14 35 115 94 76
14 36 80 65 53
14 37 63 54 44
14 38 22 18 16
14 39 101 87 68
14 40 79 67 56
14 41 50 38 31
14 42 42 38 31
14 43 50 38 30
14 44 67 59 48
14 45 93 75 66
14 46 42 37 29
14 47 16 14 12
14 48 27 21 17
14 49 129 103 90
14 50 94 78 64
14 51 20 16 13
14 52 85 65 53
14 53 126 113 94
14 54 99 80 70
14 55 116 102 85
14 56 81 72 64
14 57 101 80 67
14 58 47 42 33
14 59 102 79 62
14 60 44 38 34
14 61 85 73 56
14 62 36 32 25
14 63 95 74 58
14 64 16 14 11
14 65 65 50 44
14 66 57 44 34
14 67 68 59 51
14 68 82 73 60
14 69 56 50 39
14 70 103 91 73
14 71 41 34 27
14 72 58 48 37
14 73 70 59 46
14 74 95 78 62
14 75 26 23 20
14 76 53 46 41
14 77 49 43 35
14 78 87 67 58
14 79 103 79 66
14 80 52 47 42
14 81 52 44 36
14 82 36 30 26
14 83 74 62 55
14 84 57 50 40
14 85 93 76 60
14 86 99 83 71
14 87 41 33 27
14 88 83 71 64
14 89 16 12 10
14 90 69 60 51
14 91 89 69 60
14 92 65 57 50
14 93 39 30 27
14 94 32 27 23
14 95 101 86 66
14 96 41 36 28
14 97 39 34 28
14 98 42 32 27
14 99 61 50 41
15 16 57 51 41
15 17 105 87 69
15 18 63 55 48
15 19 57 49 43
15 20 17 15 12
15 21 70 60 53
15 22 37 31 27
15 23 54 47 39
15 24 60 50 41
15 25 53 45 37
15 26 59 46 38
15 27 80 67 59
15 28 25 20 15
15 29 80 64 50
15 30 9 7 6
15 31 70 57 50
15 32 91 71 58
15 33 51 42 33
15 34 34 30 23
15 35 97 78 62
15 36 69 62 50
15 37 55 45 37
15 38 44 37 32
15 39 99 77 67
15 40 57 50 41
15 41 61 49 40
15 42 55 43 36
15 43 38 30 24
15 44 55 46 38
15 45 111 89 70
15 46 63 55 42
15 47 33 26 21
15 48 9 7 6
15 49 107 97 76
15 50 115 90 71
15 51 21 17 14
15 52 61 51 39
15 53 126 101 80
15 54 86 66 56
15 55 104 93 73
15 56 63 56 49
15 57 77 59 50
15 58 71 59 46
15 59 93 73 57
15 60 29 23 19
15 61 71 56 50
15 62 63 48 39
15 63 75 60 53
15 64 14 12 10
15 65 38 33 29
15 66 47 40 31
15 67 80 69 53
15 68 74 63 55
15 69 38 31 24
15 70 101 82 64
15 71 36 31 26
15 72 81 66 52
15 73 44 35 30
15 74 67 57 50
15 75 46 37 30
15 76 33 29 25
15 77 69 59 50
15 78 70 54 43
15 79 88 69 55
15 80 59 53 45
15 81 45 40 34
15 82 50 39 32
15 83 52 44 38
15 84 48 42 34
15 85 72 57 46
15 86 81 69 58
15 87 55 42 34
15 88 81 62 49
15 89 32 27 22
15 90 51 39 35
15 91 65 51 45
15 92 47 37 33
15 93 38 33 27
15 94 20 17 13
15 95 73 65 52
15 96 56 50 44
15 97 45 39 33
15 98 69 54 43
15 99 63 55 43
16 17 141 113 92
16 18 17 14 11
16 19 117 102 80
16 20 53 41 36
16 21 48 39 30
16 22 96 77 63
16 23 108 94 79
16 24 115 94 82
16 25 63 52 42
16 26 16 13 10
16 27 123 101 83
16 28 58 48 38
16 29 135 110 90
16 30 59 48 42
16 31 121 98 77
16 32 145 112 93
16 33 97 80 66
16 34 87 70 59
16 35 59 48 41
16 36 96 75 66
16 37 65 52 46
16 38 120 94 73
16 39 115 99 83
16 40 42 34 28
16 41 122 95 75
16 42 100 82 70
16 43 67 55 49
16 44 66 56 43
16 45 154 123 95
16 46 126 100 80
16 47 83 66 59
16 48 66 52 42
16 49 69 60 53
16 50 153 117 99
16 51 70 58 52
16 52 39 33 28
16 53 95 77 59
16 54 58 49 38
16 55 79 69 55
16 56 30 24 19
16 57 15 12 9
16 58 116 101 83
16 59 109 87 68
16 60 43 37 31
16 61 88 68 61
16 62 116 93 78
16 63 102 80 64
16 64 69 59 49
16 65 33 27 22
16 66 93 71 56
16 67 114 89 78
16 68 104 85 66
16 69 33 28 22
16 70 100 77 63
16 71 85 66 56
16 72 125 103 90
16 73 28 22 17
16 74 62 55 43
16 75 105 86 68
16 76 29 22 18
16 77 126 110 90
16 78 23 20 17
16 79 58 51 41
16 80 104 86 74
16 81 71 63 54
16 82 97 80 65
16 83 16 12 9
16 84 77 60 47
16 85 46 38 31
16 86 53 45 39
16 87 106 82 66
16 88 43 35 28
16 89 78 70 62
16 90 18 14 12
16 91 22 19 16
16 92 13 11 9
16 93 87 72 57
16 94 68 52 42
16 95 45 39 32
16 96 125 99 85
16 97 86 74 66
16 98 113 100 83
16 99 107 85 70
17 18 131 117 91
17 19 137 111 89
17 20 105 95 80
17 21 116 97 78
17 22 122 105 85
17 23 107 91 70
17 24 98 77 63
17 25 146 118 105
17 26 128 103 83
17 27 17 13 11
17 28 82 67 59
17 29 118 105 85
17 30 112 94 74
17 31 31 26 20
17 32 47 39 31
17 33 57 49 39
17 34 115 92 81
17 35 106 88 76
17 36 41 35 28
17 37 146 124 105
17 38 110 88 71
17 39 21 19 17
17 40 95 78 69
17 41 54 45 38
17 42 46 40 36
17 43 71 56 47
17 44 70 57 50
17 45 10 8 6
17 46 70 55 46
17 47 109 91 78
17 48 104 92 74
17 49 118 97 84
17 50 23 19 15
17 51 85 70 57
17 52 106 86 67
17 53 134 108 83
17 54 95 86 71
17 55 102 89 74
17 56 138 124 108
17 57 136 115 100
17 58 133 103 91
17 59 41 34 30
17 60 85 76 64
17 61 46 40 35
17 62 82 63 52
17 63 52 41 32
17 64 112 87 73
17 65 104 85 71
17 66 63 49 39
17 67 25 20 16
17 68 50 39 31
17 69 130 106 87
17 70 61 54 48
17 71 67 52 43
17 72 134 109 91
17 73 116 92 76
17 74 77 68 58
17 75 78 61 47
17 76 133 107 84
17 77 96 74 57
17 78 147 132 103
17 79 160 136 121
17 80 37 30 25
17 81 139 119 100
17 82 146 116 91
17 83 134 109 85
17 84 165 132 102
17 85 102 79 69
17 86 117 90 72
17 87 144 120 93
17 88 97 86 75
17 89 86 67 57
17 90 124 104 94
17 91 138 117 104
17 92 137 113 87
17 93 66 53 43
17 94 85 68 59
17 95 111 91 73
17 96 108 86 68
17 97 55 45 38
17 98 96 85 77
17 99 38 31 27
18 19 121 108 89
18 20 63 50 44
18 21 34 26 22
18 22 106 92 71
18 23 132 102 86
18 24 118 105 88
18 25 81 68 53
18 26 16 13 11
18 27 125 100 83
18 28 59 52 42
18 29 120 107 97
18 30 74 63 49
18 31 119 94 77
18 32 137 107 95
18 33 101 82 69
18 34 85 76 67
18 35 48 39 32
18 36 86 73 64
18 37 85 72 57
18 38 109 91 80
18 39 110 94 81
18 40 34 27 24
18 41 118 100 78
18 42 108 87 72
18 43 65 58 51
18 44 61 49 41
18 45 138 109 95
18 46 113 99 85
18 47 99 77 67
18 48 72 61 50
18 49 62 48 43
18 50 139 121 100
18 51 82 66 57
18 52 34 29 25
18 53 72 63 49
18 54 51 39 30
18 55 70 60 47
18 56 41 33 28
18 57 15 13 11
18 58 124 102 91
18 59 102 82 65
18 60 52 40 35
18 61 76 68 58
18 62 110 96 83
18 63 92 81 62
18 64 81 66 56
18 65 37 30 24
18 66 83 74 57
18 67 109 89 78
18 68 94 76 63
18 69 43 38 32
18 70 75 65 58
18 71 88 74 59
18 72 139 111 98
18 73 26 23 20
18 74 49 43 38
18 75 95 85 72
18 76 43 33 26
18 77 136 123 95
18 78 39 33 26
18 79 69 61 50
18 80 101 84 75
18 81 98 83 64
18 82 108 93 74
18 83 15 12 10
18 84 92 71 57
18 85 38 29 26
18 86 46 38 31
18 87 106 86 75
18 88 27 24 21
18 89 102 81 67
18 90 32 28 23
18 91 38 31 24
18 92 28 23 18
18 93 88 69 59
18 94 64 52 46
18 95 36 32 25
18 96 141 118 92
18 97 94 80 68
18 98 121 106 90
18 99 116 89 71
19 20 71 57 45
19 21 125 108 96
19 22 27 21 18
19 23 28 24 20
19 24 44 35 28
19 25 78 60 51
19 26 101 90 79
19 27 110 96 80
19 28 74 66 55
19 29 18 15 13
19 30 65 52 40
19 31 105 89 71
19 32 93 72 63
19 33 70 60 53
19 34 32 28 22
19 35 152 119 104
19 36 111 97 81
19 37 64 57 48
19 38 27 22 18
19 39 136 108 94
19 40 128 108 84
19 41 88 68 52
19 42 76 63 54
19 43 83 66 59
19 44 109 90 77
19 45 116 102 87
19 46 68 54 44
19 47 33 28 22
19 48 55 48 40
19 49 162 147 119
19 50 121 97 83
19 51 57 51 42
19 52 116 94 81
19 53 168 137 122
19 54 150 124 98
19 55 156 127 114
19 56 125 101 80
19 57 132 115 88
19 58 5 4 3
19 59 119 100 90
19 60 84 75 61
19 61 113 95 84
19 62 54 43 38
19 63 130 107 86
19 64 52 40 34
19 65 102 88 71
19 66 79 70 62
19 67 106 90 75
19 68 123 108 88
19 69 88 72 59
19 70 155 130 102
19 71 77 62 55
19 72 18 15 11
19 73 104 84 72
19 74 129 112 91
19 75 67 55 43
19 76 92 74 63
19 77 53 45 39
19 78 124 96 75
19 79 108 85 74
19 80 94 79 66
19 81 50 41 36
19 82 29 22 18
19 83 118 95 79
19 84 71 56 44
19 85 125 104 88
19 86 144 113 100
19 87 24 21 18
19 88 137 108 92
19 89 53 45 35
19 90 94 83 70
19 91 117 95 78
19 92 104 80 72
19 93 87 69 55
19 94 80 61 52
19 95 144 117 94
19 96 40 33 25
19 97 73 62 54
19 98 24 18 14
19 99 103 86 66
20 21 80 69 54
20 22 38 34 27
20 23 67 59 45
20 24 80 64 49
20 25 40 34 26
20 26 52 40 35
20 27 96 85 70
20 28 33 29 23
20 29 91 70 54
20 30 12 10 8
20 31 88 75 61
20 32 101 90 69
20 33 64 56 44
20 34 34 28 23
20 35 92 83 64
20 36 86 75 60
20 37 39 31 26
20 38 60 49 38
20 39 102 92 77
20 40 61 48 43
20 41 73 63 51
20 42 68 59 48
20 43 49 38 34
20 44 69 55 45
20 45 131 102 81
20 46 69 60 52
20 47 37 30 24
20 48 14 11 8
20 49 130 100 78
20 50 127 98 82
20 51 42 32 25
20 52 62 52 42
20 53 115 103 83
20 54 80 69 58
20 55 122 94 76
20 56 57 50 39
20 57 62 50 44
20 58 69 56 47
20 59 102 84 67
20 60 35 28 24
20 61 95 76 59
20 62 75 63 49
20 63 100 77 62
20 64 22 18 14
20 65 44 38 30
20 66 63 50 42
20 67 100 78 64
20 68 91 78 64
20 69 22 19 15
20 70 104 89 71
20 71 62 48 37
20 72 85 66 55
20 73 42 35 29
20 74 80 65 55
20 75 70 54 41
20 76 28 24 19
20 77 89 74 59
20 78 52 42 34
20 79 69 57 44
20 80 82 67 56
20 81 35 30 25
20 82 40 34 30
20 83 52 41 35
20 84 35 30 24
20 85 77 63 48
20 86 87 72 60
20 87 46 41 32
20 88 77 65 50
20 89 45 37 32
20 90 40 32 27
20 91 49 41 36
20 92 38 32 28
20 93 50 44 38
20 94 37 29 22
20 95 86 68 53
20 96 86 67 52
20 97 71 57 44
20 98 71 61 48
20 99 67 60 54
21 22 111 96 80
21 23 136 110 89
21 24 122 103 89
21 25 105 86 69
21 26 33 29 23
21 27 108 83 70
21 28 59 47 42
21 29 154 122 102
21 30 87 72 56
21 31 88 77 67
21 32 116 100 88
21 33 88 78 63
21 34 93 83 75
21 35 18 15 12
21 36 78 64 50
21 37 115 88 73
21 38 133 105 84
21 39 94 79 65
21 40 20 16 13
21 41 107 90 73
21 42 92 82 67
21 43 69 54 46
21 44 45 36 30
21 45 112 91 82
21 46 126 105 81
21 47 103 83 74
21 48 79 63 57
21 49 39 31 25
21 50 128 107 88
21 51 80 66 58
21 52 22 18 16
21 53 43 35 30
21 54 13 11 9
21 55 36 29 26
21 56 62 55 49
21 57 41 36 32
21 58 131 112 99
21 59 71 58 49
21 60 55 45 35
21 61 59 50 43
21 62 120 97 82
21 63 73 56 46
21 64 97 82 63
21 65 37 32 25
21 66 72 63 50
21 67 95 83 67
21 68 69 60 47
21 69 65 58 46
21 70 62 49 38
21 71 77 63 54
21 72 152 137 105
21 73 40 33 26
21 74 29 24 20
21 75 107 85 70
21 76 53 46 39
21 77 132 107 94
21 78 70 58 46
21 79 102 89 70
21 80 92 81 66
21 81 112 88 77
21 82 110 94 84
21 83 38 29 24
21 84 111 91 72
21 85 14 12 10
21 86 15 12 10
21 87 125 101 85
21 88 9 7 5
21 89 90 79 68
21 90 59 51 41
21 91 61 51 45
21 92 50 40 33
21 93 78 64 54
21 94 65 54 47
21 95 9 7 5
21 96 125 109 93
21 97 85 76 63
21 98 134 118 94
21 99 102 79 61
22 23 32 28 25
22 24 50 40 33
22 25 48 41 36
22 26 87 71 62
22 27 105 92 75
22 28 63 50 41
22 29 43 35 29
22 30 32 29 24
22 31 105 82 65
22 32 107 82 64
22 33 72 56 47
22 34 7 6 5
22 35 121 109 89
22 36 102 92 72
22 37 54 42 33
22 38 31 26 20
22 39 130 109 87
22 40 96 84 68
22 41 81 62 49
22 42 67 58 49
22 43 71 59 47
22 44 81 73 64
22 45 125 102 84
22 46 64 53 44
22 47 13 10 8
22 48 30 26 23
22 49 147 126 103
22 50 118 100 82
22 51 49 38 31
22 52 101 86 66
22 53 160 131 107
22 54 111 95 83
22 55 146 126 100
22 56 89 72 62
22 57 109 91 71
22 58 30 25 21
22 59 114 90 80
22 60 73 59 46
22 61 109 84 74
22 62 48 43 38
22 63 106 87 76
22 64 25 21 18
22 65 80 68 55
22 66 75 63 52
22 67 108 85 70
22 68 108 95 78
22 69 61 47 41
22 70 122 103 90
22 71 68 54 45
22 72 42 35 28
22 73 76 61 55
22 74 109 87 77
22 75 53 45 38
22 76 70 60 46
22 77 66 53 44
22 78 83 67 57
22 79 92 71 59
22 80 92 71 60
22 81 32 25 22
22 82 11 9 7
22 83 82 72 62
22 84 46 36 28
22 85 106 88 73
22 86 119 106 84
22 87 15 12 9
22 88 107 90 75
22 89 38 34 28
22 90 69 61 53
22 91 85 68 60
22 92 76 62 54
22 93 70 57 46
22 94 54 45 38
22 95 102 86 78
22 96 56 43 33
22 97 62 55 47
22 98 40 32 25
22 99 88 69 60
23 24 16 12 9
23 25 94 78 60
23 26 115 96 76
23 27 96 79 62
23 28 74 57 47
23 29 23 20 16
23 30 52 46 38
23 31 70 59 53
23 32 60 50 44
23 33 54 42 37
23 34 38 34 26
23 35 133 108 96
23 36 96 74 66
23 37 75 64 57
23 38 11 9 7
23 39 125 97 77
23 40 119 97 76
23 41 49 40 34
23 42 48 42 37
23 43 70 56 47
23 44 83 74 66
23 45 95 82 69
23 46 38 31 25
23 47 31 26 23
23 48 53 43 38
23 49 152 125 110
23 50 99 78 64
23 51 52 40 32
23 52 101 89 74
23 53 176 141 113
23 54 118 106 90
23 55 135 119 105
23 56 117 100 84
23 57 138 108 88
23 58 32 28 21
23 59 103 84 75
23 60 82 65 55
23 61 96 86 70
23 62 33 25 19
23 63 106 86 72
23 64 47 40 31
23 65 90 75 66
23 66 75 58 48
23 67 85 73 58
23 68 115 93 73
23 69 94 78 60
23 70 143 110 89
23 71 55 48 41
23 72 29 25 21
23 73 91 76 68
23 74 123 96 81
23 75 38 31 26
23 76 96 78 63
23 77 29 25 20
23 78 115 96 78
23 79 113 95 83
23 80 62 55 48
23 81 65 58 47
23 82 46 37 30
23 83 112 92 76
23 84 77 61 53
23 85 101 89 80
23 86 134 112 92
23 87 44 38 31
23 88 109 94 85
23 89 34 26 22
23 90 106 91 72
23 91 119 92 81
23 92 93 80 71
23 93 55 47 41
23 94 62 54 43
23 95 121 102 87
23 96 13 10 8
23 97 55 49 38
23 98 12 9 7
23 99 72 60 50
24 25 101 83 66
24 26 112 96 77
24 27 77 65 55
24 28 70 59 47
24 29 32 26 22
24 30 61 54 41
24 31 66 52 47
24 32 51 44 36
24 33 43 36 32
24 34 41 36 32
24 35 134 113 95
24 36 95 75 61
24 37 96 81 64
24 38 19 17 13
24 39 90 81 71
24 40 107 90 76
24 41 37 32 27
24 42 47 37 32
24 43 62 52 45
24 44 93 76 64
24 45 92 73 61
24 46 25 21 17
24 47 48 38 29
24 48 64 51 41
24 49 162 128 109
24 50 88 73 56
24 51 47 39 32
24 52 109 88 73
24 53 142 128 111
24 54 119 99 89
24 55 170 133 102
24 56 124 104 88
24 57 131 103 90
24 58 44 36 30
24 59 103 80 70
24 60 78 62 55
24 61 96 82 66
24 62 18 14 12
24 63 109 87 67
24 64 51 41 35
24 65 111 86 66
24 66 72 57 45
24 67 68 59 51
24 68 96 85 68
24 69 105 81 63
24 70 125 108 85
24 71 50 43 38
24 72 42 33 28
24 73 98 86 69
24 74 117 98 79
24 75 35 28 22
24 76 86 72 65
24 77 20 16 12
24 78 124 97 82
24 79 127 107 88
24 80 59 49 42
24 81 79 63 54
24 82 54 47 38
24 83 113 95 78
24 84 84 72 60
24 85 108 93 80
24 86 137 116 90
24 87 64 50 39
24 88 138 106 84
24 89 29 25 21
24 90 107 97 75
24 91 125 107 84
24 92 102 90 73
24 93 57 45 38
24 94 70 55 43
24 95 121 107 86
24 96 11 8 6
24 97 48 39 33
24 98 21 17 15
24 99 65 52 44
25 26 71 58 47
25 27 133 111 95
25 28 70 58 48
25 29 98 78 64
25 30 48 41 32
25 31 117 105 86
25 32 123 103 92
25 33 93 83 69
25 34 47 42 35
25 35 120 100 80
25 36 109 96 85
25 37 8 6 5
25 38 76 61 54
25 39 126 114 102
25 40 95 79 62
25 41 109 98 75
25 42 101 82 72
25 43 98 77 60
25 44 94 80 68
25 45 150 125 106
25 46 117 90 74
25 47 62 50 38
25 48 41 36 32
25 49 144 119 93
25 50 169 138 107
25 51 70 63 50
25 52 82 70 60
25 53 128 112 99
25 54 123 97 76
25 55 154 119 94
25 56 51 41 33
25 57 66 54 47
25 58 76 66 53
25 59 141 117 91
25 60 63 53 47
25 61 130 108 83
25 62 95 83 69
25 63 130 110 87
25 64 53 44 35
25 65 66 54 48
25 66 97 86 67
25 67 117 102 90
25 68 130 108 88
25 69 33 29 25
25 70 141 118 94
25 71 86 74 62
25 72 80 71 61
25 73 71 59 46
25 74 122 98 75
25 75 94 82 64
25 76 41 37 31
25 77 126 97 78
25 78 43 36 30
25 79 34 27 23
25 80 130 102 82
25 81 26 21 16
25 82 56 43 34
25 83 73 60 46
25 84 12 10 8
25 85 100 79 66
25 86 111 86 77
25 87 57 44 34
25 88 99 78 66
25 89 87 70 54
25 90 44 39 31
25 91 52 43 33
25 92 60 48 37
25 93 101 80 63
25 94 75 61 48
25 95 100 82 70
25 96 101 83 67
25 97 105 89 69
25 98 91 76 60
25 99 110 89 79
26 27 106 90 74
26 28 47 41 32
26 29 124 108 87
26 30 58 46 39
26 31 93 78 68
26 32 138 110 85
26 33 78 66 59
26 34 94 73 58
26 35 51 39 34
26 36 95 74 57
26 37 65 58 51
26 38 99 88 70
26 39 107 83 74
26 40 27 22 19
26 41 102 86 68
26 42 93 79 62
26 43 55 48 41
26 44 48 41 34
26 45 125 103 86
26 46 112 89 74
26 47 80 68 58
26 48 52 46 40
26 49 59 53 47
26 50 142 113 91
26 51 68 53 47
26 52 30 23 19
26 53 68 59 52
26 54 43 36 30
26 55 67 55 48
26 56 44 37 29
26 57 25 22 17
26 58 109 96 82
26 59 76 67 59
26 60 40 31 24
26 61 83 64 51
26 62 99 87 73
26 63 90 70 55
26 64 65 53 47
26 65 21 18 14
26 66 63 56 48
26 67 109 85 69
26 68 78 64 57
26 69 32 29 24
26 70 84 67 54
26 71 68 55 49
26 72 124 103 89
26 73 15 12 9
26 74 55 44 34
26 75 87 70 62
26 76 24 21 18
26 77 109 95 85
26 78 37 33 25
26 79 69 60 49
26 80 95 78 66
26 81 80 64 56
26 82 110 85 65
26 83 4 3 2
26 84 72 58 51
26 85 29 25 22
26 86 46 35 31
26 87 109 86 66
26 88 29 24 20
26 89 88 70 57
26 90 28 22 19
26 91 41 32 25
26 92 17 14 11
26 93 73 57 49
26 94 48 43 36
26 95 39 30 24
26 96 129 102 81
26 97 90 71 58
26 98 122 94 80
26 99 99 78 61
27 28 69 60 49
27 29 104 91 77
27 30 84 71 64
27 31 17 13 10
27 32 40 35 27
27 33 47 36 29
27 34 95 83 71
27 35 104 82 70
27 36 30 26 20
27 37 145 112 95
27 38 93 73 62
27 39 28 22 18
27 40 78 68 60
27 41 42 37 29
27 42 36 32 27
27 43 57 46 37
27 44 57 47 42
27 45 19 16 13
27 46 60 48 39
27 47 90 75 68
27 48 98 78 64
27 49 119 95 79
27 50 28 23 19
27 51 73 61 47
27 52 86 68 59
27 53 112 94 79
27 54 102 83 65
27 55 95 83 69
27 56 157 121 98
27 57 137 105 91
27 58 123 101 82
27 59 38 34 26
27 60 82 65 54
27 61 41 32 28
27 62 61 51 44
27 63 37 31 26
27 64 96 78 63
27 65 96 74 61
27 66 46 36 29
27 67 10 8 6
27 68 41 32 26
27 69 118 92 77
27 70 67 52 44
27 71 52 41 33
27 72 128 106 83
27 73 103 82 66
27 74 83 67 52
27 75 48 42 38
27 76 102 87 74
27 77 74 58 51
27 78 120 108 93
27 79 157 129 111
27 80 24 18 15
27 81 117 104 90
27 82 111 95 81
27 83 108 94 75
27 84 118 105 92
27 85 81 71 61
27 86 87 75 65
27 87 107 94 83
27 88 93 84 67
27 89 72 61 48
27 90 124 105 84
27 91 132 112 94
27 92 119 92 78
27 93 51 43 33
27 94 65 58 48
27 95 105 81 66
27 96 93 73 60
27 97 46 36 28
27 98 100 80 69
27 99 24 20 17
28 29 83 71 61
28 30 29 23 20
28 31 62 48 41
28 32 79 69 55
28 33 43 35 28
28 34 50 44 36
28 35 71 56 50
28 36 56 48 37
28 37 69 62 49
28 38 60 52 42
28 39 79 67 55
28 40 42 33 29
28 41 48 42 37
28 42 41 36 32
28 43 21 17 13
28 44 37 30 23
28 45 90 70 61
28 46 55 49 43
28 47 55 43 35
28 48 28 24 20
28 49 91 72 64
28 50 85 75 64
28 51 21 18 16
28 52 41 32 27
28 53 106 87 67
28 54 62 49 43
28 55 79 68 59
28 56 80 63 51
28 57 68 53 47
28 58 80 66 58
28 59 67 57 44
28 60 13 10 8
28 61 50 40 36
28 62 62 54 42
28 63 62 52 40
28 64 37 31 24
28 65 29 26 20
28 66 29 24 21
28 67 65 56 44
28 68 61 49 41
28 69 38 32 28
28 70 75 64 50
28 71 29 22 19
28 72 94 83 64
28 73 36 30 23
28 74 50 40 36
28 75 49 38 30
28 76 36 31 26
28 77 80 63 54
28 78 67 59 45
28 79 87 75 62
28 80 57 45 38
28 81 73 57 47
28 82 66 55 47
28 83 47 42 33
28 84 74 59 46
28 85 52 42 34
28 86 65 55 45
28 87 70 62 48
28 88 56 45 38
28 89 36 29 26
28 90 55 43 36
28 91 59 53 47
28 92 43 37 31
28 93 28 22 19
28 94 9 7 5
28 95 57 46 40
28 96 75 66 52
28 97 41 36 28
28 98 74 60 53
28 99 49 40 34
29 30 66 55 49
29 31 99 78 68
29 32 84 74 57
29 33 68 59 52
29 34 45 39 32
29 35 137 123 110
29 36 115 100 81
29 37 86 73 60
29 38 29 23 19
29 39 146 119 92
29 40 114 101 90
29 41 81 63 48
29 42 82 67 52
29 43 97 78 62
29 44 110 96 81
29 45 131 105 82
29 46 61 47 39
29 47 50 38 31
29 48 75 58 48
29 49 169 152 124
29 50 111 98 77
29 51 68 53 46
29 52 123 110 87
29 53 162 146 127
29 54 159 132 104
29 55 166 142 119
29 56 153 118 91
29 57 151 123 98
29 58 18 15 13
29 59 120 106 90
29 60 95 78 68
29 61 129 100 85
29 62 48 39 33
29 63 117 96 87
29 64 56 48 41
29 65 114 89 78
29 66 103 81 64
29 67 106 92 73
29 68 120 108 88
29 69 113 89 69
29 70 142 127 104
29 71 80 68 56
29 72 10 8 7
29 73 117 97 80
29 74 131 113 95
29 75 58 50 41
29 76 91 81 72
29 77 47 39 30
29 78 127 102 86
29 79 140 110 86
29 80 92 73 63
29 81 74 58 49
29 82 45 39 31
29 83 135 111 87
29 84 85 70 56
29 85 137 107 94
29 86 153 136 105
29 87 46 35 31
29 88 152 125 98
29 89 53 47 37
29 90 124 99 81
29 91 128 107 89
29 92 117 91 81
29 93 88 73 56
29 94 78 65 57
29 95 132 116 100
29 96 25 21 18
29 97 76 68 53
29 98 14 12 9
29 99 95 83 65
30 31 73 62 55
30 32 96 78 62
30 33 53 42 37
30 34 31 24 19
30 35 97 83 66
30 36 79 69 55
30 37 50 42 32
30 38 43 38 32
30 39 115 89 72
30 40 59 50 45
30 41 68 53 43
30 42 52 46 41
30 43 43 38 29
30 44 67 51 43
30 45 114 91 75
30 46 63 56 44
30 47 26 22 19
30 48 3 2 1
30 49 124 100 80
30 50 100 84 75
30 51 31 24 18
30 52 62 54 43
30 53 118 94 84
30 54 91 73 60
30 55 111 98 77
30 56 72 56 47
30 57 73 57 50
30 58 60 53 43
30 59 92 79 63
30 60 34 27 23
30 61 80 63 55
30 62 58 48 41
30 63 83 72 58
30 64 12 10 8
30 65 46 39 32
30 66 58 45 36
30 67 85 70 58
30 68 95 78 60
30 69 28 25 22
30 70 91 81 69
30 71 47 37 31
30 72 75 60 50
30 73 45 36 32
30 74 81 69 54
30 75 49 41 33
30 76 35 30 25
30 77 76 58 51
30 78 60 50 41
30 79 74 59 51
30 80 80 63 50
30 81 46 36 28
30 82 41 32 28
30 83 57 47 39
30 84 46 36 29
30 85 73 56 50
30 86 87 69 61
30 87 46 36 30
30 88 71 62 52
30 89 31 27 24
30 90 52 43 34
30 91 68 53 43
30 92 51 39 33
30 93 46 36 31
30 94 23 20 18
30 95 83 64 55
30 96 72 55 44
30 97 53 44 37
30 98 69 53 42
30 99 76 62 48
31 32 39 31 24
31 33 25 22 19
31 34 99 80 62
31 35 99 87 68
31 36 32 26 20
31 37 131 102 86
31 38 81 65 53
31 39 36 30 25
31 40 70 63 56
31 41 30 23 20
31 42 24 20 17
31 43 40 36 29
31 44 55 45 38
31 45 29 26 21
31 46 51 39 30
31 47 81 69 59
31 48 79 63 55
31 49 128 99 79
31 50 35 29 23
31 51 61 47 37
31 52 80 65 54
31 53 114 89 79
31 54 83 69 62
31 55 94 82 69
31 56 123 110 91
31 57 124 100 85
31 58 103 84 73
31 59 40 34 28
31 60 71 56 47
31 61 42 33 27
31 62 59 46 36
31 63 43 34 27
31 64 79 64 53
31 65 76 67 55
31 66 33 26 21
31 67 7 6 5
31 68 38 31 27
31 69 94 81 69
31 70 59 52 45
31 71 37 31 24
31 72 98 85 74
31 73 80 72 60
31 74 74 59 49
31 75 38 33 29
31 76 99 76 67
31 77 62 48 43
31 78 124 106 86
31 79 154 134 103
31 80 10 8 6
31 81 117 93 81
31 82 101 90 72
31 83 91 79 69
31 84 119 93 83
31 85 79 71 57
31 86 103 80 63
31 87 115 90 74
31 88 85 75 64
31 89 53 45 38
31 90 106 87 77
31 91 121 109 87
31 92 107 91 71
31 93 41 31 24
31 94 56 48 40
31 95 81 71 62
31 96 71 58 52
31 97 26 22 19
31 98 86 73 60
31 99 13 10 8
32 33 43 35 27
32 34 96 81 62
32 35 122 106 90
32 36 57 51 43
32 37 137 110 91
32 38 77 60 47
32 39 67 57 44
32 40 96 85 76
32 41 27 24 19
32 42 34 28 23
32 43 74 57 45
32 44 90 71 58
32 45 45 34 28
32 46 34 27 21
32 47 97 75 59
32 48 80 70 62
32 49 152 119 101
32 50 32 25 21
32 51 60 50 44
32 52 96 84 74
32 53 163 130 102
32 54 131 101 84
32 55 133 102 92
32 56 148 131 105
32 57 134 117 101
32 58 85 76 65
32 59 74 64 51
32 60 80 71 62
32 61 77 62 50
32 62 45 34 27
32 63 72 58 50
32 64 83 75 58
32 65 97 86 72
32 66 56 48 39
32 67 43 33 26
32 68 77 62 50
32 69 129 104 81
32 70 104 82 68
32 71 52 42 37
32 72 94 78 63
32 73 109 87 77
32 74 111 85 71
32 75 38 34 29
32 76 119 97 80
32 77 38 33 27
32 78 124 111 99
32 79 159 141 112
32 80 34 26 22
32 81 121 99 83
32 82 97 84 70
32 83 142 110 86
32 84 126 111 87
32 85 110 87 78
32 86 123 95 85
32 87 104 87 72
32 88 137 108 84
32 89 54 49 39
32 90 120 102 90
32 91 144 115 101
32 92 118 105 86
32 93 49 41 37
32 94 70 61 52
32 95 114 102 83
32 96 59 46 40
32 97 42 33 28
32 98 77 60 50
32 99 43 33 27
33 34 56 49 43
33 35 97 85 68
33 36 45 37 29
33 37 87 78 68
33 38 50 42 35
33 39 58 50 42
33 40 76 66 51
33 41 15 13 10
33 42 7 5 4
33 43 25 21 18
33 44 50 43 35
33 45 58 45 38
33 46 29 24 19
33 47 57 48 40
33 48 62 49 38
33 49 134 104 80
33 50 52 45 38
33 51 26 23 20
33 52 69 59 49
33 53 109 92 82
33 54 90 75 61
33 55 107 91 73
33 56 104 90 78
33 57 95 84 75
33 58 90 73 56
33 59 61 50 39
33 60 44 39 35
33 61 57 44 34
33 62 32 26 22
33 63 58 47 36
33 64 52 41 35
33 65 64 52 46
33 66 21 17 15
33 67 35 27 23
33 68 55 46 37
33 69 82 70 54
33 70 74 65 53
33 71 17 13 10
33 72 76 65 58
33 73 83 65 50
33 74 83 65 50
33 75 15 13 11
33 76 78 67 53
33 77 49 43 33
33 78 108 83 72
33 79 133 107 87
33 80 21 18 14
33 81 84 70 63
33 82 69 60 53
33 83 86 71 60
33 84 95 83 65
33 85 84 64 54
33 86 91 82 63
33 87 90 70 55
33 88 98 75 60
33 89 32 25 20
33 90 88 76 64
33 91 99 84 74
33 92 83 66 59
33 93 14 12 10
33 94 36 32 25
33 95 90 72 60
33 96 59 46 37
33 97 3 2 1
33 98 57 50 44
33 99 20 17 14
34 35 110 98 84
34 36 90 76 67
34 37 42 36 32
34 38 30 24 19
34 39 111 99 83
34 40 89 71 63
34 41 65 53 45
34 42 71 55 45
34 43 71 55 43
34 44 83 70 59
34 45 109 95 81
34 46 62 48 42
34 47 7 6 4
34 48 31 24 18
34 49 141 123 98
34 50 128 100 79
34 51 40 34 27
34 52 87 71 61
34 53 135 115 102
34 54 105 86 78
34 55 144 118 95
34 56 94 75 60
34 57 100 77 67
34 58 37 29 25
34 59 98 88 76
34 60 60 49 41
34 61 91 77 69
34 62 55 45 36
34 63 113 90 72
34 64 22 17 13
34 65 72 64 50
34 66 74 58 48
34 67 87 77 66
34 68 113 93 73
34 69 60 49 38
34 70 131 107 85
34 71 61 53 41
34 72 50 41 32
34 73 84 67 51
34 74 103 82 72
34 75 53 43 35
34 76 59 52 42
34 77 66 52 44
34 78 85 65 54
34 79 93 74 58
34 80 90 69 56
34 81 34 30 23
34 82 16 14 11
34 83 90 69 58
34 84 45 35 28
34 85 95 85 68
34 86 107 95 80
34 87 21 17 13
34 88 107 84 71
34 89 36 31 24
34 90 76 59 49
34 91 93 73 57
34 92 65 58 50
34 93 65 54 41
34 94 45 38 33
34 95 107 90 73
34 96 52 43 33
34 97 62 53 43
34 98 44 34 26
34 99 85 69 56
35 36 76 59 50
35 37 126 109 84
35 38 139 108 91
35 39 99 79 62
35 40 30 26 21
35 41 123 100 77
35 42 101 89 71
35 43 77 66 51
35 44 42 37 33
35 45 114 92 81
35 46 111 98 86
35 47 130 108 83
35 48 87 76 66
35 49 19 17 15
35 50 139 109 88
35 51 90 77 65
35 52 33 28 23
35 53 28 22 19
35 54 10 9 7
35 55 24 19 15
35 56 92 72 59
35 57 69 54 42
35 58 150 123 107
35 59 60 52 46
35 60 59 53 44
35 61 59 48 42
35 62 125 109 87
35 63 67 53 45
35 64 118 92 72
35 65 50 41 35
35 66 87 70 54
35 67 97 82 67
35 68 72 60 46
35 69 87 70 56
35 70 47 39 32
35 71 87 67 59
35 72 160 144 113
35 73 53 43 36
35 74 30 24 19
35 75 113 92 75
35 76 79 62 50
35 77 136 118 99
35 78 80 70 57
35 79 105 95 81
35 80 98 80 68
35 81 130 112 88
35 82 136 109 93
35 83 47 40 35
35 84 115 92 83
35 85 29 22 17
35 86 10 8 6
35 87 142 122 95
35 88 21 18 15
35 89 96 84 75
35 90 77 66 52
35 91 74 63 56
35 92 69 54 44
35 93 86 75 59
35 94 79 63 54
35 95 18 15 11
35 96 142 114 100
35 97 90 76 67
35 98 144 113 102
35 99 98 80 63
36 37 118 101 86
36 38 96 76 64
36 39 27 22 19
36 40 63 52 41
36 41 55 43 36
36 42 41 36 30
36 43 38 31 26
36 44 34 28 23
36 45 42 36 32
36 46 68 59 46
36 47 88 75 65
36 48 82 67 56
36 49 89 75 60
36 50 52 44 39
36 51 54 48 41
36 52 50 45 40
36 53 80 72 60
36 54 63 56 45
36 55 67 58 50
36 56 108 92 83
36 57 102 84 73
36 58 139 109 84
36 59 14 12 10
36 60 59 48 40
36 61 11 9 8
36 62 68 58 50
36 63 10 8 7
36 64 80 72 57
36 65 70 58 45
36 66 28 24 20
36 67 27 22 18
36 68 13 10 8
36 69 103 82 64
36 70 36 30 26
36 71 35 30 27
36 72 137 109 86
36 73 77 62 50
36 74 54 42 32
36 75 54 45 40
36 76 84 71 60
36 77 76 67 60
36 78 102 87 78
36 79 148 114 98
36 80 30 26 22
36 81 123 108 83
36 82 102 88 78
36 83 85 67 58
36 84 110 99 83
36 85 65 53 41
36 86 65 54 46
36 87 110 93 80
36 88 72 63 48
36 89 65 57 46
36 90 111 87 69
36 91 111 89 78
36 92 86 74 62
36 93 43 34 27
36 94 52 42 38
36 95 75 59 46
36 96 84 74 66
36 97 44 37 29
36 98 106 84 72
36 99 25 22 18
37 38 68 58 51
37 39 144 127 103
37 40 104 84 65
37 41 110 93 74
37 42 102 83 72
37 43 83 69 60
37 44 104 87 70
37 45 148 127 106
37 46 95 82 72
37 47 54 45 35
37 48 50 39 32
37 49 131 116 97
37 50 139 121 106
37 51 78 61 49
37 52 92 76 63
37 53 153 130 102
37 54 120 95 79
37 55 149 118 97
37 56 49 43 38
37 57 85 66 52
37 58 77 61 49
37 59 144 112 92
37 60 72 63 49
37 61 112 99 85
37 62 108 87 67
37 63 137 109 88
37 64 49 44 34
37 65 81 65 51
37 66 101 80 68
37 67 140 114 90
37 68 135 107 90
37 69 46 36 28
37 70 139 122 96
37 71 86 75 62
37 72 80 68 57
37 73 73 62 49
37 74 114 97 78
37 75 96 75 63
37 76 48 42 34
37 77 125 97 75
37 78 47 41 34
37 79 44 34 27
37 80 129 100 81
37 81 16 14 12
37 82 43 35 30
37 83 74 59 50
37 84 8 6 5
37 85 113 88 69
37 86 112 100 81
37 87 51 39 30
37 88 106 88 69
37 89 77 67 52
37 90 52 42 35
37 91 59 48 37
37 92 63 54 41
37 93 91 75 63
37 94 63 57 48
37 95 90 81 73
37 96 85 73 65
37 97 99 81 68
37 98 80 65 57
37 99 121 102 79
38 39 122 97 76
38 40 99 85 71
38 41 47 42 34
38 42 45 40 36
38 43 63 50 43
38 44 86 76 62
38 45 88 77 69
38 46 41 34 27
38 47 29 22 17
38 48 47 36 31
38 49 151 129 105
38 50 95 85 66
38 51 45 35 27
38 52 110 88 69
38 53 165 137 108
38 54 123 104 85
38 55 146 122 100
38 56 114 97 77
38 57 121 99 82
38 58 32 25 21
38 59 111 88 73
38 60 74 59 49
38 61 108 86 67
38 62 34 27 21
38 63 99 80 69
38 64 37 32 25
38 65 91 73 60
38 66 68 58 45
38 67 77 64 57
38 68 90 80 71
38 69 76 68 53
38 70 133 102 85
38 71 54 43 38
38 72 31 27 23
38 73 85 71 62
38 74 129 99 76
38 75 37 32 25
38 76 81 65 56
38 77 36 29 25
38 78 98 88 71
38 79 97 87 76
38 80 64 55 48
38 81 55 49 41
38 82 36 29 25
38 83 92 83 70
38 84 71 60 47
38 85 125 96 75
38 86 121 109 87
38 87 39 30 26
38 88 117 98 79
38 89 29 24 18
38 90 85 75 65
38 91 105 87 74
38 92 106 82 64
38 93 59 46 38
38 94 49 43 38
38 95 116 93 81
38 96 21 16 14
38 97 55 46 36
38 98 16 13 11
38 99 74 57 49
39 40 89 69 57
39 41 66 53 45
39 42 67 51 41
39 43 72 56 44
39 44 55 48 40
39 45 32 25 22
39 46 78 63 55
39 47 118 94 80
39 48 96 85 73
39 49 106 84 69
39 50 47 36 32
39 51 78 65 57
39 52 85 70 56
39 53 91 75 67
39 54 96 76 58
39 55 80 68 58
39 56 146 116 100
39 57 133 113 90
39 58 135 111 97
39 59 23 20 16
39 60 78 65 58
39 61 35 29 23
39 62 89 77 60
39 63 31 25 20
39 64 93 84 73
39 65 91 74 62
39 66 52 46 37
39 67 33 26 20
39 68 28 23 18
39 69 116 103 82
39 70 47 38 32
39 71 64 52 43
39 72 129 109 98
39 73 98 84 67
39 74 59 51 45
39 75 87 67 52
39 76 123 102 78
39 77 91 77 67
39 78 133 114 96
39 79 162 135 116
39 80 43 37 30
39 81 136 115 100
39 82 139 117 94
39 83 106 88 75
39 84 146 122 100
39 85 88 69 56
39 86 94 72 58
39 87 145 122 95
39 88 88 78 63
39 89 75 67 60
39 90 122 109 87
39 91 137 110 96
39 92 121 98 79
39 93 61 51 42
39 94 88 69 55
39 95 94 77 60
39 96 116 97 76
39 97 67 52 41
39 98 128 104 84
39 99 43 34 28
40 41 83 72 61
40 42 75 66 54
40 43 49 39 33
40 44 27 23 19
40 45 106 87 72
40 46 113 88 69
40 47 84 75 62
40 48 65 53 45
40 49 53 44 36
40 50 112 94 78
40 51 59 51 45
40 52 5 4 3
40 53 60 48 40
40 54 23 18 15
40 55 49 39 33
40 56 79 61 47
40 57 47 37 33
40 58 116 105 86
40 59 59 51 42
40 60 39 30 23
40 61 57 46 35
40 62 108 83 69
40 63 51 44 38
40 64 72 58 51
40 65 24 18 14
40 66 50 44 38
40 67 78 70 56
40 68 60 49 40
40 69 53 44 37
40 70 50 44 36
40 71 55 49 42
40 72 138 117 92
40 73 25 20 17
40 74 26 20 16
40 75 96 74 57
40 76 39 35 31
40 77 124 98 81
40 78 56 49 43
40 79 96 77 67
40 80 80 61 55
40 81 91 82 68
40 82 98 82 72
40 83 31 25 20
40 84 99 78 64
40 85 7 6 5
40 86 29 22 17
40 87 113 87 74
40 88 14 11 9
40 89 75 67 55
40 90 54 46 36
40 91 63 52 43
40 92 39 33 27
40 93 60 53 42
40 94 53 41 34
40 95 18 14 11
40 96 111 93 80
40 97 68 57 50
40 98 106 92 82
40 99 73 62 50
41 42 12 9 7
41 43 43 36 28
41 44 72 56 45
41 45 48 41 36
41 46 16 13 11
41 47 59 50 42
41 48 63 50 44
41 49 133 116 90
41 50 47 39 34
41 51 39 30 26
41 52 88 70 58
41 53 121 104 91
41 54 93 82 71
41 55 125 96 82
41 56 121 95 86
41 57 137 109 84
41 58 79 64 54
41 59 60 53 45
41 60 64 54 44
41 61 65 50 42
41 62 28 21 16
41 63 62 51 42
41 64 65 50 40
41 65 84 65 55
41 66 34 28 24
41 67 41 32 25
41 68 68 55 43
41 69 98 81 62
41 70 86 70 61
41 71 31 25 20
41 72 73 65 54
41 73 82 71 59
41 74 89 77 59
41 75 17 13 11
41 76 90 71 62
41 77 38 30 25
41 78 118 97 81
41 79 136 111 94
41 80 21 17 15
41 81 93 74 66
41 82 81 69 55
41 83 100 84 69
41 84 97 86 70
41 85 88 73 63
41 86 108 91 72
41 87 82 63 56
41 88 98 88 69
41 89 32 25 22
41 90 105 86 72
41 91 117 100 82
41 92 112 86 68
41 93 30 26 20
41 94 49 43 34
41 95 102 83 69
41 96 45 40 32
41 97 15 13 11
41 98 52 45 40
41 99 27 22 18
42 43 34 27 22
42 44 59 49 38
42 45 52 44 36
42 46 23 20 17
42 47 62 52 42
42 48 54 48 41
42 49 115 92 83
42 50 54 44 35
42 51 33 27 23
42 52 78 65 52
42 53 123 98 84
42 54 91 80 64
42 55 108 88 75
42 56 109 95 82
42 57 105 88 78
42 58 75 67 57
42 59 57 46 39
42 60 52 45 39
42 61 58 45 36
42 62 34 26 21
42 63 47 42 36
42 64 58 49 38
42 65 66 59 49
42 66 26 20 17
42 67 36 27 22
42 68 56 47 38
42 69 90 75 58
42 70 76 62 55
42 71 23 18 14
42 72 83 69 58
42 73 82 66 54
42 74 75 59 52
42 75 20 15 12
42 76 84 73 57
42 77 50 38 31
42 78 107 95 76
42 79 127 105 91
42 80 20 15 12
42 81 94 74 65
42 82 90 70 55
42 83 94 79 63
42 84 106 82 68
42 85 71 63 57
42 86 95 79 66
42 87 84 66 57
42 88 87 73 63
42 89 34 29 22
42 90 93 78 67
42 91 115 96 78
42 92 89 73 63
42 93 20 17 14
42 94 45 37 29
42 95 90 80 63
42 96 53 45 37
42 97 9 7 5
42 98 58 50 44
42 99 19 16 13
43 44 32 26 20
43 45 76 62 49
43 46 53 45 36
43 47 60 47 40
43 48 46 37 30
43 49 95 75 65
43 50 76 66 52
43 51 24 20 17
43 52 42 36 31
43 53 103 84 67
43 54 70 55 45
43 55 94 76 58
43 56 90 71 63
43 57 84 67 57
43 58 100 79 62
43 59 44 39 34
43 60 26 23 18
43 61 37 30 27
43 62 53 42 37
43 63 47 37 30
43 64 42 35 31
43 65 46 36 28
43 66 13 10 8
43 67 47 39 32
43 68 47 40 31
43 69 58 49 41
43 70 66 55 43
43 71 14 11 9
43 72 91 81 66
43 73 47 37 33
43 74 45 39 34
43 75 36 30 25
43 76 53 47 38
43 77 70 55 49
43 78 84 69 57
43 79 109 85 75
43 80 40 34 26
43 81 85 66 57
43 82 79 65 53
43 83 60 53 42
43 84 85 69 57
43 85 48 41 36
43 86 60 53 46
43 87 79 64 55
43 88 63 50 42
43 89 39 30 25
43 90 68 61 48
43 91 97 75 58
43 92 61 52 42
43 93 14 11 9
43 94 16 14 12
43 95 63 51 42
43 96 75 65 50
43 97 29 23 18
43 98 77 63 53
43 99 34 28 22
44 45 71 62 54
44 46 76 64 54
44 47 86 74 57
44 48 59 51 43
44 49 71 57 46
44 50 81 73 60
44 51 54 44 35
44 52 27 22 17
44 53 71 57 48
44 54 38 29 26
44 55 57 50 39
44 56 89 71 61
44 57 67 59 50
44 58 111 94 80
44 59 35 31 26
44 60 31 27 21
44 61 25 21 18
44 62 77 64 56
44 63 34 26 22
44 64 64 53 47
44 65 34 28 23
44 66 33 26 21
44 67 59 46 38
44 68 32 26 23
44 69 66 54 45
44 70 41 31 27
44 71 42 34 27
44 72 131 105 85
44 73 40 34 28
44 74 23 17 15
44 75 59 49 44
44 76 62 52 40
44 77 95 76 67
44 78 73 65 56
44 79 120 97 78
44 80 54 47 37
44 81 108 87 69
44 82 110 89 69
44 83 56 43 35
44 84 100 83 67
44 85 29 26 20
44 86 41 35 28
44 87 95 80 71
44 88 36 30 26
44 89 72 55 45
44 90 64 57 48
44 91 75 68 57
44 92 59 50 40
44 93 38 32 27
44 94 40 32 26
44 95 44 34 26
44 96 102 89 69
44 97 59 45 35
44 98 102 89 72
44 99 49 41 32
45 46 58 49 44
45 47 123 95 77
45 48 101 83 75
45 49 128 115 89
45 50 16 13 10
45 51 72 64 57
45 52 108 86 71
45 53 150 115 88
45 54 98 85 76
45 55 111 93 79
45 56 146 128 111
45 57 129 116 103
45 58 143 112 89
45 59 48 42 35
45 60 88 74 66
45 61 49 44 39
45 62 80 62 50
45 63 48 40 36
45 64 103 93 73
45 65 102 88 74
45 66 69 53 41
45 67 28 23 18
45 68 55 43 36
45 69 128 102 89
45 70 77 68 53
45 71 64 53 44
45 72 118 100 89
45 73 121 93 79
45 74 85 75 63
45 75 66 52 47
45 76 139 111 86
45 77 70 61 54
45 78 151 130 105
45 79 184 149 123
45 80 39 32 25
45 81 146 130 100
45 82 129 110 90
45 83 118 104 87
45 84 145 131 103
45 85 105 94 72
45 86 107 86 76
45 87 121 107 92
45 88 125 102 79
45 89 88 71 57
45 90 119 107 96
45 91 167 136 106
45 92 143 114 90
45 93 68 53 44
45 94 87 69 60
45 95 107 93 77
45 96 93 79 65
45 97 56 48 38
45 98 106 93 75
45 99 37 32 28
46 47 53 47 39
46 48 61 52 45
46 49 136 117 99
46 50 52 46 40
46 51 40 33 29
46 52 90 80 66
46 53 150 118 101
46 54 107 89 80
46 55 148 114 92
46 56 116 103 90
46 57 127 101 89
46 58 70 58 46
46 59 84 68 56
46 60 76 65 50
46 61 76 65 52
46 62 11 9 7
46 63 78 60 53
46 64 53 46 40
46 65 99 76 62
46 66 51 41 33
46 67 55 42 35
46 68 82 69 54
46 69 93 76 65
46 70 93 79 71
46 71 37 32 28
46 72 64 53 45
46 73 109 85 65
46 74 98 86 68
46 75 20 17 13
46 76 100 79 65
46 77 19 17 14
46 78 104 93 84
46 79 141 115 95
46 80 38 33 26
46 81 93 75 64
46 82 67 60 50
46 83 111 90 75
46 84 103 83 68
46 85 98 82 72
46 86 122 102 81
46 87 76 68 52
46 88 113 89 77
46 89 31 26 21
46 90 118 95 76
46 91 141 111 86
46 92 108 90 72
46 93 43 35 28
46 94 65 50 39
46 95 105 93 78
46 96 34 27 22
46 97 31 26 20
46 98 40 35 31
46 99 48 37 29
47 48 24 20 18
47 49 129 114 97
47 50 107 94 76
47 51 36 30 24
47 52 89 77 60
47 53 137 114 101
47 54 102 92 77
47 55 144 114 94
47 56 79 70 61
47 57 100 81 68
47 58 39 32 25
47 59 121 95 73
47 60 56 47 40
47 61 98 83 67
47 62 42 38 33
47 63 105 87 69
47 64 18 15 12
47 65 73 58 49
47 66 60 52 45
47 67 89 72 63
47 68 99 85 71
47 69 51 46 38
47 70 122 97 83
47 71 52 43 38
47 72 44 36 32
47 73 77 62 50
47 74 107 87 70
47 75 48 38 32
47 76 62 54 42
47 77 65 51 41
47 78 76 68 56
47 79 78 68 60
47 80 80 68 53
47 81 40 31 26
47 82 23 19 14
47 83 82 68 58
47 84 43 37 31
47 85 89 76 67
47 86 115 100 79
47 87 22 19 16
47 88 109 89 70
47 89 29 26 21
47 90 65 58 50
47 91 93 75 59
47 92 65 57 51
47 93 66 51 39
47 94 41 36 31
47 95 97 81 73
47 96 44 35 31
47 97 55 45 40
47 98 39 33 25
47 99 75 63 53
48 49 134 106 81
48 50 106 91 75
48 51 26 23 18
48 52 64 51 43
48 53 133 108 85
48 54 78 67 60
48 55 109 86 77
48 56 73 58 47
48 57 72 57 51
48 58 64 51 42
48 59 85 74 63
48 60 39 30 24
48 61 79 68 56
48 62 56 46 41
48 63 79 68 59
48 64 12 9 7
48 65 44 39 32
48 66 49 44 37
48 67 89 77 59
48 68 99 79 61
48 69 35 27 23
48 70 117 90 70
48 71 48 40 31
48 72 71 56 49
48 73 46 38 33
48 74 81 70 55
48 75 49 39 34
48 76 36 30 25
48 77 80 63 51
48 78 63 52 41
48 79 73 64 51
48 80 65 57 50
48 81 41 32 28
48 82 41 32 27
48 83 59 46 40
48 84 37 32 28
48 85 71 58 50
48 86 97 80 62
48 87 43 34 29
48 88 79 67 53
48 89 39 30 24
48 90 49 43 34
48 91 63 52 44
48 92 50 41 34
48 93 44 39 32
48 94 28 22 18
48 95 71 64 56
48 96 61 51 44
48 97 55 49 38
48 98 58 52 41
48 99 66 56 48
49 50 145 122 97
49 51 111 90 79
49 52 64 49 38
49 53 11 9 7
49 54 31 27 21
49 55 20 15 11
49 56 109 90 70
49 57 77 68 52
49 58 193 151 122
49 59 73 63 54
49 60 83 73 58
49 61 85 66 52
49 62 130 114 101
49 63 84 68 54
49 64 124 111 86
49 65 77 61 49
49 66 89 77 66
49 67 101 91 77
49 68 77 63 54
49 69 97 87 70
49 70 58 49 38
49 71 93 81 72
49 72 204 159 127
49 73 67 60 50
49 74 42 36 31
49 75 127 113 89
49 76 94 78 64
49 77 186 146 112
49 78 99 89 69
49 79 125 106 93
49 80 125 97 80
49 81 151 133 102
49 82 167 139 107
49 83 77 63 48
49 84 126 108 97
49 85 44 37 31
49 86 26 23 19
49 87 156 129 109
49 88 42 35 29
49 89 140 110 89
49 90 93 81 64
49 91 96 86 67
49 92 79 71 57
49 93 113 88 72
49 94 98 87 68
49 95 40 32 26
49 96 161 137 114
49 97 112 101 80
49 98 163 132 116
49 99 96 84 75
50 51 94 74 57
50 52 108 87 76
50 53 145 123 96
50 54 138 107 83
50 55 122 108 87
50 56 181 147 114
50 57 142 118 107
50 58 113 99 85
50 59 62 48 43
50 60 106 82 69
50 61 66 56 46
50 62 64 51 46
50 63 60 50 44
50 64 100 86 73
50 65 113 95 78
50 66 62 52 44
50 67 35 29 22
50 68 68 53 44
50 69 144 115 91
50 70 84 72 61
50 71 67 57 46
50 72 121 103 84
50 73 112 94 83
50 74 108 85 70
50 75 64 57 45
50 76 142 112 89
50 77 71 58 48
50 78 143 123 108
50 79 159 144 124
50 80 33 29 26
50 81 155 120 100
50 82 125 100 88
50 83 121 107 92
50 84 147 125 102
50 85 126 99 79
50 86 132 102 84
50 87 123 104 90
50 88 117 103 85
50 89 81 63 55
50 90 165 128 99
50 91 151 133 110
50 92 141 114 93
50 93 65 53 45
50 94 86 76 62
50 95 111 97 84
50 96 82 74 60
50 97 59 46 38
50 98 94 80 70
50 99 47 37 30
51 52 69 54 43
51 53 126 98 82
51 54 82 68 58
51 55 105 83 73
51 56 89 69 61
51 57 79 70 61
51 58 57 51 45
51 59 68 56 50
51 60 36 30 24
51 61 66 52 43
51 62 41 32 27
51 63 63 56 46
51 64 27 22 17
51 65 48 41 35
51 66 35 28 22
51 67 68 53 41
51 68 63 54 47
51 69 58 47 37
51 70 96 77 60
51 71 21 18 15
51 72 78 63 50
51 73 55 48 38
51 74 63 56 50
51 75 26 21 17
51 76 57 44 37
51 77 58 49 39
51 78 74 62 55
51 79 103 84 68
51 80 47 42 33
51 81 68 56 44
51 82 58 46 37
51 83 68 56 47
51 84 70 60 46
51 85 79 62 49
51 86 77 67 60
51 87 54 46 39
51 88 73 63 53
51 89 18 15 11
51 90 63 54 47
51 91 83 74 58
51 92 66 52 44
51 93 20 17 15
51 94 17 15 12
51 95 75 66 55
51 96 56 43 36
51 97 27 24 20
51 98 55 43 38
51 99 45 35 31
52 53 54 48 42
52 54 30 23 17
52 55 53 42 35
52 56 72 61 47
52 57 50 43 34
52 58 131 101 84
52 59 69 54 41
52 60 29 26 21
52 61 44 39 34
52 62 98 76 67
52 63 58 45 37
52 64 71 61 49
52 65 22 17 13
52 66 51 40 36
52 67 80 61 55
52 68 54 46 39
52 69 57 45 36
52 70 51 45 36
52 71 61 47 39
52 72 118 100 90
52 73 21 18 16
52 74 25 19 16
52 75 82 63 55
52 76 47 37 30
52 77 114 95 79
52 78 71 55 43
52 79 104 80 66
52 80 76 62 53
52 81 86 75 66
52 82 111 91 70
52 83 30 24 20
52 84 87 75 62
52 85 11 9 7
52 86 28 24 19
52 87 118 94 72
52 88 16 14 12
52 89 84 69 53
52 90 57 46 35
52 91 69 53 43
52 92 44 35 27
52 93 59 46 39
52 94 48 39 31
52 95 20 16 13
52 96 115 89 78
52 97 65 58 48
52 98 107 95 79
52 99 71 63 48
53 54 42 32 25
53 55 16 12 10
53 56 98 87 76
53 57 77 66 58
53 58 178 143 125
53 59 76 63 53
53 60 98 79 62
53 61 73 61 52
53 62 144 121 103
53 63 81 64 53
53 64 115 100 90
53 65 82 63 54
53 66 96 77 68
53 67 97 87 77
53 68 70 63 53
53 69 124 96 75
53 70 59 47 36
53 71 103 90 74
53 72 209 164 131
53 73 80 64 55
53 74 51 39 33
53 75 121 108 91
53 76 99 82 69
53 77 155 128 114
53 78 114 90 75
53 79 146 115 98
53 80 109 95 80
53 81 153 119 106
53 82 146 129 112
53 83 74 60 53
53 84 143 129 102
53 85 49 43 35
53 86 33 26 23
53 87 166 130 113
53 88 51 42 34
53 89 115 101 91
53 90 105 83 70
53 91 121 94 73
53 92 90 81 62
53 93 92 83 74
53 94 98 83 71
53 95 43 37 30
53 96 179 139 116
53 97 117 102 81
53 98 148 134 119
53 99 116 95 75
54 55 32 25 19
54 56 88 69 57
54 57 60 53 41
54 58 135 115 101
54 59 58 50 42
54 60 58 46 37
54 61 57 45 37
54 62 108 92 81
54 63 59 46 40
54 64 89 73 66
54 65 44 38 29
54 66 76 60 47
54 67 82 69 62
54 68 62 49 41
54 69 71 62 52
54 70 43 37 30
54 71 84 67 53
54 72 135 121 107
54 73 46 37 31
54 74 20 18 14
54 75 96 84 69
54 76 69 56 45
54 77 142 119 93
54 78 88 70 54
54 79 113 92 78
54 80 98 79 62
54 81 124 100 82
54 82 140 111 87
54 83 49 38 31
54 84 107 96 78
54 85 17 13 11
54 86 4 3 2
54 87 128 99 89
54 88 16 13 11
54 89 94 85 68
54 90 70 63 48
54 91 83 65 53
54 92 55 46 40
54 93 73 60 53
54 94 70 58 48
54 95 11 8 6
54 96 136 110 93
54 97 93 78 61
54 98 137 118 95
54 99 85 69 57
55 56 106 89 74
55 57 79 67 56
55 58 154 138 117
55 59 66 57 44
55 60 87 70 54
55 61 63 53 42
55 62 122 108 94
55 63 64 57 44
55 64 126 101 82
55 65 75 59 47
55 66 80 72 59
55 67 99 85 68
55 68 64 51 44
55 69 91 79 70
55 70 42 34 27
55 71 86 74 65
55 72 175 141 122
55 73 78 64 49
55 74 37 31 24
55 75 128 102 82
55 76 87 72 63
55 77 137 122 105
55 78 111 92 72
55 79 122 106 96
55 80 95 81 71
55 81 154 125 100
55 82 157 121 104
55 83 70 61 49
55 84 141 112 96
55 85 39 33 28
55 86 27 22 17
55 87 147 132 106
55 88 49 38 29
55 89 123 100 83
55 90 105 84 66
55 91 97 78 70
55 92 93 72 58
55 93 98 78 65
55 94 81 71 63
55 95 37 30 24
55 96 168 131 107
55 97 103 83 72
55 98 162 130 110
55 99 102 79 66
56 57 31 24 19
56 58 118 103 82
56 59 131 103 86
56 60 62 51 45
56 61 100 86 78
56 62 118 105 87
56 63 112 94 82
56 64 78 63 53
56 65 65 50 39
56 66 101 90 70
56 67 152 118 93
56 68 120 100 84
56 69 36 28 25
56 70 119 96 82
56 71 104 86 69
56 72 124 108 90
56 73 50 43 34
56 74 94 72 62
56 75 119 92 78
56 76 36 32 25
56 77 150 123 97
56 78 10 8 6
56 79 36 30 23
56 80 129 100 88
56 81 75 60 48
56 82 89 76 63
56 83 37 33 27
56 84 57 48 40
56 85 82 63 50
56 86 82 70 58
56 87 91 70 63
56 88 74 57 47
56 89 96 78 70
56 90 24 19 15
56 91 9 7 5
56 92 32 28 22
56 93 94 78 69
56 94 84 66 53
56 95 74 66 51
56 96 129 117 90
56 97 121 97 78
56 98 116 98 86
56 99 139 107 84
57 58 129 113 91
57 59 103 86 75
57 60 61 51 40
57 61 86 77 67
57 62 119 100 87
57 63 106 86 71
57 64 87 74 57
57 65 46 39 30
57 66 83 75 64
57 67 132 110 86
57 68 106 89 73
57 69 42 36 30
57 70 92 83 68
57 71 100 85 65
57 72 131 116 98
57 73 38 33 25
57 74 68 57 48
57 75 109 98 77
57 76 44 34 26
57 77 149 127 99
57 78 29 25 19
57 79 63 54 41
57 80 104 92 82
57 81 82 67 60
57 82 116 92 72
57 83 24 20 16
57 84 78 69 53
57 85 56 46 36
57 86 62 52 42
57 87 95 86 73
57 88 47 38 31
57 89 104 89 71
57 90 28 23 19
57 91 28 21 16
57 92 27 23 18
57 93 98 79 65
57 94 77 67 51
57 95 53 42 35
57 96 144 119 94
57 97 104 86 74
57 98 130 109 91
57 99 117 99 78
58 59 140 115 93
58 60 105 82 64
58 61 123 97 87
58 62 60 47 40
58 63 128 100 89
58 64 54 44 36
58 65 111 86 74
58 66 88 73 65
58 67 108 89 78
58 68 131 102 91
58 69 89 73 61
58 70 153 135 105
58 71 78 66 57
58 72 16 12 9
58 73 113 95 75
58 74 155 119 94
58 75 69 59 45
58 76 103 81 66
58 77 63 52 40
58 78 104 90 77
58 79 100 88 75
58 80 113 88 68
58 81 55 43 37
58 82 31 25 20
58 83 122 94 82
58 84 58 50 45
58 85 146 119 91
58 86 154 120 103
58 87 33 26 20
58 88 137 112 94
58 89 53 45 38
58 90 101 85 73
58 91 121 93 80
58 92 118 95 74
58 93 81 67 58
58 94 72 65 55
58 95 156 120 97
58 96 40 31 27
58 97 83 72 56
58 98 23 19 16
58 99 101 80 69
59 60 72 57 45
59 61 12 10 8
59 62 86 73 60
59 63 8 7 5
59 64 101 80 65
59 65 65 54 48
59 66 41 36 29
59 67 37 29 25
59 68 5 4 3
59 69 94 78 69
59 70 32 25 19
59 71 52 41 36
59 72 140 118 96
59 73 79 67 53
59 74 46 38 29
59 75 75 59 50
59 76 89 74 64
59 77 101 86 69
59 78 119 99 81
59 79 136 123 103
59 80 44 39 31
59 81 141 113 90
59 82 139 109 87
59 83 85 76 60
59 84 128 108 90
59 85 60 50 41
59 86 59 52 42
59 87 122 102 88
59 88 73 60 47
59 89 80 72 56
59 90 108 91 73
59 91 116 103 82
59 92 91 74 65
59 93 53 41 36
59 94 68 57 45
59 95 68 53 44
59 96 113 87 75
59 97 57 47 38
59 98 112 101 82
59 99 41 31 27
60 61 47 42 37
60 62 79 63 50
60 63 56 47 41
60 64 40 33 29
60 65 20 16 12
60 66 39 32 26
60 67 75 62 49
60 68 68 55 43
60 69 34 29 25
60 70 73 56 48
60 71 34 30 25
60 72 98 82 70
60 73 23 19 16
60 74 46 38 32
60 75 51 43 38
60 76 30 26 21
60 77 98 77 61
60 78 53 48 40
60 79 84 68 59
60 80 74 57 44
60 81 76 63 49
60 82 70 62 51
60 83 35 29 25
60 84 65 57 47
60 85 40 31 27
60 86 53 47 39
60 87 80 64 52
60 88 42 37 31
60 89 58 44 34
60 90 49 39 31
60 91 55 48 41
60 92 40 33 25
60 93 41 33 26
60 94 18 15 12
60 95 44 39 33
60 96 90 75 59
60 97 45 40 35
60 98 95 78 60
60 99 60 49 40
61 62 92 73 56
61 63 7 6 4
61 64 92 72 58
61 65 58 46 40
61 66 34 28 23
61 67 40 33 26
61 68 10 8 6
61 69 89 78 61
61 70 30 23 20
61 71 46 36 30
61 72 125 104 90
61 73 63 52 45
61 74 38 32 24
61 75 65 54 45
61 76 85 67 57
61 77 107 84 66
61 78 97 83 74
61 79 156 123 95
61 80 48 37 29
61 81 106 93 83
61 82 112 91 80
61 83 76 60 53
61 84 107 92 82
61 85 52 40 35
61 86 52 44 38
61 87 126 98 82
61 88 55 46 41
61 89 75 61 50
61 90 90 79 65
61 91 100 86 74
61 92 88 68 57
61 93 48 38 30
61 94 54 44 38
61 95 57 47 39
61 96 101 90 71
61 97 50 39 34
61 98 106 91 77
61 99 40 31 25
62 63 84 65 57
62 64 52 45 35
62 65 91 76 61
62 66 51 41 35
62 67 61 49 40
62 68 85 72 58
62 69 100 78 62
62 70 106 90 75
62 71 41 33 29
62 72 57 49 39
62 73 81 72 64
62 74 103 82 70
62 75 18 16 13
62 76 90 78 63
62 77 19 15 12
62 78 120 97 81
62 79 134 109 90
62 80 42 36 31
62 81 85 72 59
62 82 63 51 44
62 83 93 83 74
62 84 89 73 63
62 85 93 81 73
62 86 105 94 82
62 87 67 54 46
62 88 115 101 78
62 89 25 21 18
62 90 120 93 73
62 91 132 102 83
62 92 106 84 70
62 93 44 35 29
62 94 50 45 38
62 95 129 102 79
62 96 26 21 17
62 97 31 27 22
62 98 37 32 25
62 99 43 38 33
63 64 86 72 60
63 65 63 54 44
63 66 38 30 25
63 67 33 29 24
63 68 4 3 2
63 69 86 72 65
63 70 25 22 19
63 71 47 40 32
63 72 119 106 92
63 73 71 59 49
63 74 44 35 27
63 75 68 54 46
63 76 89 69 60
63 77 91 81 67
63 78 104 89 77
63 79 141 124 98
63 80 47 38 29
63 81 120 96 86
63 82 122 97 82
63 83 80 71 56
63 84 136 111 85
63 85 58 47 38
63 86 62 49 40
63 87 122 98 84
63 88 66 54 44
63 89 81 63 52
63 90 94 84 69
63 91 114 89 78
63 92 93 76 61
63 93 44 38 32
63 94 59 50 41
63 95 66 54 42
63 96 97 85 72
63 97 55 44 35
63 98 103 92 78
63 99 38 33 25
64 65 58 45 38
64 66 59 45 37
64 67 88 69 57
64 68 88 74 62
64 69 47 36 29
64 70 105 82 73
64 71 46 40 31
64 72 68 55 43
64 73 66 51 39
64 74 84 75 59
64 75 45 35 29
64 76 52 42 32
64 77 62 52 45
64 78 72 60 47
64 79 88 73 56
64 80 65 56 49
64 81 41 32 28
64 82 36 30 23
64 83 69 56 47
64 84 51 39 30
64 85 93 72 56
64 86 99 81 67
64 87 37 29 25
64 88 75 67 59
64 89 28 23 19
64 90 65 50 41
64 91 76 61 50
64 92 59 46 41
64 93 48 39 31
64 94 33 27 21
64 95 94 80 61
64 96 60 47 38
64 97 45 40 35
64 98 50 40 34
64 99 71 55 47
65 66 51 45 35
65 67 84 69 57
65 68 72 57 46
65 69 35 29 24
65 70 73 57 47
65 71 56 46 36
65 72 130 102 80
65 73 10 8 6
65 74 39 32 28
65 75 79 62 49
65 76 27 22 18
65 77 104 86 73
65 78 51 43 34
65 79 89 71 56
65 80 75 65 53
65 81 79 66 54
65 82 81 70 59
65 83 23 19 15
65 84 67 56 50
65 85 29 24 19
65 86 49 41 31
65 87 85 75 60
65 88 29 24 21
65 89 60 50 45
65 90 35 30 25
65 91 47 42 34
65 92 27 21 18
65 93 48 42 36
65 94 32 28 24
65 95 35 28 24
65 96 101 79 70
65 97 65 56 45
65 98 102 86 70
65 99 75 61 48
66 67 35 28 24
66 68 33 29 26
66 69 69 55 49
66 70 59 51 41
66 71 14 11 8
66 72 93 80 68
66 73 52 45 39
66 74 57 45 36
66 75 33 28 24
66 76 69 58 46
66 77 69 53 47
66 78 96 82 65
66 79 117 99 82
66 80 25 22 19
66 81 104 81 64
66 82 83 70 59
66 83 64 55 49
66 84 100 83 64
66 85 60 52 40
66 86 77 62 49
66 87 80 70 60
66 88 66 51 46
66 89 41 34 28
66 90 88 72 56
66 91 95 79 66
66 92 73 64 50
66 93 15 11 8
66 94 26 23 20
66 95 64 56 46
66 96 76 60 50
66 97 22 19 14
66 98 87 67 55
66 99 21 17 14
67 68 37 31 24
67 69 112 93 72
67 70 62 54 43
67 71 46 36 28
67 72 110 98 79
67 73 84 71 62
67 74 62 54 48
67 75 49 38 33
67 76 96 84 69
67 77 65 56 47
67 78 138 110 88
67 79 156 133 106
67 80 16 13 10
67 81 125 106 85
67 82 107 91 76
67 83 93 82 71
67 84 112 101 86
67 85 80 65 57
67 86 95 76 63
67 87 122 101 78
67 88 103 80 64
67 89 60 51 43
67 90 132 101 79
67 91 125 103 89
67 92 119 91 73
67 93 38 33 27
67 94 62 48 43
67 95 85 73 62
67 96 85 72 56
67 97 38 30 23
67 98 87 76 65
67 99 17 13 11
68 69 91 78 67
68 70 31 25 19
68 71 42 38 34
68 72 134 114 93
68 73 80 63 51
68 74 38 33 28
68 75 69 59 48
68 76 99 79 62
68 77 103 79 67
68 78 116 97 79
68 79 143 114 100
68 80 44 35 30
68 81 140 114 88
68 82 109 94 84
68 83 82 69 58
68 84 125 102 87
68 85 60 48 39
68 86 59 48 41
68 87 126 97 86
68 88 72 56 45
68 89 78 68 53
68 90 103 91 70
68 91 114 91 80
68 92 82 73 63
68 93 53 42 34
68 94 63 49 43
68 95 70 55 43
68 96 95 84 74
68 97 55 43 36
68 98 115 104 80
68 99 38 32 26
69 70 103 80 70
69 71 66 58 46
69 72 110 86 69
69 73 29 26 21
69 74 80 63 51
69 75 75 66 53
69 76 12 10 7
69 77 108 86 73
69 78 26 23 19
69 79 49 42 35
69 80 97 83 65
69 81 50 39 33
69 82 66 56 43
69 83 38 30 23
69 84 43 33 27
69 85 59 47 42
69 86 70 60 53
69 87 64 53 44
69 88 62 51 42
69 89 75 59 45
69 90 20 16 12
69 91 33 29 22
69 92 23 20 15
69 93 60 53 46
69 94 43 36 30
69 95 70 57 46
69 96 97 82 66
69 97 74 66 54
69 98 92 75 63
69 99 95 74 62
70 71 70 54 48
70 72 166 139 108
70 73 77 66 51
70 74 35 27 21
70 75 95 81 64
70 76 94 77 64
70 77 117 104 85
70 78 127 99 78
70 79 143 113 101
70 80 63 55 48
70 81 147 115 96
70 82 145 113 96
70 83 80 65 55
70 84 147 113 94
70 85 56 43 33
70 86 44 36 30
70 87 156 123 97
70 88 52 45 38
70 89 87 76 68
70 90 116 91 71
70 91 108 96 78
70 92 101 79 62
70 93 75 61 48
70 94 84 68 53
70 95 49 38 34
70 96 145 117 90
70 97 80 69 53
70 98 154 123 95
70 99 64 52 44
71 72 77 68 60
71 73 59 49 40
71 74 62 52 42
71 75 25 22 17
71 76 65 54 44
71 77 67 53 41
71 78 98 80 63
71 79 118 96 79
71 80 33 26 20
71 81 83 74 58
71 82 72 63 51
71 83 68 60 50
71 84 83 74 59
71 85 60 51 45
71 86 78 69 54
71 87 76 64 53
71 88 63 56 50
71 89 27 23 20
71 90 74 65 55
71 91 87 72 65
71 92 69 59 49
71 93 3 2 1
71 94 26 21 16
71 95 74 66 51
71 96 57 48 43
71 97 15 12 10
71 98 69 57 47
71 99 25 20 17
72 73 101 90 81
72 74 143 121 99
72 75 67 56 47
72 76 98 85 73
72 77 48 43 37
72 78 128 104 85
72 79 126 99 84
72 80 97 83 69
72 81 63 52 46
72 82 41 32 28
72 83 136 105 89
72 84 74 63 54
72 85 142 115 97
72 86 161 137 108
72 87 41 32 28
72 88 130 112 100
72 89 56 46 41
72 90 123 96 81
72 91 131 112 88
72 92 126 101 82
72 93 85 71 61
72 94 84 67 60
72 95 162 133 103
72 96 38 29 24
72 97 81 67 58
72 98 21 18 15
72 99 102 86 70
73 74 44 36 31
73 75 80 64 53
73 76 22 19 15
73 77 103 93 76
73 78 46 37 29
73 79 67 57 51
73 80 87 69 58
73 81 80 68 52
73 82 80 66 59
73 83 16 12 10
73 84 70 58 48
73 85 32 25 21
73 86 48 37 32
73 87 76 67 60
73 88 31 26 22
73 89 69 59 48
73 90 32 26 21
73 91 39 33 29
73 92 20 16 13
73 93 59 51 41
73 94 37 31 27
73 95 35 30 25
73 96 97 84 73
73 97 72 60 50
73 98 121 94 72
73 99 77 62 53
74 75 80 70 58
74 76 67 57 45
74 77 120 102 82
74 78 82 69 58
74 79 125 99 82
74 80 70 56 50
74 81 129 100 80
74 82 131 103 82
74 83 49 41 35
74 84 105 86 77
74 85 20 15 13
74 86 24 19 15
74 87 108 96 83
74 88 27 22 19
74 89 89 76 59
74 90 82 66 51
74 91 90 73 58
74 92 62 49 43
74 93 68 52 42
74 94 59 50 40
74 95 24 19 15
74 96 115 101 83
74 97 67 60 49
74 98 135 112 87
74 99 64 53 45
75 76 82 66 53
75 77 35 29 24
75 78 105 88 72
75 79 127 103 84
75 80 35 28 23
75 81 79 66 56
75 82 57 51 44
75 83 92 73 63
75 84 82 71 59
75 85 89 72 60
75 86 104 84 70
75 87 69 57 46
75 88 95 85 66
75 89 15 13 11
75 90 98 80 64
75 91 97 87 74
75 92 99 76 60
75 93 30 23 17
75 94 38 34 27
75 95 102 86 67
75 96 38 32 27
75 97 16 14 12
75 98 45 39 33
75 99 40 31 24
76 77 105 89 74
76 78 27 23 20
76 79 60 49 39
76 80 97 80 63
76 81 60 48 39
76 82 80 61 48
76 83 28 22 17
76 84 52 43 34
76 85 54 42 36
76 86 74 60 47
76 87 62 55 49
76 88 60 46 36
76 89 61 54 46
76 90 17 14 11
76 91 29 24 21
76 92 16 12 9
76 93 70 57 45
76 94 40 33 29
76 95 54 43 39
76 96 103 79 69
76 97 69 60 53
76 98 97 80 66
76 99 95 76 59
77 78 142 113 92
77 79 159 126 100
77 80 60 51 39
77 81 86 76 66
77 82 70 57 49
77 83 127 109 85
77 84 114 90 71
77 85 110 96 84
77 86 146 120 94
77 87 72 57 51
77 88 119 107 90
77 89 41 35 29
77 90 112 95 84
77 91 139 108 94
77 92 111 100 82
77 93 53 47 41
77 94 64 57 50
77 95 137 114 90
77 96 21 16 14
77 97 46 39 33
77 98 38 31 25
77 99 63 48 42
78 79 39 31 24
78 80 127 97 82
78 81 68 53 44
78 82 83 69 58
78 83 40 31 24
78 84 50 45 36
78 85 74 60 47
78 86 88 72 56
78 87 87 67 59
78 88 68 52 44
78 89 92 79 64
78 90 15 12 9
78 91 6 5 4
78 92 27 22 17
78 93 97 82 64
78 94 68 55 48
78 95 73 58 48
78 96 129 106 85
78 97 97 86 72
78 98 126 97 80
78 99 118 91 78
79 80 140 120 99
79 81 58 46 39
79 82 82 71 56
79 83 75 62 48
79 84 48 39 31
79 85 99 87 71
79 86 122 96 80
79 87 77 68 56
79 88 96 85 68
79 89 98 85 74
79 90 44 37 31
79 91 37 33 26
79 92 60 52 40
79 93 114 101 80
79 94 103 82 63
79 95 98 82 72
79 96 142 117 90
79 97 118 105 87
79 98 128 106 83
79 99 132 112 96
80 81 115 96 76
80 82 109 86 67
80 83 101 79 67
80 84 110 94 78
80 85 87 67 56
80 86 89 74 64
80 87 109 87 68
80 88 98 81 63
80 89 47 38 33
80 90 111 86 74
80 91 118 103 84
80 92 95 80 68
80 93 31 26 20
80 94 50 45 36
80 95 87 72 62
80 96 67 55 47
80 97 22 17 14
80 98 77 64 55
80 99 10 8 6
81 82 29 24 19
81 83 83 65 56
81 84 15 12 9
81 85 112 88 73
81 86 118 105 84
81 87 28 21 18
81 88 107 89 73
81 89 68 58 45
81 90 62 51 42
81 91 66 53 47
81 92 68 56 47
81 93 82 73 58
81 94 62 56 46
81 95 107 90 77
81 96 74 61 54
81 97 93 81 63
81 98 68 56 46
81 99 99 84 74
82 83 101 82 65
82 84 34 30 26
82 85 120 95 77
82 86 129 101 89
82 87 4 3 2
82 88 107 95 80
82 89 46 38 34
82 90 89 69 54
82 91 81 68 61
82 92 81 65 57
82 93 84 66 52
82 94 63 54 43
82 95 109 97 82
82 96 53 43 37
82 97 79 61 54
82 98 39 34 28
82 99 90 77 66
83 84 73 63 50
83 85 38 30 24
83 86 48 39 33
83 87 105 85 66
83 88 32 25 21
83 89 92 71 57
83 90 25 19 17
83 91 35 29 23
83 92 17 13 10
83 93 72 58 50
83 94 48 42 37
83 95 40 31 25
83 96 124 106 82
83 97 90 69 59
83 98 124 99 80
83 99 93 73 62
84 85 108 83 68
84 86 115 98 80
84 87 44 34 26
84 88 110 85 69
84 89 78 62 48
84 90 52 42 35
84 91 57 46 39
84 92 57 47 41
84 93 88 76 60
84 94 67 58 45
84 95 101 82 73
84 96 93 78 60
84 97 94 80 65
84 98 79 68 53
84 99 109 94 76
85 86 19 15 12
85 87 119 92 79
85 88 12 9 7
85 89 78 67 59
85 90 61 50 40
85 91 74 59 46
85 92 41 36 32
85 93 75 59 45
85 94 61 48 38
85 95 11 9 7
85 96 110 97 84
85 97 77 69 53
85 98 109 98 86
85 99 76 65 51
86 87 117 101 90
86 88 17 14 12
86 89 103 91 70
86 90 70 55 49
86 91 75 67 54
86 92 60 47 41
86 93 72 60 54
86 94 65 56 49
86 95 14 11 8
86 96 137 120 95
86 97 93 73 62
86 98 123 109 97
86 99 85 73 58
87 88 115 93 81
87 89 52 42 36
87 90 81 71 55
87 91 80 70 62
87 92 89 72 58
87 93 78 63 54
87 94 68 58 45
87 95 124 108 84
87 96 52 44 38
87 97 79 61 55
87 98 41 35 29
87 99 99 79 68
88 89 87 78 64
88 90 60 48 38
88 91 57 48 43
88 92 45 36 30
88 93 70 62 50
88 94 59 53 42
88 95 9 7 5
88 96 133 105 89
88 97 91 71 59
88 98 122 110 90
88 99 78 65 58
89 90 78 67 56
89 91 91 75 66
89 92 86 70 54
89 93 27 23 20
89 94 37 29 22
89 95 102 80 65
89 96 44 34 26
89 97 31 25 20
89 98 45 35 28
89 99 50 38 33
90 91 15 13 11
90 92 14 11 9
90 93 80 62 55
90 94 56 50 39
90 95 57 49 42
90 96 116 89 78
90 97 98 75 64
90 98 106 87 74
90 99 94 82 70
91 92 26 21 17
91 93 83 72 65
91 94 77 59 49
91 95 75 61 47
91 96 130 111 87
91 97 106 91 74
91 98 135 104 83
91 99 123 101 80
92 93 79 61 50
92 94 54 41 34
92 95 54 43 34
92 96 114 98 77
92 97 83 67 59
92 98 108 95 74
92 99 89 79 64
93 94 23 19 17
93 95 77 60 51
93 96 66 51 43
93 97 15 12 10
93 98 69 61 48
93 99 25 20 17
94 95 57 51 44
94 96 72 59 47
94 97 42 32 25
94 98 71 57 48
94 99 51 42 33
95 96 148 115 90
95 97 88 70 59
95 98 119 105 92
95 99 84 65 57
96 97 53 42 38
96 98 17 14 11
96 99 81 64 49
97 98 62 55 44
97 99 18 16 13
98 99 74 66 57
5
8
2
6
10
6
5
2
4
2
2
7
5
10
1
6
4
10
7
5
6
5
3
10
9
4
10
4
4
3
6
9
5
6
7
4
4
1
8
3
1
1
1
6
3
5
7
4
4
10
3
6
4
8
6
5
1
6
8
9
2
10
9
1
9
3
6
9
5
6
9
6
6
3
7
3
1
8
2
5
5
5
9
1
7
6
10
3
9
7
3
1
10
5
9
6
9
1
4
2
