100 4950
0 1 47 38 34
0 2 51 40 31
0 3 69 57 45
0 4 60 47 41
0 5 41 32 27
0 6 107 90 69
0 7 34 26 22
0 8 123 108 86
0 9 47 41 36
0 10 109 86 67
0 11 81 64 56
0 12 31 25 19
0 13 96 79 67
0 14 58 52 46
0 15 63 51 39
0 16 40 31 25
0 17 43 33 27
0 18 68 59 46
0 19 60 51 44
0 20 28 23 20
0 21 101 85 73
0 22 65 50 44
0 23 107 89 76
0 24 68 53 43
0 25 102 79 66
0 26 91 75 62
0 27 51 46 38
0 28 82 72 60
0 29 87 69 62
0 30 79 66 58
0 31 89 73 58
0 32 57 47 40
0 33 146 116 95
0 34 74 61 54
0 35 84 72 62
0 36 139 115 91
0 37 81 64 52
0 38 81 68 53
0 39 65 54 44
0 40 25 20 16
0 41 98 81 68
0 42 35 27 22
0 43 117 91 73
0 44 59 51 39
0 45 122 94 77
0 46 126 111 87
0 47 37 31 27
0 48 96 83 74
0 49 89 72 64
0 50 29 22 17
0 51 50 40 35
0 52 41 36 29
0 53 70 54 42
0 54 64 49 42
0 55 118 98 83
0 56 85 67 51
0 57 50 42 37
0 58 122 104 86
0 59 113 97 85
0 60 37 33 26
0 61 79 66 54
0 62 37 31 28
0 63 19 15 12
0 64 16 12 10
0 65 55 42 33
0 66 41 35 31
0 67 111 88 79
0 68 40 35 30
0 69 33 25 21
0 70 9 7 5
0 71 146 113 100
0 72 56 45 37
0 73 32 28 25
0 74 18 15 12
0 75 74 57 51
0 76 134 106 86
0 77 31 24 21
0 78 37 29 26
0 79 121 103 86
0 80 121 94 77
0 81 31 27 23
0 82 91 79 65
0 83 87 76 67
0 84 11 9 8
0 85 132 113 97
0 86 124 107 85
0 87 106 93 77
0 88 50 45 38
0 89 17 15 13
0 90 51 42 33
0 91 76 63 55
0 92 103 91 70
0 93 157 132 104
0 94 103 81 67
0 95 20 16 13
0 96 24 18 14
0 97 121 95 81
0 98 95 77 62
0 99 102 87 73
1 2 41 36 32
1 3 104 83 74
1 4 95 83 72
1 5 84 66 59
1 6 125 101 79
1 7 74 64 55
1 8 122 102 88
1 9 47 39 34
1 10 51 39 33
1 11 50 41 31
1 12 77 59 51
1 13 113 96 82
1 14 92 78 70
1 15 46 38 31
1 16 16 13 11
1 17 79 68 61
1 18 49 41 36
1 19 77 69 62
1 20 42 36 31
1 21 97 80 65
1 22 101 82 65
1 23 131 102 82
1 24 33 28 23
1 25 51 45 34
1 26 112 91 73
1 27 93 73 65
1 28 135 110 86
1 29 83 65 52
1 30 46 38 33
1 31 82 64 53
1 32 65 51 40
1 33 141 110 90
1 34 96 77 62
1 35 111 100 87
1 36 124 105 93
1 37 41 32 28
1 38 99 80 66
1 39 113 91 74
1 40 65 59 49
1 41 145 116 92
1 42 83 68 56
1 43 117 105 85
1 44 101 87 69
1 45 107 92 82
1 46 116 101 81
1 47 83 64 51
1 48 124 105 87
1 49 49 39 32
1 50 79 64 51
1 51 82 73 59
1 52 28 24 21
1 53 108 93 74
1 54 78 70 57
1 55 89 77 69
1 56 88 71 57
1 57 6 5 4
1 58 109 91 75
1 59 103 91 76
1 60 62 54 42
1 61 133 103 79
1 62 79 66 59
1 63 77 59 46
1 64 45 39 32
1 65 98 76 66
1 66 88 72 63
1 67 140 116 102
1 68 14 12 9
1 69 75 62 49
1 70 49 39 30
1 71 140 109 95
1 72 62 56 46
1 73 76 63 57
1 74 53 45 37
1 75 27 23 20
1 76 160 126 108
1 77 22 17 15
1 78 18 16 12
1 79 148 119 92
1 80 99 85 66
1 81 69 58 49
1 82 137 112 86
1 83 101 85 72
1 84 47 42 36
1 85 134 105 93
1 86 116 90 77
1 87 93 80 69
1 88 86 75 62
1 89 47 36 30
1 90 108 85 66
1 91 117 91 74
1 92 78 64 49
1 93 134 120 96
1 94 65 54 43
1 95 72 58 46
1 96 63 56 48
1 97 121 107 83
1 98 64 54 45
1 99 107 85 73
2 3 75 65 50
2 4 74 63 51
2 5 79 67 55
2 6 63 55 48
2 7 66 51 44
2 8 82 71 59
2 9 11 8 6
2 10 75 66 55
2 11 44 39 34
2 12 62 55 47
2 13 68 59 51
2 14 66 51 42
2 15 17 14 11
2 16 45 37 31
2 17 71 60 51
2 18 21 18 16
2 19 48 42 32
2 20 18 14 11
2 21 63 55 43
2 22 49 42 36
2 23 73 61 51
2 24 36 28 21
2 25 73 66 51
2 26 58 46 41
2 27 64 53 41
2 28 80 72 59
2 29 48 37 31
2 30 58 45 35
2 31 43 37 28
2 32 15 13 11
2 33 99 80 66
2 34 50 40 31
2 35 92 73 59
2 36 94 77 64
2 37 43 34 30
2 38 51 39 34
2 39 77 66 53
2 40 59 51 45
2 41 97 78 63
2 42 55 49 43
2 43 78 64 53
2 44 65 56 47
2 45 71 64 52
2 46 82 68 58
2 47 44 35 27
2 48 85 71 55
2 49 65 56 48
2 50 64 51 39
2 51 44 39 33
2 52 19 15 12
2 53 74 64 54
2 54 44 34 27
2 55 68 61 53
2 56 37 31 26
2 57 51 44 35
2 58 89 71 56
2 59 77 67 55
2 60 24 20 15
2 61 75 65 51
2 62 82 65 56
2 63 60 46 39
2 64 52 45 37
2 65 80 67 58
2 66 71 55 44
2 67 98 83 73
2 68 37 28 24
2 69 37 33 29
2 70 41 34 30
2 71 117 91 71
2 72 24 18 14
2 73 81 69 53
2 74 34 26 22
2 75 50 45 36
2 76 115 97 78
2 77 31 26 22
2 78 43 39 34
2 79 85 72 62
2 80 69 61 47
2 81 43 37 28
2 82 83 65 55
2 83 65 54 42
2 84 35 29 26
2 85 103 80 68
2 86 74 63 55
2 87 68 61 47
2 88 54 42 35
2 89 55 49 39
2 90 65 58 52
2 91 65 56 43
2 92 70 54 43
2 93 102 88 75
2 94 68 55 42
2 95 51 41 35
2 96 52 45 38
2 97 77 61 55
2 98 53 43 33
2 99 65 58 45
3 4 12 10 8
3 5 71 55 42
3 6 67 58 49
3 7 44 36 30
3 8 106 93 72
3 9 87 69 54
3 10 165 131 103
3 11 119 102 83
3 12 56 47 40
3 13 57 51 40
3 14 23 18 15
3 15 77 69 60
3 16 91 75 67
3 17 48 37 31
3 18 106 81 63
3 19 36 32 27
3 20 62 51 45
3 21 115 96 77
3 22 28 23 20
3 23 92 74 60
3 24 113 89 71
3 25 141 125 101
3 26 65 56 44
3 27 16 13 10
3 28 26 22 17
3 29 95 82 71
3 30 124 97 85
3 31 94 80 65
3 32 82 63 53
3 33 125 109 90
3 34 71 57 45
3 35 30 26 20
3 36 118 93 77
3 37 131 102 80
3 38 48 41 37
3 39 8 7 6
3 40 66 54 41
3 41 42 35 27
3 42 42 35 27
3 43 73 58 50
3 44 12 10 7
3 45 94 76 62
3 46 116 98 85
3 47 32 28 24
3 48 70 57 49
3 49 137 120 97
3 50 40 34 30
3 51 27 23 18
3 52 79 69 59
3 53 17 14 11
3 54 41 36 32
3 55 132 109 92
3 56 66 59 48
3 57 110 88 77
3 58 123 106 89
3 59 132 102 87
3 60 51 42 36
3 61 21 17 14
3 62 76 58 45
3 63 52 45 38
3 64 78 68 54
3 65 53 41 37
3 66 25 19 16
3 67 57 44 37
3 68 91 80 67
3 69 36 29 26
3 70 80 62 50
3 71 128 104 93
3 72 59 49 41
3 73 55 47 41
3 74 60 46 38
3 75 116 96 85
3 76 74 57 45
3 77 78 69 60
3 78 116 89 69
3 79 90 81 67
3 80 127 107 83
3 81 41 33 25
3 82 42 37 29
3 83 81 70 55
3 84 61 48 40
3 85 130 114 90
3 86 116 98 85
3 87 115 97 80
3 88 23 20 17
3 89 91 71 57
3 90 32 26 23
3 91 40 36 28
3 92 131 116 91
3 93 151 124 101
3 94 131 112 91
3 95 49 40 33
3 96 51 41 34
3 97 99 83 69
3 98 108 88 79
3 99 93 81 67
4 5 56 44 35
4 6 77 67 56
4 7 32 28 23
4 8 106 89 79
4 9 74 62 55
4 10 137 123 102
4 11 117 104 84
4 12 54 43 34
4 13 64 57 47
4 14 31 26 21
4 15 90 79 61
4 16 107 82 64
4 17 37 29 23
4 18 98 75 65
4 19 51 39 32
4 20 65 57 44
4 21 132 102 81
4 22 34 29 26
4 23 94 83 66
4 24 106 91 71
4 25 144 127 100
4 26 79 61 50
4 27 18 15 13
4 28 34 29 24
4 29 96 84 75
4 30 125 97 85
4 31 109 85 68
4 32 80 63 55
4 33 131 108 96
4 34 73 62 50
4 35 43 35 27
4 36 129 101 83
4 37 117 90 80
4 38 63 53 43
4 39 7 6 4
4 40 56 46 35
4 41 51 40 34
4 42 29 25 21
4 43 80 72 57
4 44 9 7 5
4 45 111 85 69
4 46 136 110 90
4 47 34 30 25
4 48 71 62 56
4 49 142 119 97
4 50 40 31 25
4 51 28 24 21
4 52 80 72 58
4 53 6 5 4
4 54 49 41 36
4 55 134 110 96
4 56 74 64 52
4 57 110 92 75
4 58 136 105 93
4 59 120 106 92
4 60 51 41 36
4 61 37 29 22
4 62 51 44 37
4 63 46 37 33
4 64 71 60 49
4 65 43 36 29
4 66 17 13 10
4 67 67 52 45
4 68 89 73 65
4 69 34 29 24
4 70 66 52 46
4 71 134 110 99
4 72 65 57 44
4 73 48 39 34
4 74 53 43 35
4 75 122 107 84
4 76 71 61 52
4 77 82 64 57
4 78 102 82 65
4 79 105 82 74
4 80 131 109 87
4 81 36 30 24
4 82 49 43 37
4 83 78 70 61
4 84 55 44 37
4 85 152 119 96
4 86 130 112 90
4 87 122 102 84
4 88 33 27 21
4 89 74 60 52
4 90 25 21 16
4 91 50 45 35
4 92 122 106 92
4 93 172 133 106
4 94 137 117 93
4 95 42 36 28
4 96 43 33 28
4 97 114 92 75
4 98 130 100 81
4 99 110 86 72
5 6 130 102 82
5 7 23 18 15
5 8 147 126 103
5 9 85 69 60
5 10 131 102 91
5 11 103 93 82
5 12 12 9 8
5 13 103 91 77
5 14 64 57 51
5 15 99 80 64
5 16 75 60 48
5 17 18 14 12
5 18 105 83 70
5 19 91 71 56
5 20 63 49 44
5 21 158 122 95
5 22 68 59 52
5 23 115 103 91
5 24 112 88 69
5 25 143 113 92
5 26 109 94 76
5 27 52 46 41
5 28 84 73 58
5 29 118 99 85
5 30 108 93 84
5 31 117 94 81
5 32 87 74 63
5 33 179 149 115
5 34 112 91 71
5 35 82 69 62
5 36 162 129 108
5 37 115 92 78
5 38 92 80 66
5 39 55 49 38
5 40 16 14 11
5 41 86 75 68
5 42 29 22 17
5 43 113 94 85
5 44 56 44 36
5 45 128 106 93
5 46 161 127 108
5 47 58 45 39
5 48 114 99 85
5 49 134 111 89
5 50 26 21 18
5 51 61 48 43
5 52 87 69 55
5 53 50 42 34
5 54 81 68 57
5 55 154 137 107
5 56 100 90 70
5 57 81 70 61
5 58 167 139 108
5 59 163 127 108
5 60 62 52 45
5 61 84 67 55
5 62 5 4 3
5 63 23 19 16
5 64 41 32 28
5 65 17 13 10
5 66 39 32 28
5 67 122 100 79
5 68 74 62 55
5 69 48 41 32
5 70 41 35 30
5 71 190 149 120
5 72 73 64 56
5 73 4 3 2
5 74 46 40 33
5 75 103 90 77
5 76 141 113 87
5 77 69 53 47
5 78 64 54 48
5 79 164 130 100
5 80 149 125 100
5 81 48 39 34
5 82 90 78 69
5 83 109 98 83
5 84 46 36 30
5 85 175 145 117
5 86 158 132 107
5 87 138 113 100
5 88 69 55 46
5 89 47 39 30
5 90 32 25 20
5 91 88 76 64
5 92 154 120 96
5 93 195 157 125
5 94 148 119 93
5 95 31 26 21
5 96 26 21 18
5 97 132 111 99
5 98 137 110 87
5 99 130 113 92
6 7 97 81 68
6 8 36 30 24
6 9 74 57 46
6 10 136 110 96
6 11 104 88 70
6 12 121 93 77
6 13 17 14 12
6 14 51 40 35
6 15 80 66 51
6 16 107 88 78
6 17 111 89 73
6 18 72 58 48
6 19 43 35 27
6 20 82 63 53
6 21 57 46 40
6 22 48 38 32
6 23 19 14 12
6 24 82 73 62
6 25 126 106 91
6 26 11 9 8
6 27 66 53 44
6 28 58 50 42
6 29 63 50 43
6 30 108 89 69
6 31 53 42 36
6 32 56 49 41
6 33 63 50 44
6 34 29 23 18
6 35 57 47 39
6 36 43 33 28
6 37 99 80 68
6 38 28 22 17
6 39 77 66 55
6 40 104 92 76
6 41 58 49 38
6 42 97 84 66
6 43 10 8 6
6 44 71 62 52
6 45 20 16 14
6 46 55 47 40
6 47 63 52 44
6 48 14 11 9
6 49 127 108 87
6 50 107 84 65
6 51 57 45 40
6 52 96 76 59
6 53 85 67 59
6 54 38 34 27
6 55 79 61 55
6 56 34 29 23
6 57 104 92 82
6 58 71 56 48
6 59 62 54 46
6 60 71 56 43
6 61 57 44 38
6 62 131 104 85
6 63 112 87 70
6 64 126 99 78
6 65 114 92 80
6 66 87 69 57
6 67 63 49 41
6 68 100 86 71
6 69 67 59 51
6 70 96 86 71
6 71 63 55 46
6 72 51 42 35
6 73 124 97 80
6 74 80 63 57
6 75 114 94 78
6 76 69 54 43
6 77 98 82 69
6 78 118 105 81
6 79 30 24 19
6 80 63 51 46
6 81 79 61 49
6 82 42 32 27
6 83 18 15 12
6 84 89 80 62
6 85 65 53 42
6 86 65 51 43
6 87 59 49 41
6 88 57 45 37
6 89 111 93 81
6 90 99 81 68
6 91 33 28 22
6 92 100 84 66
6 93 76 65 54
6 94 112 86 71
6 95 100 79 64
6 96 92 79 67
6 97 32 26 22
6 98 86 68 55
6 99 34 27 24
7 8 138 114 89
7 9 64 55 49
7 10 111 97 88
7 11 118 96 74
7 12 18 14 11
7 13 100 81 63
7 14 57 46 37
7 15 82 67 54
7 16 66 57 46
7 17 11 9 7
7 18 86 76 60
7 19 53 47 41
7 20 56 43 34
7 21 121 103 83
7 22 62 49 38
7 23 109 94 77
7 24 85 71 61
7 25 121 102 87
7 26 97 75 61
7 27 37 30 27
7 28 58 51 46
7 29 115 94 74
7 30 117 98 76
7 31 91 77 69
7 32 83 64 52
7 33 159 133 102
7 34 77 68 57
7 35 70 61 49
7 36 119 107 94
7 37 98 79 71
7 38 77 59 52
7 39 39 30 26
7 40 16 14 12
7 41 80 69 55
7 42 5 4 3
7 43 100 79 71
7 44 39 30 24
7 45 111 99 79
7 46 146 117 95
7 47 39 30 25
7 48 107 82 71
7 49 116 105 84
7 50 9 7 6
7 51 42 37 29
7 52 69 55 47
7 53 35 27 23
7 54 58 52 43
7 55 138 113 96
7 56 83 67 56
7 57 84 66 58
7 58 139 113 96
7 59 139 117 95
7 60 50 39 33
7 61 70 55 42
7 62 25 21 17
7 63 17 13 11
7 64 45 35 28
7 65 22 18 15
7 66 26 20 15
7 67 95 81 66
7 68 77 60 50
7 69 28 22 18
7 70 43 33 27
7 71 155 134 106
7 72 57 49 44
7 73 20 16 13
7 74 39 30 23
7 75 101 79 71
7 76 120 94 74
7 77 61 52 42
7 78 76 60 47
7 79 138 107 86
7 80 116 103 88
7 81 32 25 20
7 82 81 64 56
7 83 103 89 69
7 84 33 26 21
7 85 141 123 103
7 86 137 109 94
7 87 132 110 87
7 88 46 36 32
7 89 45 39 31
7 90 20 15 12
7 91 76 63 49
7 92 127 104 87
7 93 146 128 112
7 94 121 97 85
7 95 15 12 10
7 96 13 10 8
7 97 108 97 85
7 98 119 101 77
7 99 110 89 79
8 9 81 71 56
8 10 140 119 97
8 11 94 85 70
8 12 141 108 97
8 13 54 45 35
8 14 82 71 58
8 15 87 73 58
8 16 145 115 89
8 17 154 119 94
8 18 68 61 53
8 19 63 55 48
8 20 85 76 68
8 21 48 37 30
8 22 84 65 54
8 23 19 17 13
8 24 97 82 67
8 25 134 103 91
8 26 42 34 29
8 27 108 83 67
8 28 97 82 66
8 29 55 48 40
8 30 117 90 69
8 31 47 42 36
8 32 68 58 50
8 33 38 29 22
8 34 47 42 33
8 35 97 78 62
8 36 10 7 5
8 37 89 78 70
8 38 61 47 37
8 39 113 97 78
8 40 146 116 95
8 41 80 68 60
8 42 113 100 86
8 43 35 30 25
8 44 96 85 74
8 45 16 14 11
8 46 31 27 21
8 47 92 71 64
8 48 43 33 28
8 49 142 111 87
8 50 115 96 85
8 51 89 69 61
8 52 108 88 69
8 53 115 98 82
8 54 72 60 47
8 55 59 52 42
8 56 46 41 35
8 57 136 112 90
8 58 48 37 32
8 59 41 34 29
8 60 79 68 60
8 61 93 79 62
8 62 144 120 105
8 63 135 105 90
8 64 139 107 95
8 65 146 114 102
8 66 112 98 79
8 67 85 73 61
8 68 107 93 80
8 69 110 84 71
8 70 147 114 87
8 71 31 26 23
8 72 72 64 50
8 73 146 126 101
8 74 106 96 74
8 75 122 104 82
8 76 76 69 61
8 77 125 103 81
8 78 126 106 93
8 79 18 15 11
8 80 49 43 35
8 81 100 79 69
8 82 72 63 50
8 83 26 23 20
8 84 117 97 79
8 85 26 22 19
8 86 43 34 27
8 87 46 37 29
8 88 76 68 59
8 89 142 120 96
8 90 125 112 90
8 91 67 57 45
8 92 99 77 60
8 93 44 39 32
8 94 103 86 67
8 95 123 106 83
8 96 125 98 86
8 97 7 6 5
8 98 76 62 52
8 99 22 18 16
9 10 79 65 54
9 11 44 35 31
9 12 85 66 52
9 13 74 59 50
9 14 66 52 44
9 15 11 8 7
9 16 53 44 34
9 17 83 68 56
9 18 16 14 11
9 19 50 43 33
9 20 22 19 16
9 21 56 44 38
9 22 49 43 38
9 23 70 61 49
9 24 26 21 19
9 25 73 60 49
9 26 57 50 40
9 27 71 57 44
9 28 77 68 61
9 29 39 32 26
9 30 41 36 31
9 31 33 29 24
9 32 11 8 6
9 33 84 69 61
9 34 42 37 29
9 35 98 76 60
9 36 86 72 61
9 37 43 35 27
9 38 53 41 34
9 39 83 71 56
9 40 68 58 50
9 41 99 76 64
9 42 79 61 48
9 43 83 65 51
9 44 68 56 50
9 45 83 64 49
9 46 73 61 53
9 47 44 37 30
9 48 74 66 54
9 49 67 55 46
9 50 56 49 44
9 51 59 47 36
9 52 24 19 14
9 53 95 74 58
9 54 39 35 27
9 55 69 59 48
9 56 34 29 23
9 57 57 44 36
9 58 73 63 51
9 59 73 61 50
9 60 29 25 19
9 61 77 62 53
9 62 86 70 62
9 63 69 57 44
9 64 59 49 42
9 65 87 77 63
9 66 61 54 48
9 67 101 85 73
9 68 36 31 26
9 69 45 37 33
9 70 55 45 35
9 71 100 81 66
9 72 23 18 15
9 73 85 70 58
9 74 41 34 27
9 75 48 41 35
9 76 110 91 79
9 77 38 31 26
9 78 50 42 38
9 79 88 76 59
9 80 62 51 42
9 81 50 38 32
9 82 82 65 56
9 83 51 45 39
9 84 48 40 31
9 85 85 72 64
9 86 75 60 50
9 87 55 48 42
9 88 63 50 38
9 89 58 49 43
9 90 83 67 57
9 91 69 54 44
9 92 61 50 39
9 93 110 88 70
9 94 58 48 38
9 95 64 51 40
9 96 64 56 43
9 97 72 65 51
9 98 44 36 28
9 99 66 51 42
10 11 42 35 28
10 12 136 106 84
10 13 147 125 102
10 14 138 115 96
10 15 69 59 47
10 16 62 51 43
10 17 130 111 94
10 18 79 62 49
10 19 124 104 86
10 20 79 68 59
10 21 94 77 68
10 22 125 111 91
10 23 143 122 95
10 24 58 45 35
10 25 13 11 8
10 26 139 108 91
10 27 116 104 94
10 28 166 138 113
10 29 93 74 57
10 30 47 36 29
10 31 91 75 62
10 32 84 71 57
10 33 131 107 91
10 34 122 94 80
10 35 169 140 113
10 36 134 114 101
10 37 43 35 29
10 38 134 105 86
10 39 163 136 105
10 40 121 98 82
10 41 179 153 117
10 42 136 107 88
10 43 135 116 102
10 44 164 129 99
10 45 128 114 94
10 46 134 108 84
10 47 130 100 79
10 48 160 135 105
10 49 16 13 11
10 50 121 100 83
10 51 113 99 87
10 52 69 56 45
10 53 160 123 105
10 54 110 99 80
10 55 97 77 65
10 56 107 86 74
10 57 41 35 31
10 58 115 94 74
10 59 108 94 76
10 60 101 83 69
10 61 152 123 106
10 62 145 111 92
10 63 113 95 78
10 64 82 72 64
10 65 140 124 99
10 66 121 106 94
10 67 194 153 127
10 68 60 47 38
10 69 98 88 79
10 70 91 78 62
10 71 141 120 96
10 72 90 78 68
10 73 130 101 90
10 74 98 83 68
10 75 28 23 19
10 76 188 147 132
10 77 73 56 46
10 78 65 53 44
10 79 134 120 104
10 80 109 85 66
10 81 118 92 79
10 82 161 138 109
10 83 136 105 86
10 84 106 82 68
10 85 131 111 96
10 86 110 96 77
10 87 108 84 72
10 88 135 107 89
10 89 83 73 63
10 90 131 115 98
10 91 146 126 97
10 92 57 50 41
10 93 136 115 95
10 94 43 38 32
10 95 112 88 78
10 96 109 94 80
10 97 123 106 93
10 98 59 53 46
10 99 120 102 82
11 12 105 84 74
11 13 101 87 77
11 14 106 94 74
11 15 37 29 24
11 16 57 50 39
11 17 119 95 81
11 18 37 28 23
11 19 92 71 62
11 20 58 50 41
11 21 58 51 42
11 22 98 85 68
11 23 108 88 68
11 24 19 16 13
11 25 31 27 22
11 26 94 83 65
11 27 108 89 74
11 28 133 106 91
11 29 45 36 30
11 30 5 4 3
11 31 47 42 35
11 32 49 38 33
11 33 95 77 66
11 34 74 61 54
11 35 128 106 90
11 36 96 86 74
11 37 6 5 4
11 38 86 69 61
11 39 119 100 86
11 40 117 93 72
11 41 153 120 94
11 42 98 84 74
11 43 103 83 75
11 44 116 99 80
11 45 99 80 67
11 46 83 72 58
11 47 91 77 60
11 48 110 96 78
11 49 27 21 18
11 50 109 87 69
11 51 82 74 66
11 52 37 32 28
11 53 119 101 87
11 54 75 64 57
11 55 60 52 42
11 56 75 61 48
11 57 44 38 30
11 58 75 60 50
11 59 67 60 51
11 60 77 61 48
11 61 108 97 83
11 62 130 106 83
11 63 87 75 67
11 64 84 66 58
11 65 129 100 87
11 66 109 97 77
11 67 150 127 102
11 68 47 37 29
11 69 80 71 61
11 70 82 69 53
11 71 114 92 71
11 72 70 55 44
11 73 118 99 80
11 74 72 58 52
11 75 21 17 14
11 76 156 138 107
11 77 52 46 36
11 78 67 53 42
11 79 108 89 77
11 80 67 54 41
11 81 86 74 61
11 82 112 95 85
11 83 80 70 59
11 84 72 63 54
11 85 108 87 70
11 86 69 60 52
11 87 67 56 46
11 88 103 88 68
11 89 86 67 57
11 90 116 95 84
11 91 109 86 73
11 92 29 23 19
11 93 100 81 71
11 94 20 16 13
11 95 104 82 65
11 96 88 76 67
11 97 90 78 66
11 98 27 23 20
11 99 79 63 55
12 13 97 86 72
12 14 66 55 47
12 15 75 66 56
12 16 51 46 41
12 17 22 17 13
12 18 88 70 62
12 19 79 65 50
12 20 50 41 36
12 21 120 105 88
12 22 63 57 47
12 23 136 110 85
12 24 97 75 61
12 25 120 104 84
12 26 92 81 70
12 27 54 43 38
12 28 85 73 57
12 29 109 88 77
12 30 125 97 76
12 31 105 83 73
12 32 89 71 56
12 33 146 128 109
12 34 95 81 64
12 35 85 70 59
12 36 151 119 101
12 37 90 81 70
12 38 92 75 61
12 39 59 47 37
12 40 6 4 3
12 41 96 80 66
12 42 19 16 14
12 43 110 98 80
12 44 49 43 34
12 45 135 104 87
12 46 126 113 101
12 47 46 40 33
12 48 111 100 80
12 49 133 104 82
12 50 19 16 12
12 51 55 44 38
12 52 68 57 47
12 53 48 40 34
12 54 80 63 51
12 55 147 129 100
12 56 88 74 63
12 57 78 66 54
12 58 130 116 101
12 59 140 117 100
12 60 65 50 38
12 61 87 67 52
12 62 16 13 10
12 63 13 11 8
12 64 32 26 21
12 65 22 18 15
12 66 40 33 25
12 67 111 95 77
12 68 73 57 48
12 69 33 29 26
12 70 34 28 22
12 71 157 127 113
12 72 71 58 49
12 73 11 9 7
12 74 37 31 25
12 75 89 78 69
12 76 132 109 85
12 77 56 44 39
12 78 54 48 41
12 79 133 115 95
12 80 136 112 93
12 81 41 33 28
12 82 91 75 66
12 83 105 94 77
12 84 29 26 22
12 85 167 131 110
12 86 150 120 99
12 87 131 116 92
12 88 68 54 41
12 89 33 26 23
12 90 28 24 20
12 91 94 77 59
12 92 126 111 88
12 93 166 149 118
12 94 116 98 85
12 95 20 16 14
12 96 16 13 11
12 97 137 115 92
12 98 124 101 79
12 99 134 110 86
13 14 45 35 27
13 15 80 64 56
13 16 118 94 80
13 17 104 82 66
13 18 72 61 54
13 19 39 30 24
13 20 76 68 54
13 21 70 62 50
13 22 41 32 26
13 23 34 26 23
13 24 97 84 68
13 25 133 111 97
13 26 21 17 13
13 27 47 42 37
13 28 45 35 31
13 29 73 60 52
13 30 111 89 76
13 31 60 53 45
13 32 72 59 46
13 33 88 69 55
13 34 34 30 23
13 35 38 33 28
13 36 60 47 39
13 37 105 94 74
13 38 26 20 17
13 39 68 57 46
13 40 99 87 72
13 41 39 33 26
13 42 95 77 60
13 43 14 12 10
13 44 66 51 44
13 45 36 32 26
13 46 70 59 52
13 47 60 49 41
13 48 13 11 9
13 49 126 103 93
13 50 79 71 60
13 51 54 41 34
13 52 80 70 63
13 53 73 63 51
13 54 38 31 26
13 55 94 77 66
13 56 46 35 29
13 57 123 111 85
13 58 92 73 60
13 59 92 73 57
13 60 66 53 43
13 61 39 33 28
13 62 128 100 79
13 63 108 87 67
13 64 113 90 77
13 65 112 93 74
13 66 73 62 50
13 67 43 36 29
13 68 97 83 74
13 69 73 56 48
13 70 99 84 70
13 71 76 66 57
13 72 50 44 37
13 73 106 83 75
13 74 80 67 56
13 75 119 102 84
13 76 42 37 32
13 77 97 83 71
13 78 126 104 83
13 79 44 37 28
13 80 91 74 57
13 81 60 52 46
13 82 25 19 15
13 83 34 27 23
13 84 92 72 60
13 85 74 61 54
13 86 83 71 55
13 87 67 60 52
13 88 42 36 31
13 89 114 99 79
13 90 83 72 61
13 91 23 18 14
13 92 106 93 75
13 93 108 83 66
13 94 109 97 79
13 95 97 76 60
13 96 84 74 63
13 97 46 38 33
13 98 100 81 63
13 99 52 45 35
14 15 75 60 51
14 16 94 79 64
14 17 59 50 40
14 18 70 59 53
14 19 20 16 14
14 20 57 47 40
14 21 89 77 63
14 22 10 9 7
14 23 73 60 46
14 24 92 82 63
14 25 142 114 93
14 26 40 35 30
14 27 14 12 10
14 28 25 22 17
14 29 89 75 59
14 30 111 91 75
14 31 78 63 52
14 32 61 52 42
14 33 110 95 76
14 34 49 39 31
14 35 26 22 17
14 36 104 80 63
14 37 99 85 71
14 38 37 28 23
14 39 26 23 20
14 40 71 57 47
14 41 35 29 23
14 42 52 45 34
14 43 52 46 36
14 44 22 19 17
14 45 65 54 48
14 46 97 85 70
14 47 31 26 20
14 48 47 41 36
14 49 144 112 89
14 50 45 40 35
14 51 19 16 12
14 52 82 68 52
14 53 37 31 25
14 54 29 24 19
14 55 120 93 79
14 56 49 39 34
14 57 101 82 73
14 58 114 89 75
14 59 100 82 73
14 60 44 34 28
14 61 16 13 10
14 62 71 61 53
14 63 60 50 43
14 64 75 65 56
14 65 73 59 47
14 66 37 28 24
14 67 48 39 34
14 68 91 71 62
14 69 37 32 25
14 70 80 63 50
14 71 108 92 79
14 72 49 38 31
14 73 70 56 49
14 74 53 44 36
14 75 122 95 78
14 76 61 47 41
14 77 83 66 56
14 78 98 86 67
14 79 89 68 53
14 80 91 82 70
14 81 34 26 23
14 82 30 23 20
14 83 59 47 41
14 84 50 44 39
14 85 104 93 75
14 86 107 83 71
14 87 106 83 66
14 88 13 11 8
14 89 85 67 58
14 90 48 43 34
14 91 20 17 14
14 92 106 94 79
14 93 124 95 86
14 94 122 95 81
14 95 50 41 36
14 96 51 43 38
14 97 78 63 55
14 98 95 76 67
14 99 72 64 53
15 16 47 39 33
15 17 93 79 61
15 18 12 9 7
15 19 63 50 39
15 20 28 24 20
15 21 48 43 37
15 22 61 50 45
15 23 76 62 52
15 24 18 16 13
15 25 67 54 43
15 26 67 55 45
15 27 83 64 51
15 28 107 86 67
15 29 34 29 24
15 30 39 30 25
15 31 33 28 23
15 32 16 14 11
15 33 89 80 61
15 34 54 42 34
15 35 96 78 67
15 36 87 75 63
15 37 27 24 21
15 38 63 50 39
15 39 90 81 63
15 40 79 67 54
15 41 107 88 71
15 42 81 62 53
15 43 78 62 56
15 44 88 73 57
15 45 84 64 52
15 46 75 61 53
15 47 56 47 37
15 48 88 74 59
15 49 59 48 39
15 50 72 61 49
15 51 65 53 43
15 52 19 15 13
15 53 95 74 64
15 54 52 41 34
15 55 66 55 45
15 56 38 33 28
15 57 52 43 33
15 58 73 60 49
15 59 72 62 49
15 60 37 29 25
15 61 89 72 60
15 62 108 84 66
15 63 69 62 48
15 64 66 52 44
15 65 97 86 68
15 66 72 62 54
15 67 106 90 80
15 68 35 29 23
15 69 53 47 39
15 70 59 45 38
15 71 98 82 66
15 72 33 26 21
15 73 89 78 62
15 74 47 40 32
15 75 41 35 29
15 76 117 100 85
15 77 35 31 26
15 78 51 42 36
15 79 79 69 62
15 80 58 50 40
15 81 52 45 38
15 82 89 79 62
15 83 68 53 43
15 84 48 40 35
15 85 100 81 64
15 86 65 58 49
15 87 58 49 41
15 88 64 55 44
15 89 67 54 45
15 90 93 79 62
15 91 72 59 50
15 92 49 43 33
15 93 112 90 69
15 94 47 38 32
15 95 60 53 45
15 96 72 61 48
15 97 77 64 53
15 98 38 30 23
15 99 59 48 43
16 17 73 61 51
16 18 60 50 39
16 19 90 70 58
16 20 38 31 26
16 21 105 83 69
16 22 94 75 60
16 23 108 97 82
16 24 44 36 29
16 25 71 56 44
16 26 92 80 71
16 27 84 66 59
16 28 101 90 80
16 29 87 71 56
16 30 59 47 42
16 31 84 70 56
16 32 56 45 40
16 33 136 111 93
16 34 102 80 61
16 35 118 104 81
16 36 133 110 94
16 37 52 40 36
16 38 85 73 63
16 39 89 77 66
16 40 61 50 39
16 41 124 104 86
16 42 61 52 46
16 43 134 106 83
16 44 90 78 61
16 45 106 95 83
16 46 122 103 85
16 47 65 54 45
16 48 123 104 85
16 49 61 53 42
16 50 65 53 41
16 51 69 59 53
16 52 31 26 21
16 53 93 79 65
16 54 80 63 54
16 55 109 87 75
16 56 87 71 56
16 57 21 16 13
16 58 123 96 80
16 59 108 91 81
16 60 53 47 38
16 61 104 93 73
16 62 69 60 49
16 63 57 47 36
16 64 33 27 21
16 65 87 70 56
16 66 72 63 54
16 67 139 123 97
16 68 18 15 11
16 69 54 48 42
16 70 34 26 20
16 71 143 116 98
16 72 65 50 43
16 73 67 59 47
16 74 41 33 29
16 75 44 34 30
16 76 139 121 104
16 77 13 11 9
16 78 6 5 4
16 79 138 118 92
16 80 103 91 71
16 81 69 53 42
16 82 107 96 81
16 83 105 85 72
16 84 40 33 28
16 85 129 108 96
16 86 120 101 81
16 87 103 91 73
16 88 80 71 56
16 89 34 26 20
16 90 90 74 57
16 91 96 82 70
16 92 87 72 57
16 93 146 130 101
16 94 79 62 51
16 95 56 46 37
16 96 49 43 38
16 97 127 99 85
16 98 75 65 51
16 99 108 97 75
17 18 105 81 66
17 19 70 54 46
17 20 57 51 41
17 21 124 104 89
17 22 62 49 42
17 23 119 94 82
17 24 88 79 68
17 25 127 113 93
17 26 101 80 66
17 27 45 37 30
17 28 64 53 47
17 29 111 90 80
17 30 115 94 83
17 31 104 88 75
17 32 82 72 58
17 33 159 123 108
17 34 93 73 62
17 35 77 64 50
17 36 126 112 99
17 37 112 99 77
17 38 84 69 57
17 39 36 30 26
17 40 21 17 15
17 41 81 69 57
17 42 13 11 9
17 43 97 86 75
17 44 37 29 25
17 45 130 101 84
17 46 145 112 101
17 47 48 38 31
17 48 114 92 75
17 49 131 104 90
17 50 17 14 12
17 51 44 37 33
17 52 76 65 54
17 53 34 30 23
17 54 68 59 48
17 55 158 125 102
17 56 87 78 62
17 57 91 74 64
17 58 148 133 102
17 59 154 124 101
17 60 59 50 39
17 61 67 56 44
17 62 20 18 14
17 63 25 21 16
17 64 43 38 32
17 65 14 11 9
17 66 25 22 17
17 67 90 79 67
17 68 74 64 56
17 69 37 28 24
17 70 53 42 32
17 71 161 134 112
17 72 81 63 50
17 73 18 14 11
17 74 42 34 29
17 75 125 99 78
17 76 105 84 75
17 77 65 57 48
17 78 84 68 52
17 79 129 114 91
17 80 156 121 95
17 81 43 34 26
17 82 94 74 58
17 83 110 92 75
17 84 46 36 28
17 85 162 139 109
17 86 157 130 100
17 87 135 120 93
17 88 60 47 36
17 89 52 41 35
17 90 12 10 8
17 91 74 64 53
17 92 144 112 93
17 93 182 146 118
17 94 136 108 91
17 95 28 22 17
17 96 25 19 14
17 97 120 107 90
17 98 131 103 83
17 99 121 99 84
18 19 65 51 40
18 20 36 30 27
18 21 39 34 30
18 22 72 60 47
18 23 71 59 48
18 24 21 18 15
18 25 66 52 44
18 26 62 53 43
18 27 71 61 54
18 28 103 86 69
18 29 27 21 17
18 30 33 26 23
18 31 25 19 17
18 32 16 13 11
18 33 85 72 55
18 34 48 37 32
18 35 108 84 68
18 36 82 68 57
18 37 34 28 21
18 38 59 51 39
18 39 96 84 66
18 40 81 73 60
18 41 105 81 71
18 42 89 70 58
18 43 72 61 53
18 44 84 69 61
18 45 75 62 48
18 46 71 55 46
18 47 66 53 41
18 48 78 63 56
18 49 62 48 40
18 50 81 65 55
18 51 67 57 46
18 52 29 23 19
18 53 106 88 68
18 54 55 42 35
18 55 55 43 38
18 56 40 33 26
18 57 58 46 38
18 58 68 54 42
18 59 59 53 42
18 60 39 34 29
18 61 104 81 62
18 62 100 82 72
18 63 75 67 55
18 64 77 61 51
18 65 106 91 74
18 66 86 74 59
18 67 115 97 80
18 68 47 38 29
18 69 70 56 44
18 70 68 52 44
18 71 93 75 60
18 72 31 27 23
18 73 106 83 68
18 74 57 48 38
18 75 43 35 31
18 76 124 109 85
18 77 46 40 32
18 78 56 50 43
18 79 81 68 58
18 80 56 43 33
18 81 57 49 43
18 82 92 80 62
18 83 55 46 39
18 84 53 46 41
18 85 82 69 58
18 86 64 55 42
18 87 52 40 35
18 88 71 56 47
18 89 81 64 52
18 90 89 78 67
18 91 76 63 50
18 92 42 34 28
18 93 91 78 62
18 94 45 35 29
18 95 72 62 51
18 96 78 67 54
18 97 68 61 48
18 98 27 22 17
18 99 58 45 38
19 20 43 37 32
19 21 68 56 50
19 22 14 11 8
19 23 55 43 36
19 24 69 59 52
19 25 131 101 82
19 26 33 26 21
19 27 29 24 19
19 28 48 38 29
19 29 64 54 46
19 30 94 80 63
19 31 58 45 39
19 32 45 37 30
19 33 102 79 64
19 34 25 21 18
19 35 38 32 28
19 36 82 64 53
19 37 92 75 60
19 38 16 13 11
19 39 47 37 32
19 40 80 63 50
19 41 46 37 32
19 42 59 49 39
19 43 50 39 30
19 44 45 35 28
19 45 60 47 38
19 46 82 66 58
19 47 29 23 18
19 48 41 36 31
19 49 122 96 78
19 50 51 44 38
19 51 17 15 13
19 52 70 54 43
19 53 54 46 36
19 54 9 8 6
19 55 97 83 65
19 56 30 24 21
19 57 86 74 65
19 58 83 69 62
19 59 93 73 60
19 60 31 24 21
19 61 29 25 22
19 62 85 72 58
19 63 64 52 44
19 64 79 62 54
19 65 79 62 54
19 66 49 40 31
19 67 58 46 41
19 68 73 60 54
19 69 34 30 25
19 70 73 58 47
19 71 98 83 68
19 72 29 23 19
19 73 79 62 54
19 74 55 43 33
19 75 102 87 67
19 76 68 61 47
19 77 67 59 49
19 78 91 73 61
19 79 67 56 45
19 80 77 67 57
19 81 33 28 23
19 82 35 28 24
19 83 44 37 30
19 84 54 43 37
19 85 85 73 64
19 86 90 72 59
19 87 87 69 53
19 88 21 16 12
19 89 88 70 56
19 90 54 47 42
19 91 20 15 13
19 92 102 83 66
19 93 102 87 75
19 94 96 78 68
19 95 59 50 38
19 96 52 45 40
19 97 68 53 45
19 98 83 69 54
19 99 52 46 41
20 21 76 60 53
20 22 55 42 35
20 23 95 75 58
20 24 43 34 28
20 25 72 64 56
20 26 68 56 46
20 27 49 42 36
20 28 80 62 56
20 29 69 53 42
20 30 67 56 43
20 31 58 49 39
20 32 35 27 21
20 33 95 86 76
20 34 53 43 37
20 35 75 68 57
20 36 116 92 72
20 37 50 45 37
20 38 60 49 38
20 39 62 53 47
20 40 54 42 34
20 41 93 75 62
20 42 44 38 33
20 43 89 75 58
20 44 57 46 41
20 45 78 68 60
20 46 100 82 68
20 47 33 26 21
20 48 81 72 60
20 49 74 66 53
20 50 42 35 29
20 51 45 36 29
20 52 23 18 15
20 53 71 59 47
20 54 42 32 28
20 55 88 79 64
20 56 50 38 33
20 57 46 39 34
20 58 107 84 66
20 59 102 81 66
20 60 16 14 12
20 61 81 64 49
20 62 57 51 46
20 63 44 34 29
20 64 41 33 28
20 65 77 62 48
20 66 55 47 36
20 67 91 82 72
20 68 33 29 23
20 69 35 28 21
20 70 30 23 20
20 71 110 91 80
20 72 28 22 19
20 73 70 54 42
20 74 18 14 12
20 75 64 50 41
20 76 117 95 79
20 77 28 22 18
20 78 37 33 29
20 79 98 84 69
20 80 77 69 58
20 81 30 27 21
20 82 90 71 56
20 83 67 59 49
20 84 22 19 15
20 85 105 93 78
20 86 103 85 65
20 87 77 68 58
20 88 51 40 32
20 89 42 37 29
20 90 60 51 43
20 91 64 56 44
20 92 85 65 53
20 93 118 107 85
20 94 64 57 51
20 95 38 31 25
20 96 41 34 28
20 97 92 75 63
20 98 69 53 43
20 99 86 68 54
21 22 94 74 57
21 23 47 42 33
21 24 67 52 42
21 25 94 73 61
21 26 58 45 39
21 27 101 81 68
21 28 103 88 76
21 29 19 16 13
21 30 54 45 40
21 31 25 20 15
21 32 54 43 33
21 33 42 32 25
21 34 49 42 33
21 35 102 86 74
21 36 43 37 33
21 37 70 54 42
21 38 61 48 41
21 39 131 102 81
21 40 132 109 86
21 41 106 83 74
21 42 117 95 81
21 43 63 52 44
21 44 113 99 76
21 45 47 38 31
21 46 28 21 17
21 47 90 70 59
21 48 78 60 48
21 49 75 65 58
21 50 117 91 78
21 51 79 68 61
21 52 80 61 49
21 53 115 96 84
21 54 70 56 45
21 55 26 20 16
21 56 41 35 30
21 57 91 73 66
21 58 19 16 14
21 59 21 17 13
21 60 78 63 51
21 61 107 86 70
21 62 126 113 97
21 63 100 90 80
21 64 107 94 80
21 65 131 109 97
21 66 124 100 77
21 67 116 92 79
21 68 74 66 58
21 69 90 76 65
21 70 108 90 72
21 71 43 38 30
21 72 61 52 40
21 73 131 118 93
21 74 92 80 63
21 75 87 69 54
21 76 118 102 82
21 77 79 69 62
21 78 106 93 72
21 79 60 49 39
21 80 11 9 7
21 81 81 72 63
21 82 98 83 64
21 83 43 35 28
21 84 86 77 67
21 85 41 32 29
21 86 20 15 13
21 87 8 6 5
21 88 86 68 60
21 89 111 94 81
21 90 121 107 88
21 91 80 63 54
21 92 42 35 30
21 93 49 42 33
21 94 51 44 38
21 95 105 89 75
21 96 115 96 78
21 97 39 35 27
21 98 37 29 23
21 99 24 21 18
22 23 57 50 42
22 24 85 68 57
22 25 111 98 87
22 26 37 32 26
22 27 18 15 13
22 28 29 26 23
22 29 76 63 53
22 30 108 89 69
22 31 60 52 46
22 32 55 45 36
22 33 118 91 71
22 34 36 32 25
22 35 37 30 23
22 36 78 68 59
22 37 95 83 65
22 38 25 21 18
22 39 40 33 25
22 40 66 59 47
22 41 39 33 27
22 42 50 40 35
22 43 45 40 34
22 44 34 28 21
22 45 56 50 44
22 46 97 80 65
22 47 23 19 17
22 48 52 43 34
22 49 116 96 83
22 50 53 43 35
22 51 16 12 10
22 52 77 61 47
22 53 44 37 29
22 54 20 17 13
22 55 102 83 72
22 56 41 36 28
22 57 87 78 68
22 58 93 82 69
22 59 97 77 67
22 60 37 28 23
22 61 24 19 16
22 62 78 60 54
22 63 59 49 42
22 64 84 65 54
22 65 77 59 49
22 66 37 32 26
22 67 56 49 38
22 68 90 75 57
22 69 35 27 23
22 70 65 55 47
22 71 108 87 74
22 72 32 27 24
22 73 73 57 50
22 74 46 37 33
22 75 99 83 72
22 76 68 54 44
22 77 68 59 52
22 78 92 71 63
22 79 65 57 50
22 80 95 78 64
22 81 31 27 21
22 82 30 26 22
22 83 53 44 36
22 84 57 44 37
22 85 112 88 71
22 86 100 86 66
22 87 93 78 60
22 88 9 7 6
22 89 70 63 56
22 90 50 43 37
22 91 21 16 12
22 92 105 87 73
22 93 130 103 81
22 94 112 93 75
22 95 46 40 35
22 96 58 47 38
22 97 84 65 51
22 98 90 79 61
22 99 68 53 47
23 24 88 77 63
23 25 128 111 89
23 26 23 19 16
23 27 82 66 54
23 28 75 60 53
23 29 58 48 39
23 30 105 83 67
23 31 45 37 33
23 32 68 54 43
23 33 47 41 33
23 34 37 29 22
23 35 69 58 50
23 36 26 22 17
23 37 104 80 67
23 38 38 33 25
23 39 98 83 66
23 40 131 104 84
23 41 63 55 48
23 42 100 86 75
23 43 19 16 14
23 44 88 74 62
23 45 5 4 3
23 46 48 39 30
23 47 79 63 53
23 48 24 21 17
23 49 113 102 85
23 50 105 92 74
23 51 75 58 49
23 52 99 78 62
23 53 106 86 70
23 54 57 44 35
23 55 68 54 47
23 56 36 31 26
23 57 131 107 84
23 58 64 50 39
23 59 51 44 36
23 60 68 56 50
23 61 72 62 49
23 62 116 105 94
23 63 111 89 78
23 64 108 94 85
23 65 130 104 90
23 66 97 87 67
23 67 74 57 50
23 68 109 96 74
23 69 86 71 60
23 70 107 90 77
23 71 49 42 35
23 72 51 45 40
23 73 113 101 89
23 74 98 79 64
23 75 114 90 78
23 76 75 64 51
23 77 101 88 73
23 78 134 110 85
23 79 15 13 11
23 80 58 49 39
23 81 84 73 58
23 82 61 48 38
23 83 15 12 10
23 84 99 79 69
23 85 51 40 31
23 86 44 39 34
23 87 50 41 33
23 88 61 53 47
23 89 119 106 87
23 90 111 96 78
23 91 47 39 33
23 92 93 74 61
23 93 60 48 43
23 94 90 77 67
23 95 111 89 72
23 96 118 92 75
23 97 16 13 11
23 98 73 63 51
23 99 20 17 15
24 25 50 39 31
24 26 92 71 57
24 27 92 79 62
24 28 115 92 79
24 29 41 33 29
24 30 19 17 15
24 31 43 38 31
24 32 39 30 23
24 33 92 80 67
24 34 63 52 46
24 35 113 96 79
24 36 108 89 71
24 37 15 13 10
24 38 69 58 52
24 39 102 88 73
24 40 84 73 59
24 41 116 97 83
24 42 96 76 61
24 43 96 80 68
24 44 112 87 67
24 45 88 78 63
24 46 88 71 59
24 47 61 55 47
24 48 120 93 71
24 49 37 31 27
24 50 81 69 56
24 51 77 61 54
24 52 23 19 15
24 53 98 83 74
24 54 68 52 46
24 55 62 53 47
24 56 58 51 40
24 57 31 27 24
24 58 74 61 53
24 59 79 69 54
24 60 52 41 36
24 61 101 86 72
24 62 92 80 71
24 63 79 70 54
24 64 67 53 46
24 65 123 96 75
24 66 100 77 64
24 67 131 113 92
24 68 29 23 19
24 69 70 62 49
24 70 61 47 41
24 71 103 81 72
24 72 45 39 33
24 73 94 78 67
24 74 58 51 39
24 75 26 22 17
24 76 139 111 97
24 77 35 30 25
24 78 51 40 33
24 79 112 92 72
24 80 61 48 43
24 81 76 59 48
24 82 114 97 75
24 83 86 68 53
24 84 57 48 41
24 85 99 84 71
24 86 72 64 54
24 87 70 54 47
24 88 83 67 56
24 89 74 59 46
24 90 106 82 71
24 91 104 80 63
24 92 44 35 28
24 93 109 94 74
24 94 36 30 24
24 95 75 66 52
24 96 78 66 54
24 97 94 80 63
24 98 39 30 23
24 99 76 67 52
25 26 139 111 86
25 27 140 113 91
25 28 155 121 109
25 29 74 62 51
25 30 34 27 23
25 31 91 71 56
25 32 72 61 53
25 33 109 97 84
25 34 98 88 75
25 35 159 138 109
25 36 117 105 94
25 37 34 29 23
25 38 116 98 82
25 39 167 129 102
25 40 118 96 82
25 41 174 145 113
25 42 140 112 87
25 43 143 112 96
25 44 132 117 96
25 45 137 108 88
25 46 112 93 77
25 47 118 92 77
25 48 141 123 99
25 49 6 5 4
25 50 132 106 82
25 51 122 95 84
25 52 58 47 42
25 53 153 123 103
25 54 102 91 76
25 55 89 70 58
25 56 102 87 69
25 57 47 37 32
25 58 98 85 67
25 59 116 89 69
25 60 93 79 66
25 61 164 127 102
25 62 122 105 92
25 63 114 91 78
25 64 90 74 65
25 65 147 119 99
25 66 135 104 92
25 67 193 159 122
25 68 54 47 37
25 69 120 99 77
25 70 100 78 62
25 71 135 105 89
25 72 82 74 64
25 73 140 109 90
25 74 110 85 66
25 75 26 20 16
25 76 174 154 127
25 77 72 57 46
25 78 66 54 45
25 79 131 113 98
25 80 85 70 59
25 81 103 92 77
25 82 136 116 105
25 83 125 100 80
25 84 88 76 66
25 85 123 108 89
25 86 111 86 70
25 87 92 75 65
25 88 134 107 86
25 89 100 80 64
25 90 142 112 97
25 91 134 120 93
25 92 53 44 34
25 93 111 99 88
25 94 40 32 25
25 95 104 87 77
25 96 127 97 79
25 97 127 101 86
25 98 52 45 39
25 99 103 87 76
26 27 55 47 38
26 28 52 45 39
26 29 52 45 40
26 30 91 75 64
26 31 46 38 33
26 32 55 42 35
26 33 74 57 47
26 34 16 14 11
26 35 52 46 37
26 36 43 38 33
26 37 103 79 63
26 38 15 12 10
26 39 71 60 50
26 40 102 86 69
26 41 53 41 36
26 42 80 72 59
26 43 20 16 12
26 44 67 54 46
26 45 30 25 19
26 46 58 50 42
26 47 56 45 37
26 48 25 19 15
26 49 110 93 82
26 50 94 74 58
26 51 51 41 33
26 52 80 62 53
26 53 78 66 54
26 54 26 23 20
26 55 89 70 54
26 56 24 20 18
26 57 108 90 75
26 58 75 58 49
26 59 66 54 46
26 60 58 47 36
26 61 48 41 34
26 62 113 92 78
26 63 94 81 64
26 64 99 84 71
26 65 112 87 74
26 66 72 62 51
26 67 61 48 41
26 68 91 73 64
26 69 57 50 45
26 70 91 72 64
26 71 66 57 50
26 72 37 32 28
26 73 116 93 74
26 74 84 65 50
26 75 115 89 73
26 76 66 51 45
26 77 86 75 63
26 78 120 94 75
26 79 34 30 25
26 80 73 58 45
26 81 69 53 43
26 82 33 29 26
26 83 16 14 12
26 84 85 69 55
26 85 59 52 46
26 86 62 50 44
26 87 66 51 41
26 88 48 37 31
26 89 104 88 74
26 90 83 72 62
26 91 32 24 18
26 92 90 79 63
26 93 74 65 57
26 94 99 79 67
26 95 78 64 57
26 96 84 75 60
26 97 40 31 26
26 98 74 62 51
26 99 38 31 24
27 28 31 26 22
27 29 102 80 62
27 30 118 97 75
27 31 73 64 56
27 32 64 51 43
27 33 116 92 83
27 34 57 47 37
27 35 35 27 24
27 36 104 84 71
27 37 109 87 71
27 38 47 36 30
27 39 25 19 14
27 40 55 47 38
27 41 42 36 30
27 42 42 33 25
27 43 74 58 46
27 44 15 12 9
27 45 83 66 56
27 46 109 89 77
27 47 22 17 15
27 48 63 54 45
27 49 128 114 88
27 50 43 34 26
27 51 14 11 9
27 52 79 61 50
27 53 25 21 17
27 54 35 31 24
27 55 118 105 83
27 56 52 46 39
27 57 105 88 69
27 58 117 101 81
27 59 122 99 79
27 60 36 30 26
27 61 23 20 16
27 62 64 55 44
27 63 52 40 34
27 64 81 62 48
27 65 56 46 38
27 66 23 18 14
27 67 63 49 41
27 68 90 69 58
27 69 25 22 18
27 70 61 54 43
27 71 120 108 87
27 72 51 42 32
27 73 57 50 40
27 74 44 37 30
27 75 112 88 76
27 76 65 54 48
27 77 73 57 51
27 78 87 78 61
27 79 89 74 62
27 80 118 94 75
27 81 26 20 17
27 82 38 33 29
27 83 69 61 48
27 84 45 37 32
27 85 110 97 83
27 86 120 100 77
27 87 105 91 72
27 88 14 12 9
27 89 81 66 51
27 90 42 33 25
27 91 37 30 24
27 92 123 103 81
27 93 136 106 94
27 94 129 104 82
27 95 41 35 28
27 96 45 35 29
27 97 106 82 63
27 98 98 79 69
27 99 86 72 59
28 29 95 84 74
28 30 131 109 91
28 31 92 78 67
28 32 91 72 59
28 33 118 104 85
28 34 67 57 44
28 35 8 6 4
28 36 95 78 69
28 37 135 114 88
28 38 50 43 35
28 39 28 24 21
28 40 76 65 57
28 41 17 14 11
28 42 71 57 44
28 43 64 49 41
28 44 36 29 23
28 45 89 72 56
28 46 116 95 81
28 47 54 41 35
28 48 59 45 39
28 49 131 118 106
28 50 64 56 46
28 51 38 33 27
28 52 109 88 69
28 53 43 33 26
28 54 57 46 35
28 55 127 115 92
28 56 65 54 48
28 57 135 116 89
28 58 117 106 87
28 59 130 101 85
28 60 70 55 45
28 61 11 9 8
28 62 89 70 61
28 63 79 61 54
28 64 103 80 69
28 65 74 63 52
28 66 50 42 32
28 67 31 27 21
28 68 129 99 78
28 69 55 44 39
28 70 84 74 64
28 71 129 104 88
28 72 80 61 47
28 73 92 75 57
28 74 72 63 51
28 75 143 118 94
28 76 44 34 29
28 77 94 83 72
28 78 106 93 82
28 79 90 71 58
28 80 113 94 83
28 81 57 47 38
28 82 26 21 17
28 83 64 57 51
28 84 74 64 54
28 85 122 106 84
28 86 121 105 83
28 87 107 89 79
28 88 36 30 25
28 89 105 91 72
28 90 63 49 39
28 91 34 28 23
28 92 151 123 95
28 93 123 110 96
28 94 128 109 97
28 95 67 54 48
28 96 69 59 49
28 97 98 76 63
28 98 109 96 83
28 99 87 74 63
29 30 48 38 29
29 31 12 10 8
29 32 29 25 22
29 33 61 49 38
29 34 45 36 31
29 35 98 81 72
29 36 59 52 44
29 37 48 38 30
29 38 56 49 40
29 39 112 94 76
29 40 106 94 76
29 41 105 95 74
29 42 98 83 72
29 43 62 55 48
29 44 113 87 70
29 45 52 45 38
29 46 44 38 30
29 47 77 62 52
29 48 71 62 52
29 49 65 53 47
29 50 116 90 69
29 51 74 61 54
29 52 51 44 36
29 53 117 97 78
29 54 60 51 40
29 55 38 30 23
29 56 37 32 26
29 57 73 64 53
29 58 39 31 25
29 59 42 32 26
29 60 59 47 42
29 61 96 85 67
29 62 114 102 87
29 63 108 86 70
29 64 100 80 68
29 65 130 104 88
29 66 105 81 70
29 67 106 96 80
29 68 65 52 46
29 69 89 72 56
29 70 88 69 61
29 71 61 54 43
29 72 47 38 32
29 73 102 92 83
29 74 81 63 53
29 75 65 55 42
29 76 136 108 84
29 77 77 63 49
29 78 95 77 59
29 79 75 61 47
29 80 23 19 16
29 81 78 66 55
29 82 91 75 63
29 83 45 39 32
29 84 79 65 56
29 85 61 51 42
29 86 36 31 25
29 87 26 22 18
29 88 86 69 55
29 89 105 87 69
29 90 119 92 80
29 91 75 63 52
29 92 32 27 23
29 93 71 56 45
29 94 44 35 29
29 95 90 75 65
29 96 93 80 68
29 97 54 43 36
29 98 20 17 13
29 99 38 30 26
30 31 52 42 34
30 32 51 41 33
30 33 83 74 64
30 34 71 64 54
30 35 143 118 91
30 36 116 89 72
30 37 11 9 7
30 38 81 72 61
30 39 138 110 87
30 40 105 89 74
30 41 131 109 94
30 42 121 94 75
30 43 120 94 74
30 44 115 97 81
30 45 100 77 66
30 46 73 64 56
30 47 92 71 61
30 48 115 98 77
30 49 32 25 19
30 50 97 85 71
30 51 100 85 67
30 52 44 34 30
30 53 124 105 88
30 54 81 70 57
30 55 52 44 39
30 56 63 57 48
30 57 49 39 33
30 58 68 55 47
30 59 70 61 49
30 60 70 56 50
30 61 120 103 84
30 62 124 97 85
30 63 103 89 69
30 64 90 74 60
30 65 117 105 90
30 66 112 91 78
30 67 151 125 102
30 68 40 35 31
30 69 88 74 63
30 70 84 65 55
30 71 100 77 68
30 72 67 52 45
30 73 116 95 82
30 74 71 64 54
30 75 27 21 16
30 76 156 124 107
30 77 61 47 39
30 78 58 49 44
30 79 108 88 76
30 80 63 49 39
30 81 89 75 62
30 82 122 108 85
30 83 84 67 58
30 84 88 67 56
30 85 92 77 68
30 86 64 58 50
30 87 55 49 43
30 88 97 81 69
30 89 85 73 60
30 90 128 106 85
30 91 108 95 73
30 92 24 20 16
30 93 102 80 68
30 94 16 12 10
30 95 93 79 67
30 96 104 85 69
30 97 84 75 64
30 98 26 22 17
30 99 76 61 54
31 32 27 23 19
31 33 58 45 38
31 34 35 29 24
31 35 99 84 65
31 36 56 49 41
31 37 52 42 34
31 38 47 39 32
31 39 101 80 69
31 40 109 86 72
31 41 98 78 66
31 42 86 75 67
31 43 69 55 42
31 44 96 80 64
31 45 46 40 33
31 46 44 35 30
31 47 66 57 46
31 48 64 56 45
31 49 73 64 52
31 50 90 77 64
31 51 67 59 48
31 52 52 42 35
31 53 96 82 72
31 54 50 41 33
31 55 44 35 28
31 56 28 24 19
31 57 84 66 55
31 58 43 34 28
31 59 40 33 28
31 60 61 48 37
31 61 83 74 60
31 62 113 102 83
31 63 111 85 66
31 64 94 81 65
31 65 121 106 83
31 66 98 81 64
31 67 104 81 73
31 68 70 55 46
31 69 78 64 51
31 70 85 74 58
31 71 66 56 43
31 72 34 29 26
31 73 99 88 79
31 74 69 61 49
31 75 62 53 46
31 76 115 89 77
31 77 79 62 48
31 78 92 77 59
31 79 62 53 42
31 80 33 26 20
31 81 73 63 50
31 82 81 63 56
31 83 38 31 25
31 84 77 68 53
31 85 61 51 41
31 86 41 34 27
31 87 30 23 20
31 88 70 56 48
31 89 97 84 66
31 90 109 92 74
31 91 60 52 45
31 92 46 39 30
31 93 69 57 47
31 94 49 39 35
31 95 99 77 61
31 96 86 75 64
31 97 48 38 32
31 98 29 24 19
31 99 30 26 21
32 33 86 72 56
32 34 37 29 24
32 35 84 67 58
32 36 83 65 55
32 37 40 34 30
32 38 44 36 29
32 39 81 66 56
32 40 74 62 54
32 41 86 68 61
32 42 74 58 50
32 43 69 56 46
32 44 70 62 50
32 45 63 54 43
32 46 78 62 48
32 47 50 39 31
32 48 73 59 49
32 49 73 64 49
32 50 63 53 47
32 51 49 43 35
32 52 30 23 20
32 53 78 69 58
32 54 35 28 24
32 55 63 52 45
32 56 27 22 18
32 57 65 51 42
32 58 66 51 46
32 59 59 53 46
32 60 32 26 20
32 61 71 62 51
32 62 96 82 65
32 63 69 60 48
32 64 72 58 47
32 65 94 78 66
32 66 68 55 49
32 67 99 87 70
32 68 48 38 31
32 69 51 40 35
32 70 57 51 40
32 71 80 71 61
32 72 16 14 12
32 73 86 74 61
32 74 43 36 31
32 75 58 46 39
32 76 106 94 75
32 77 41 37 32
32 78 59 52 44
32 79 83 66 53
32 80 58 50 38
32 81 48 38 34
32 82 80 62 52
32 83 46 39 33
32 84 52 40 35
32 85 84 70 58
32 86 68 54 45
32 87 59 49 38
32 88 49 41 36
32 89 75 63 49
32 90 88 72 58
32 91 59 48 40
32 92 54 44 38
32 93 93 83 65
32 94 59 46 39
32 95 62 56 43
32 96 70 57 46
32 97 70 58 45
32 98 36 31 27
32 99 57 45 36
33 34 67 54 47
33 35 125 101 82
33 36 28 23 20
33 37 97 79 67
33 38 73 64 54
33 39 137 118 95
33 40 157 135 107
33 41 124 98 81
33 42 141 113 100
33 43 67 52 46
33 44 126 101 91
33 45 41 36 30
33 46 14 11 9
33 47 105 93 78
33 48 70 60 49
33 49 124 105 81
33 50 135 117 98
33 51 117 100 77
33 52 114 90 73
33 53 147 117 99
33 54 80 71 61
33 55 39 32 28
33 56 69 60 47
33 57 137 109 91
33 58 24 21 18
33 59 24 20 16
33 60 118 92 71
33 61 112 92 80
33 62 155 140 118
33 63 156 121 101
33 64 147 120 103
33 65 162 145 116
33 66 136 121 94
33 67 120 96 82
33 68 109 92 83
33 69 114 95 84
33 70 119 105 95
33 71 7 6 5
33 72 78 68 60
33 73 156 138 114
33 74 128 108 85
33 75 105 91 79
33 76 116 104 82
33 77 121 108 86
33 78 149 126 97
33 79 51 40 32
33 80 33 29 25
33 81 125 102 82
33 82 102 88 70
33 83 48 42 35
33 84 123 106 89
33 85 9 7 5
33 86 21 17 14
33 87 31 24 21
33 88 104 90 75
33 89 141 117 104
33 90 158 127 105
33 91 90 76 64
33 92 78 67 52
33 93 20 15 11
33 94 101 78 60
33 95 139 110 95
33 96 140 122 99
33 97 37 30 23
33 98 73 60 47
33 99 35 27 24
34 35 56 48 42
34 36 54 47 38
34 37 79 63 52
34 38 14 11 9
34 39 69 57 50
34 40 97 78 63
34 41 55 48 43
34 42 85 72 55
34 43 33 28 23
34 44 70 56 45
34 45 36 30 24
34 46 59 49 40
34 47 48 37 32
34 48 42 33 25
34 49 111 93 71
34 50 79 68 53
34 51 49 39 31
34 52 70 55 42
34 53 80 69 54
34 54 23 19 15
34 55 66 56 48
34 56 12 9 7
34 57 103 83 65
34 58 59 52 45
34 59 61 53 43
34 60 37 33 28
34 61 54 43 38
34 62 107 84 73
34 63 86 67 57
34 64 86 74 63
34 65 92 83 70
34 66 68 57 48
34 67 72 56 50
34 68 71 64 54
34 69 59 51 39
34 70 72 65 56
34 71 70 56 50
34 72 29 24 19
34 73 93 80 69
34 74 66 56 43
34 75 104 81 62
34 76 78 61 54
34 77 74 59 53
34 78 103 83 65
34 79 50 39 32
34 80 56 46 40
34 81 51 43 37
34 82 48 38 33
34 83 21 16 13
34 84 71 58 47
34 85 78 61 47
34 86 59 50 41
34 87 56 47 36
34 88 39 33 29
34 89 105 81 65
34 90 90 73 59
34 91 37 29 22
34 92 77 64 53
34 93 84 72 57
34 94 79 64 57
34 95 75 65 51
34 96 86 67 54
34 97 37 32 28
34 98 60 51 42
34 99 39 30 23
35 36 100 79 66
35 37 122 107 87
35 38 49 43 33
35 39 34 28 25
35 40 81 67 60
35 41 12 9 7
35 42 70 55 46
35 43 59 48 38
35 44 35 30 26
35 45 76 64 53
35 46 116 96 78
35 47 52 42 36
35 48 53 46 35
35 49 137 124 106
35 50 62 55 49
35 51 44 34 28
35 52 112 86 69
35 53 46 37 29
35 54 47 42 34
35 55 123 106 90
35 56 65 58 47
35 57 129 109 90
35 58 121 102 85
35 59 115 92 82
35 60 70 57 45
35 61 11 9 8
35 62 107 82 64
35 63 79 71 56
35 64 113 91 71
35 65 84 65 56
35 66 58 45 35
35 67 26 21 18
35 68 108 93 79
35 69 64 52 41
35 70 94 77 66
35 71 134 110 85
35 72 75 61 47
35 73 87 78 60
35 74 76 62 52
35 75 153 118 94
35 76 39 32 26
35 77 109 90 73
35 78 135 104 83
35 79 72 61 55
35 80 116 104 81
35 81 57 51 40
35 82 21 16 13
35 83 66 56 48
35 84 79 63 55
35 85 120 98 81
35 86 115 94 80
35 87 125 99 76
35 88 38 33 25
35 89 106 90 74
35 90 65 51 43
35 91 28 23 20
35 92 152 118 94
35 93 119 103 93
35 94 150 116 96
35 95 74 58 51
35 96 75 62 52
35 97 87 78 60
35 98 109 96 82
35 99 81 69 61
36 37 111 91 73
36 38 61 48 42
36 39 113 100 83
36 40 161 127 100
36 41 95 73 63
36 42 132 115 91
36 43 41 32 29
36 44 112 100 79
36 45 24 19 15
36 46 35 27 22
36 47 105 90 69
36 48 52 40 31
36 49 130 105 90
36 50 143 112 90
36 51 94 81 66
36 52 104 86 74
36 53 126 99 87
36 54 76 66 51
36 55 68 55 44
36 56 57 45 40
36 57 138 118 94
36 58 46 39 34
36 59 46 38 30
36 60 94 83 65
36 61 88 75 66
36 62 160 141 110
36 63 132 105 94
36 64 137 111 99
36 65 138 120 107
36 66 133 104 84
36 67 91 76 64
36 68 111 95 85
36 69 111 88 76
36 70 145 115 92
36 71 33 26 21
36 72 73 62 55
36 73 143 123 106
36 74 114 99 79
36 75 117 101 86
36 76 100 81 63
36 77 122 103 86
36 78 163 126 98
36 79 19 15 12
36 80 56 48 37
36 81 97 86 74
36 82 81 64 53
36 83 35 29 25
36 84 132 110 84
36 85 27 21 17
36 86 43 36 28
36 87 43 35 31
36 88 103 80 64
36 89 146 125 101
36 90 134 115 95
36 91 72 60 50
36 92 104 81 63
36 93 46 38 29
36 94 103 91 70
36 95 140 114 88
36 96 138 116 91
36 97 15 13 10
36 98 89 70 55
36 99 31 24 20
37 38 86 68 59
37 39 116 98 82
37 40 99 78 68
37 41 128 114 91
37 42 105 91 70
37 43 102 86 73
37 44 119 93 76
37 45 106 86 66
37 46 78 69 58
37 47 76 63 56
37 48 111 93 76
37 49 31 26 20
37 50 92 77 65
37 51 93 72 63
37 52 37 30 24
37 53 114 99 83
37 54 76 63 54
37 55 68 52 43
37 56 64 56 46
37 57 37 32 28
37 58 76 60 51
37 59 77 67 52
37 60 68 57 45
37 61 118 97 80
37 62 100 89 80
37 63 97 78 63
37 64 83 64 54
37 65 125 107 84
37 66 100 82 73
37 67 142 124 100
37 68 34 28 25
37 69 82 65 58
37 70 71 61 49
37 71 98 85 71
37 72 54 47 41
37 73 115 96 76
37 74 71 60 48
37 75 21 17 13
37 76 154 130 105
37 77 47 41 33
37 78 62 50 38
37 79 113 92 76
37 80 57 48 42
37 81 84 66 57
37 82 109 91 82
37 83 93 74 58
37 84 74 63 50
37 85 102 82 71
37 86 78 62 53
37 87 68 54 46
37 88 99 78 64
37 89 84 71 54
37 90 115 104 80
37 91 100 90 70
37 92 32 27 22
37 93 106 91 72
37 94 24 19 16
37 95 93 74 61
37 96 86 77 64
37 97 94 82 65
37 98 27 24 20
37 99 79 64 55
38 39 66 53 42
38 40 90 72 60
38 41 51 44 35
38 42 75 61 50
38 43 31 27 21
38 44 53 45 38
38 45 37 31 27
38 46 73 60 48
38 47 40 32 28
38 48 32 25 22
38 49 100 89 78
38 50 69 57 49
38 51 36 28 24
38 52 70 60 46
38 53 72 58 46
38 54 17 14 11
38 55 96 74 57
38 56 19 16 14
38 57 92 80 68
38 58 81 63 53
38 59 73 57 51
38 60 36 32 27
38 61 44 38 29
38 62 89 79 69
38 63 72 64 54
38 64 82 71 62
38 65 96 80 65
38 66 60 49 42
38 67 66 53 42
38 68 87 67 57
38 69 55 45 35
38 70 77 66 55
38 71 84 65 57
38 72 30 26 21
38 73 108 84 65
38 74 58 46 41
38 75 96 79 68
38 76 70 59 46
38 77 82 66 55
38 78 95 77 67
38 79 55 42 35
38 80 69 55 48
38 81 43 37 33
38 82 33 29 25
38 83 27 23 19
38 84 64 57 45
38 85 86 67 54
38 86 65 56 49
38 87 67 56 44
38 88 34 29 22
38 89 100 77 65
38 90 81 62 53
38 91 20 17 13
38 92 97 75 62
38 93 92 72 64
38 94 103 82 65
38 95 67 59 48
38 96 74 66 51
38 97 54 43 34
38 98 73 59 50
38 99 46 36 30
39 40 56 43 38
39 41 47 37 31
39 42 37 29 24
39 43 79 65 56
39 44 9 7 6
39 45 97 76 68
39 46 133 112 90
39 47 46 35 27
39 48 79 70 54
39 49 154 123 99
39 50 39 35 28
39 51 35 29 22
39 52 95 75 61
39 53 7 6 5
39 54 56 48 37
39 55 121 107 96
39 56 85 68 52
39 57 102 90 78
39 58 150 121 94
39 59 127 112 92
39 60 59 45 38
39 61 28 23 20
39 62 59 45 40
39 63 53 41 36
39 64 83 66 52
39 65 45 36 32
39 66 20 16 13
39 67 58 48 42
39 68 96 85 67
39 69 41 34 26
39 70 66 57 49
39 71 147 119 99
39 72 71 55 45
39 73 55 45 37
39 74 58 50 38
39 75 112 96 87
39 76 65 57 49
39 77 80 72 60
39 78 106 88 68
39 79 117 94 73
39 80 138 110 88
39 81 39 31 26
39 82 49 40 35
39 83 95 75 61
39 84 53 45 39
39 85 153 121 95
39 86 132 117 90
39 87 110 98 85
39 88 35 28 22
39 89 86 68 55
39 90 28 23 19
39 91 55 44 34
39 92 142 116 94
39 93 161 128 106
39 94 130 115 94
39 95 44 37 31
39 96 47 38 32
39 97 104 88 75
39 98 116 98 82
39 99 106 94 72
40 41 93 74 67
40 42 21 17 14
40 43 114 97 79
40 44 46 41 35
40 45 142 110 86
40 46 139 116 100
40 47 43 38 32
40 48 131 103 80
40 49 106 92 80
40 50 19 15 12
40 51 55 46 38
40 52 66 52 45
40 53 58 45 35
40 54 70 57 50
40 55 160 128 98
40 56 83 73 61
40 57 73 58 52
40 58 141 111 99
40 59 147 123 99
40 60 62 48 37
40 61 73 65 53
40 62 18 15 12
40 63 12 9 7
40 64 27 24 19
40 65 25 21 18
40 66 38 32 26
40 67 118 93 78
40 68 65 52 45
40 69 39 30 25
40 70 31 26 20
40 71 153 136 111
40 72 70 57 48
40 73 15 12 9
40 74 30 26 23
40 75 94 82 67
40 76 122 99 85
40 77 58 48 37
40 78 55 45 39
40 79 137 109 94
40 80 119 103 91
40 81 43 33 27
40 82 86 75 66
40 83 99 86 76
40 84 29 24 20
40 85 162 137 109
40 86 140 118 98
40 87 148 115 91
40 88 63 49 41
40 89 33 25 21
40 90 34 27 22
40 91 81 70 59
40 92 124 97 86
40 93 172 138 117
40 94 120 99 83
40 95 18 15 13
40 96 15 12 10
40 97 122 110 91
40 98 114 96 77
40 99 109 94 84
41 42 78 61 53
41 43 51 43 35
41 44 43 37 32
41 45 69 59 51
41 46 122 97 77
41 47 68 53 42
41 48 47 41 33
41 49 139 122 110
41 50 78 64 55
41 51 53 43 34
41 52 102 88 74
41 53 59 47 36
41 54 50 45 38
41 55 135 117 90
41 56 71 63 49
41 57 138 117 95
41 58 127 109 85
41 59 105 92 82
41 60 83 64 50
41 61 24 19 15
41 62 96 83 71
41 63 93 71 63
41 64 106 86 77
41 65 84 73 62
41 66 64 49 41
41 67 16 14 12
41 68 127 103 84
41 69 65 57 47
41 70 104 92 72
41 71 110 95 83
41 72 73 61 50
41 73 103 82 67
41 74 90 75 58
41 75 140 110 99
41 76 25 21 19
41 77 109 89 78
41 78 127 112 89
41 79 78 61 52
41 80 114 101 81
41 81 71 56 45
41 82 15 13 11
41 83 70 60 48
41 84 79 69 61
41 85 106 94 79
41 86 115 95 80
41 87 109 92 76
41 88 45 40 31
41 89 121 94 80
41 90 81 63 49
41 91 34 28 22
41 92 147 121 96
41 93 119 103 91
41 94 142 111 99
41 95 80 67 57
41 96 81 72 59
41 97 94 74 59
41 98 136 106 84
41 99 80 70 60
42 43 107 86 68
42 44 30 25 21
42 45 112 88 77
42 46 141 111 93
42 47 32 27 23
42 48 103 82 68
42 49 127 108 84
42 50 9 7 5
42 51 43 34 26
42 52 67 57 47
42 53 34 26 22
42 54 60 51 40
42 55 120 105 94
42 56 78 70 54
42 57 91 75 59
42 58 138 114 94
42 59 134 110 93
42 60 45 35 31
42 61 50 44 39
42 62 31 25 20
42 63 20 16 12
42 64 43 38 29
42 65 22 19 17
42 66 19 16 12
42 67 98 78 64
42 68 69 57 50
42 69 27 21 16
42 70 39 32 27
42 71 157 121 104
42 72 66 53 42
42 73 24 19 16
42 74 35 27 22
42 75 108 84 71
42 76 108 90 72
42 77 65 51 42
42 78 74 57 47
42 79 119 93 84
42 80 131 109 87
42 81 26 23 18
42 82 78 62 53
42 83 100 85 67
42 84 35 28 21
42 85 128 113 101
42 86 126 103 92
42 87 115 99 85
42 88 40 35 29
42 89 54 42 32
42 90 17 14 11
42 91 68 55 47
42 92 131 101 86
42 93 179 143 110
42 94 120 107 84
42 95 15 12 10
42 96 14 11 9
42 97 136 107 82
42 98 111 97 75
42 99 99 89 77
43 44 69 62 53
43 45 24 20 16
43 46 66 54 43
43 47 68 58 47
43 48 7 5 4
43 49 138 115 92
43 50 95 82 68
43 51 57 47 42
43 52 91 80 65
43 53 99 77 60
43 54 51 40 31
43 55 82 72 60
43 56 43 34 29
43 57 127 113 87
43 58 68 58 52
43 59 71 58 49
43 60 69 54 48
43 61 58 45 38
43 62 119 102 87
43 63 110 85 74
43 64 130 102 83
43 65 112 92 82
43 66 96 74 59
43 67 54 48 37
43 68 117 90 76
43 69 87 67 55
43 70 97 87 75
43 71 72 62 48
43 72 58 49 40
43 73 130 101 83
43 74 101 79 61
43 75 123 97 84
43 76 50 42 38
43 77 111 96 74
43 78 123 101 86
43 79 27 21 18
43 80 71 63 51
43 81 77 69 53
43 82 37 31 25
43 83 23 20 17
43 84 109 86 66
43 85 67 53 44
43 86 79 61 47
43 87 64 55 45
43 88 64 49 40
43 89 131 106 85
43 90 106 89 70
43 91 36 28 23
43 92 104 81 71
43 93 75 62 56
43 94 106 93 76
43 95 104 87 67
43 96 95 80 70
43 97 36 30 24
43 98 75 67 60
43 99 40 35 28
44 45 94 74 64
44 46 140 109 85
44 47 27 24 21
44 48 81 66 52
44 49 122 110 93
44 50 34 29 24
44 51 26 20 16
44 52 71 63 55
44 53 14 12 9
44 54 44 37 32
44 55 139 119 91
44 56 66 55 47
44 57 97 82 72
44 58 130 111 89
44 59 126 110 87
44 60 45 36 32
44 61 30 23 19
44 62 55 44 39
44 63 47 40 32
44 64 68 55 48
44 65 47 39 31
44 66 14 11 9
44 67 63 53 43
44 68 85 71 62
44 69 32 25 20
44 70 71 58 44
44 71 128 111 95
44 72 60 48 39
44 73 51 41 35
44 74 51 43 33
44 75 125 105 81
44 76 81 63 51
44 77 74 63 55
44 78 92 82 63
44 79 99 82 70
44 80 128 104 83
44 81 33 26 20
44 82 43 38 34
44 83 75 63 56
44 84 46 38 34
44 85 128 112 91
44 86 131 110 86
44 87 122 104 80
44 88 26 21 17
44 89 75 59 51
44 90 23 20 18
44 91 48 37 31
44 92 118 106 88
44 93 146 119 102
44 94 126 112 88
44 95 41 34 27
44 96 41 34 28
44 97 111 85 71
44 98 128 99 77
44 99 106 85 68
45 46 36 32 28
45 47 87 70 55
45 48 30 25 20
45 49 125 97 84
45 50 102 92 76
45 51 71 60 51
45 52 92 71 63
45 53 118 93 72
45 54 49 41 37
45 55 64 51 45
45 56 45 35 27
45 57 120 106 84
45 58 46 41 37
45 59 56 44 34
45 60 72 62 51
45 61 76 67 52
45 62 124 112 96
45 63 124 104 80
45 64 137 108 86
45 65 146 112 92
45 66 112 87 69
45 67 78 69 53
45 68 107 93 74
45 69 86 73 62
45 70 115 103 79
45 71 43 38 32
45 72 65 54 41
45 73 137 113 91
45 74 97 83 66
45 75 117 93 78
45 76 86 67 54
45 77 110 86 74
45 78 132 108 86
45 79 15 12 10
45 80 48 42 37
45 81 79 70 60
45 82 56 45 40
45 83 18 14 11
45 84 100 80 70
45 85 46 37 29
45 86 45 37 32
45 87 43 37 31
45 88 72 56 49
45 89 139 108 88
45 90 105 91 80
45 91 48 43 35
45 92 85 70 60
45 93 65 50 41
45 94 100 81 66
45 95 115 91 74
45 96 101 91 77
45 97 14 11 8
45 98 64 57 50
45 99 21 17 14
46 47 89 80 71
46 48 63 57 47
46 49 100 85 73
46 50 115 104 91
46 51 94 81 70
46 52 90 76 65
46 53 127 109 93
46 54 77 60 54
46 55 34 28 22
46 56 52 45 40
46 57 128 107 83
46 58 18 14 12
46 59 14 12 9
46 60 94 77 64
46 61 101 86 76
46 62 167 135 110
46 63 142 116 94
46 64 125 112 95
46 65 154 121 109
46 66 145 113 88
46 67 113 90 80
46 68 101 86 75
46 69 112 88 77
46 70 140 110 87
46 71 22 17 14
46 72 73 60 52
46 73 151 131 106
46 74 102 91 77
46 75 103 90 71
46 76 107 92 81
46 77 118 96 78
46 78 138 108 89
46 79 47 41 32
46 80 25 22 18
46 81 99 87 75
46 82 87 74 66
46 83 49 39 30
46 84 105 91 81
46 85 20 16 13
46 86 9 8 7
46 87 20 16 13
46 88 98 78 69
46 89 136 111 96
46 90 141 120 99
46 91 91 77 59
46 92 65 53 44
46 93 30 23 18
46 94 80 66 52
46 95 136 110 88
46 96 153 118 91
46 97 30 26 20
46 98 58 48 39
46 99 27 21 18
47 48 69 55 48
47 49 105 88 73
47 50 34 27 21
47 51 16 12 9
47 52 52 45 35
47 53 42 35 28
47 54 29 24 18
47 55 96 86 73
47 56 48 39 32
47 57 71 63 54
47 58 99 88 73
47 59 97 81 71
47 60 19 15 12
47 61 42 35 29
47 62 52 47 41
47 63 43 33 27
47 64 51 43 37
47 65 58 46 39
47 66 29 23 19
47 67 67 59 53
47 68 59 50 43
47 69 12 10 8
47 70 49 41 31
47 71 130 100 82
47 72 31 25 20
47 73 55 47 37
47 74 25 19 17
47 75 91 74 61
47 76 84 67 60
47 77 55 44 37
47 78 71 55 47
47 79 85 73 62
47 80 97 84 65
47 81 9 7 6
47 82 57 50 38
47 83 66 52 45
47 84 28 23 20
47 85 125 100 79
47 86 100 89 70
47 87 95 81 63
47 88 20 16 12
47 89 63 52 40
47 90 39 34 29
47 91 38 34 28
47 92 100 78 68
47 93 137 107 88
47 94 93 77 68
47 95 27 24 20
47 96 35 27 23
47 97 91 75 60
47 98 90 70 57
47 99 86 70 54
48 49 136 106 95
48 50 90 78 68
48 51 58 48 42
48 52 98 82 67
48 53 81 71 59
48 54 49 40 32
48 55 94 74 63
48 56 52 40 31
48 57 130 116 89
48 58 79 66 56
48 59 78 62 53
48 60 72 63 49
48 61 57 44 36
48 62 134 112 87
48 63 99 83 74
48 64 129 102 84
48 65 109 94 82
48 66 85 77 59
48 67 47 42 34
48 68 117 98 78
48 69 82 71 55
48 70 114 99 77
48 71 64 57 51
48 72 56 47 42
48 73 127 108 83
48 74 87 78 62
48 75 127 105 87
48 76 49 40 35
48 77 107 91 76
48 78 139 112 88
48 79 26 23 20
48 80 70 60 54
48 81 86 66 53
48 82 39 30 23
48 83 31 24 21
48 84 101 84 67
48 85 76 62 47
48 86 66 57 50
48 87 69 56 49
48 88 62 48 39
48 89 105 95 86
48 90 104 90 69
48 91 34 26 22
48 92 107 85 75
48 93 93 76 59
48 94 108 98 80
48 95 103 84 68
48 96 106 88 70
48 97 36 31 27
48 98 88 78 63
48 99 41 35 31
49 50 121 100 79
49 51 122 94 80
49 52 56 48 39
49 53 156 122 100
49 54 103 86 73
49 55 86 66 54
49 56 91 80 65
49 57 44 37 30
49 58 96 77 64
49 59 88 73 66
49 60 90 73 62
49 61 151 126 99
49 62 129 111 90
49 63 105 87 75
49 64 89 77 63
49 65 146 121 96
49 66 121 105 89
49 67 193 150 118
49 68 53 46 35
49 69 102 83 74
49 70 86 67 60
49 71 124 106 85
49 72 90 72 60
49 73 118 100 88
49 74 99 80 63
49 75 18 16 13
49 76 164 142 124
49 77 59 48 43
49 78 70 54 44
49 79 147 114 94
49 80 81 67 56
49 81 102 85 73
49 82 157 131 101
49 83 99 84 76
49 84 90 73 64
49 85 124 103 85
49 86 109 87 67
49 87 77 69 61
49 88 125 102 82
49 89 93 77 62
49 90 125 105 94
49 91 138 113 89
49 92 39 34 30
49 93 131 108 84
49 94 32 25 22
49 95 124 97 75
49 96 120 95 77
49 97 111 93 83
49 98 53 45 35
49 99 105 82 72
50 51 37 33 26
50 52 57 47 42
50 53 42 34 26
50 54 57 50 39
50 55 127 111 91
50 56 69 61 52
50 57 73 65 54
50 58 139 113 91
50 59 146 116 90
50 60 41 32 28
50 61 65 50 41
50 62 30 26 21
50 63 12 10 8
50 64 40 33 25
50 65 32 26 20
50 66 24 19 16
50 67 98 82 66
50 68 62 52 45
50 69 21 18 14
50 70 30 25 22
50 71 141 126 102
50 72 60 46 39
50 73 24 19 16
50 74 23 20 17
50 75 102 80 66
50 76 104 93 74
50 77 57 46 37
50 78 65 52 43
50 79 114 100 83
50 80 116 103 83
50 81 25 19 16
50 82 81 67 55
50 83 99 82 66
50 84 23 19 16
50 85 129 110 99
50 86 129 99 89
50 87 131 106 82
50 88 44 34 30
50 89 42 33 28
50 90 25 20 16
50 91 69 59 47
50 92 125 103 81
50 93 173 136 108
50 94 110 93 80
50 95 7 6 5
50 96 8 6 4
50 97 119 98 81
50 98 102 91 71
50 99 109 88 75
51 52 62 51 42
51 53 33 28 24
51 54 24 20 16
51 55 125 97 75
51 56 49 42 32
51 57 85 75 62
51 58 96 86 73
51 59 113 87 72
51 60 29 24 19
51 61 31 24 20
51 62 66 52 46
51 63 47 42 33
51 64 73 59 45
51 65 59 49 41
51 66 27 22 18
51 67 75 58 45
51 68 67 60 51
51 69 23 18 14
51 70 55 49 39
51 71 116 90 80
51 72 35 29 24
51 73 63 55 42
51 74 35 31 25
51 75 104 83 68
51 76 74 59 52
51 77 75 59 45
51 78 92 71 56
51 79 89 73 58
51 80 108 85 67
51 81 20 16 13
51 82 41 35 30
51 83 63 49 42
51 84 42 36 28
51 85 113 101 77
51 86 91 78 70
51 87 93 72 64
51 88 6 5 4
51 89 75 62 48
51 90 44 37 30
51 91 34 26 21
51 92 103 85 73
51 93 119 105 87
51 94 101 84 74
51 95 40 33 26
51 96 43 33 29
51 97 85 66 58
51 98 84 68 61
51 99 70 60 53
52 53 92 73 61
52 54 55 46 38
52 55 82 68 57
52 56 56 43 37
52 57 31 27 23
52 58 87 74 61
52 59 85 76 61
52 60 36 30 24
52 61 93 80 62
52 62 80 68 57
52 63 57 49 40
52 64 49 41 33
52 65 87 75 60
52 66 73 60 50
52 67 130 105 84
52 68 17 15 12
52 69 46 40 35
52 70 36 31 27
52 71 114 97 78
52 72 39 34 26
52 73 70 61 53
52 74 36 29 25
52 75 38 33 27
52 76 141 114 90
52 77 21 17 14
52 78 37 31 25
52 79 96 81 72
52 80 80 68 52
52 81 49 43 35
52 82 109 85 67
52 83 73 62 52
52 84 38 33 27
52 85 98 87 76
52 86 92 76 61
52 87 90 69 53
52 88 75 58 45
52 89 49 44 34
52 90 85 65 57
52 91 87 71 55
52 92 62 52 42
52 93 109 96 81
52 94 54 46 38
52 95 55 43 38
52 96 63 49 40
52 97 92 75 64
52 98 51 40 34
52 99 78 63 55
53 54 58 49 40
53 55 133 111 99
53 56 85 67 55
53 57 101 88 77
53 58 143 113 97
53 59 134 109 95
53 60 50 44 39
53 61 36 30 24
53 62 49 41 36
53 63 51 43 33
53 64 73 61 50
53 65 37 33 27
53 66 20 16 12
53 67 63 54 46
53 68 100 77 67
53 69 39 33 26
53 70 71 58 47
53 71 131 118 103
53 72 67 59 47
53 73 46 41 33
53 74 48 42 38
53 75 133 108 87
53 76 88 71 54
53 77 81 73 60
53 78 105 87 67
53 79 109 98 77
53 80 139 116 91
53 81 37 31 27
53 82 54 44 39
53 83 92 74 64
53 84 55 44 38
53 85 152 122 99
53 86 142 122 94
53 87 129 109 88
53 88 41 32 25
53 89 82 67 53
53 90 24 18 15
53 91 65 50 38
53 92 143 113 96
53 93 173 136 110
53 94 146 122 96
53 95 45 35 29
53 96 44 36 29
53 97 112 101 79
53 98 111 93 84
53 99 110 86 76
54 55 87 68 60
54 56 22 19 16
54 57 94 76 60
54 58 85 69 58
54 59 88 68 56
54 60 26 21 17
54 61 41 34 28
54 62 84 74 59
54 63 71 55 44
54 64 80 66 52
54 65 74 66 56
54 66 48 39 34
54 67 77 60 47
54 68 70 56 49
54 69 39 32 25
54 70 66 58 45
54 71 92 76 65
54 72 21 17 13
54 73 82 64 55
54 74 44 37 31
54 75 85 71 62
54 76 77 65 52
54 77 68 56 45
54 78 82 63 57
54 79 65 53 45
54 80 78 68 52
54 81 30 26 23
54 82 42 33 29
54 83 37 33 27
54 84 50 41 35
54 85 82 70 61
54 86 84 70 54
54 87 70 57 49
54 88 22 18 16
54 89 75 67 54
54 90 64 55 45
54 91 27 22 17
54 92 95 77 60
54 93 93 81 71
54 94 98 77 62
54 95 51 43 38
54 96 58 48 41
54 97 67 55 43
54 98 76 60 48
54 99 53 43 37
55 56 64 53 45
55 57 105 85 70
55 58 17 13 11
55 59 19 16 14
55 60 107 82 64
55 61 131 101 86
55 62 157 121 109
55 63 117 105 92
55 64 127 112 89
55 65 152 138 110
55 66 122 104 92
55 67 128 107 95
55 68 94 75 64
55 69 123 95 79
55 70 120 105 82
55 71 55 43 33
55 72 79 65 53
55 73 140 120 105
55 74 98 86 75
55 75 80 68 55
55 76 149 122 97
55 77 100 89 70
55 78 121 100 78
55 79 74 64 52
55 80 15 12 9
55 81 117 96 77
55 82 106 91 80
55 83 60 54 43
55 84 117 96 78
55 85 49 42 33
55 86 24 20 16
55 87 22 19 15
55 88 105 91 75
55 89 127 110 90
55 90 135 117 102
55 91 106 90 70
55 92 40 32 25
55 93 43 35 30
55 94 48 37 33
55 95 121 107 87
55 96 131 109 90
55 97 58 50 40
55 98 38 31 24
55 99 46 36 32
56 57 89 76 59
56 58 68 53 42
56 59 60 53 41
56 60 38 33 26
56 61 66 53 42
56 62 111 86 72
56 63 91 70 55
56 64 95 78 60
56 65 109 88 70
56 66 70 58 49
56 67 78 68 56
56 68 72 56 48
56 69 61 49 38
56 70 79 65 52
56 71 77 62 51
56 72 21 17 15
56 73 101 88 68
56 74 54 48 40
56 75 83 65 56
56 76 85 67 60
56 77 78 61 48
56 78 91 70 60
56 79 53 44 37
56 80 57 47 36
56 81 51 45 36
56 82 50 43 39
56 83 26 20 17
56 84 66 51 44
56 85 69 60 48
56 86 58 49 39
56 87 45 40 33
56 88 51 40 31
56 89 93 75 61
56 90 80 71 60
56 91 40 32 27
56 92 67 59 48
56 93 79 66 57
56 94 64 57 51
56 95 67 59 49
56 96 77 68 53
56 97 50 39 31
56 98 51 42 36
56 99 37 30 23
57 58 117 90 76
57 59 115 89 77
57 60 63 53 45
57 61 119 96 82
57 62 100 80 62
57 63 72 55 48
57 64 52 43 34
57 65 99 88 69
57 66 102 81 66
57 67 163 132 105
57 68 17 14 12
57 69 74 60 52
57 70 46 38 32
57 71 142 116 96
57 72 72 62 48
57 73 80 70 60
57 74 58 45 40
57 75 29 25 19
57 76 168 131 111
57 77 30 23 18
57 78 23 19 14
57 79 121 105 94
57 80 90 81 67
57 81 72 60 52
57 82 126 111 89
57 83 98 84 74
57 84 50 44 39
57 85 135 107 95
57 86 111 100 78
57 87 115 90 71
57 88 93 80 65
57 89 47 42 33
57 90 100 77 69
57 91 115 89 77
57 92 69 62 49
57 93 134 109 97
57 94 60 48 42
57 95 70 61 49
57 96 70 61 51
57 97 134 109 85
57 98 70 57 46
57 99 108 84 75
58 59 8 6 4
58 60 94 78 64
58 61 124 102 81
58 62 155 128 110
58 63 118 107 93
58 64 142 111 92
58 65 157 137 110
58 66 134 110 91
58 67 128 107 88
58 68 106 85 70
58 69 121 100 78
58 70 133 107 85
58 71 29 25 22
58 72 73 62 53
58 73 149 128 106
58 74 124 99 76
58 75 92 74 63
58 76 132 116 90
58 77 118 91 74
58 78 127 99 84
58 79 65 55 43
58 80 16 12 10
58 81 108 92 77
58 82 111 89 74
58 83 62 48 37
58 84 115 101 80
58 85 30 27 23
58 86 9 7 6
58 87 15 12 10
58 88 103 83 73
58 89 127 110 93
58 90 146 125 101
58 91 92 72 65
58 92 55 43 34
58 93 30 26 22
58 94 60 53 42
58 95 141 114 88
58 96 124 111 91
58 97 43 36 31
58 98 47 41 31
58 99 35 31 25
59 60 103 82 63
59 61 125 100 79
59 62 144 125 110
59 63 126 104 93
59 64 118 103 92
59 65 160 124 109
59 66 130 112 89
59 67 127 112 86
59 68 93 79 70
59 69 110 98 77
59 70 130 107 85
59 71 31 26 20
59 72 65 58 52
59 73 159 132 106
59 74 110 96 76
59 75 85 74 64
59 76 138 111 87
59 77 105 84 74
59 78 113 94 84
59 79 59 47 40
59 80 18 14 11
59 81 96 86 75
59 82 110 88 71
59 83 50 39 35
59 84 121 103 80
59 85 31 25 20
59 86 5 4 3
59 87 14 11 9
59 88 96 86 71
59 89 134 113 93
59 90 138 117 100
59 91 85 73 63
59 92 61 47 37
59 93 33 26 21
59 94 62 51 45
59 95 137 109 87
59 96 123 108 91
59 97 46 37 28
59 98 48 41 33
59 99 32 26 23
60 61 58 45 38
60 62 73 58 47
60 63 47 37 30
60 64 54 41 36
60 65 71 58 47
60 66 40 35 30
60 67 95 76 61
60 68 49 42 34
60 69 23 18 15
60 70 45 35 28
60 71 106 84 75
60 72 18 14 12
60 73 58 52 43
60 74 23 18 15
60 75 72 64 50
60 76 102 81 67
60 77 43 33 29
60 78 62 53 41
60 79 78 69 60
60 80 77 65 56
60 81 24 18 14
60 82 70 54 44
60 83 61 49 41
60 84 25 21 19
60 85 92 81 73
60 86 89 79 62
60 87 78 64 55
60 88 29 26 21
60 89 54 43 38
60 90 53 47 39
60 91 47 40 33
60 92 84 75 57
60 93 104 93 81
60 94 90 69 57
60 95 36 32 25
60 96 40 34 28
60 97 91 73 56
60 98 66 57 46
60 99 69 57 48
61 62 83 68 57
61 63 66 55 49
61 64 97 82 63
61 65 77 61 50
61 66 45 36 28
61 67 39 31 26
61 68 100 81 71
61 69 43 37 33
61 70 78 66 58
61 71 115 104 83
61 72 59 52 40
61 73 91 70 54
61 74 72 56 45
61 75 135 113 87
61 76 47 42 33
61 77 101 82 65
61 78 108 95 75
61 79 75 62 55
61 80 118 95 77
61 81 45 37 32
61 82 25 21 16
61 83 77 59 46
61 84 71 59 47
61 85 114 95 80
61 86 97 87 77
61 87 97 85 73
61 88 26 22 17
61 89 104 85 66
61 90 62 48 37
61 91 27 22 17
61 92 124 102 88
61 93 135 106 91
61 94 123 100 90
61 95 61 51 43
61 96 71 54 44
61 97 91 77 59
61 98 128 99 76
61 99 85 70 58
62 63 27 21 18
62 64 43 34 28
62 65 19 15 11
62 66 46 38 30
62 67 110 92 81
62 68 72 63 56
62 69 53 45 34
62 70 42 35 31
62 71 167 136 122
62 72 78 68 59
62 73 9 7 5
62 74 49 39 35
62 75 114 95 78
62 76 117 106 89
62 77 69 57 48
62 78 76 58 49
62 79 154 121 103
62 80 163 129 102
62 81 53 44 36
62 82 104 92 72
62 83 110 99 86
62 84 46 38 31
62 85 199 154 119
62 86 155 129 109
62 87 144 115 102
62 88 66 58 48
62 89 44 39 30
62 90 32 26 22
62 91 97 86 66
62 92 144 114 98
62 93 192 149 127
62 94 121 105 95
62 95 35 27 23
62 96 29 23 20
62 97 169 130 101
62 98 126 113 89
62 99 131 114 95
63 64 25 21 18
63 65 33 27 21
63 66 31 26 23
63 67 107 83 74
63 68 63 52 41
63 69 34 26 20
63 70 24 20 17
63 71 148 120 105
63 72 63 52 42
63 73 22 18 14
63 74 25 20 17
63 75 92 82 63
63 76 112 99 82
63 77 48 40 32
63 78 58 47 37
63 79 139 114 88
63 80 135 104 85
63 81 33 28 22
63 82 90 70 62
63 83 101 78 70
63 84 24 19 14
63 85 162 132 102
63 86 141 115 92
63 87 109 97 84
63 88 54 45 36
63 89 28 23 20
63 90 30 26 22
63 91 85 69 54
63 92 129 102 81
63 93 158 132 111
63 94 109 93 78
63 95 12 9 7
63 96 8 6 5
63 97 108 98 85
63 98 111 88 71
63 99 119 91 78
64 65 53 45 36
64 66 65 51 40
64 67 129 100 88
64 68 42 36 30
64 69 45 37 31
64 70 12 10 8
64 71 146 119 107
64 72 70 56 45
64 73 40 31 26
64 74 29 25 22
64 75 70 57 51
64 76 133 116 96
64 77 30 27 22
64 78 32 24 21
64 79 136 122 95
64 80 124 103 83
64 81 51 40 33
64 82 118 91 74
64 83 121 94 76
64 84 27 21 18
64 85 158 123 105
64 86 151 116 92
64 87 125 106 84
64 88 73 58 48
64 89 5 4 3
64 90 60 48 39
64 91 93 76 65
64 92 110 93 74
64 93 177 138 111
64 94 98 81 69
64 95 35 27 22
64 96 29 25 21
64 97 132 107 90
64 98 98 75 66
64 99 123 98 81
65 66 33 29 24
65 67 105 86 73
65 68 91 70 62
65 69 47 39 32
65 70 48 41 37
65 71 174 141 120
65 72 80 66 58
65 73 15 12 10
65 74 56 46 37
65 75 128 104 83
65 76 113 91 81
65 77 81 64 53
65 78 86 73 56
65 79 145 126 99
65 80 140 127 103
65 81 53 44 34
65 82 94 78 65
65 83 113 98 83
65 84 53 43 34
65 85 151 130 117
65 86 161 139 108
65 87 144 118 101
65 88 68 52 44
65 89 57 50 38
65 90 20 17 14
65 91 85 73 61
65 92 160 125 101
65 93 156 141 126
65 94 128 110 98
65 95 34 28 24
65 96 32 25 21
65 97 165 127 98
65 98 133 108 91
65 99 129 105 93
66 67 86 67 52
66 68 73 64 56
66 69 27 21 16
66 70 52 46 36
66 71 133 120 98
66 72 62 49 39
66 73 36 32 27
66 74 45 34 27
66 75 111 94 76
66 76 89 70 60
66 77 74 63 48
66 78 85 65 56
66 79 106 89 75
66 80 123 98 84
66 81 26 21 16
66 82 64 54 42
66 83 91 72 60
66 84 44 35 27
66 85 150 118 95
66 86 146 113 88
66 87 116 98 81
66 88 28 23 20
66 89 57 51 43
66 90 19 16 12
66 91 53 48 37
66 92 127 101 86
66 93 161 130 105
66 94 116 103 86
66 95 32 25 19
66 96 28 23 19
66 97 114 95 75
66 98 108 90 75
66 99 111 89 71
67 68 139 110 94
67 69 86 69 58
67 70 126 98 83
67 71 137 109 84
67 72 82 70 59
67 73 114 93 78
67 74 94 77 69
67 75 155 139 108
67 76 14 11 8
67 77 145 116 89
67 78 157 125 100
67 79 70 62 52
67 80 141 110 86
67 81 81 70 56
67 82 27 22 18
67 83 74 61 52
67 84 112 86 72
67 85 129 99 80
67 86 122 107 83
67 87 120 102 81
67 88 61 50 41
67 89 133 114 91
67 90 89 75 60
67 91 46 38 30
67 92 166 127 103
67 93 118 107 92
67 94 166 137 107
67 95 107 84 68
67 96 106 90 70
67 97 92 78 60
67 98 145 114 91
67 99 90 76 64
68 69 59 50 42
68 70 40 31 26
68 71 128 98 88
68 72 57 47 37
68 73 78 67 54
68 74 49 38 30
68 75 32 26 22
68 76 133 115 100
68 77 15 12 9
68 78 23 18 15
68 79 106 96 84
68 80 88 72 61
68 81 59 48 42
68 82 104 90 77
68 83 94 80 64
68 84 48 38 30
68 85 113 102 86
68 86 108 89 70
68 87 96 77 63
68 88 85 66 54
68 89 42 32 29
68 90 89 75 61
68 91 108 84 65
68 92 63 57 46
68 93 132 111 90
68 94 64 50 41
68 95 60 47 41
68 96 58 50 43
68 97 96 85 76
68 98 58 48 41
68 99 98 86 66
69 70 37 31 26
69 71 128 109 88
69 72 38 33 26
69 73 42 34 30
69 74 20 17 13
69 75 84 68 61
69 76 94 73 65
69 77 50 44 35
69 78 59 53 44
69 79 92 78 69
69 80 117 91 71
69 81 5 4 3
69 82 65 54 44
69 83 78 65 52
69 84 23 18 15
69 85 117 99 85
69 86 122 94 76
69 87 97 81 69
69 88 26 22 18
69 89 51 40 34
69 90 34 28 24
69 91 50 41 35
69 92 103 91 72
69 93 129 113 94
69 94 109 88 71
69 95 18 15 13
69 96 23 19 16
69 97 110 86 67
69 98 91 77 61
69 99 84 73 61
70 71 155 120 100
70 72 51 43 38
70 73 41 32 28
70 74 22 18 15
70 75 66 53 47
70 76 138 109 90
70 77 28 22 17
70 78 29 25 21
70 79 120 108 88
70 80 125 100 77
70 81 39 33 27
70 82 93 76 68
70 83 97 86 68
70 84 17 13 11
70 85 149 118 98
70 86 130 100 84
70 87 116 99 77
70 88 63 51 42
70 89 16 12 10
70 90 61 48 38
70 91 81 67 58
70 92 101 83 68
70 93 146 115 104
70 94 88 77 64
70 95 28 23 18
70 96 30 24 19
70 97 130 101 82
70 98 79 67 60
70 99 104 84 74
71 72 82 74 64
71 73 153 134 118
71 74 129 108 89
71 75 112 101 84
71 76 117 101 83
71 77 114 102 91
71 78 137 116 102
71 79 46 38 33
71 80 43 34 30
71 81 129 110 86
71 82 105 81 72
71 83 55 44 39
71 84 141 117 93
71 85 7 6 4
71 86 31 24 19
71 87 44 34 26
71 88 114 94 79
71 89 164 139 109
71 90 140 126 109
71 91 87 77 67
71 92 85 73 56
71 93 15 11 9
71 94 95 80 64
71 95 133 113 100
71 96 155 120 103
71 97 39 30 25
71 98 68 61 52
71 99 41 36 28
72 73 83 68 54
72 74 40 31 26
72 75 77 59 49
72 76 102 79 65
72 77 55 46 35
72 78 74 59 47
72 79 69 62 50
72 80 72 57 46
72 81 32 28 24
72 82 57 47 42
72 83 45 35 31
72 84 47 36 30
72 85 92 77 61
72 86 69 58 51
72 87 69 54 44
72 88 38 32 25
72 89 65 52 47
72 90 75 61 49
72 91 48 38 30
72 92 79 62 50
72 93 101 78 69
72 94 71 63 51
72 95 51 41 36
72 96 60 46 39
72 97 64 53 45
72 98 60 46 38
72 99 55 43 37
73 74 48 39 31
73 75 124 97 75
73 76 131 108 86
73 77 58 50 45
73 78 66 58 47
73 79 143 122 99
73 80 147 116 98
73 81 52 41 32
73 82 98 81 68
73 83 138 107 82
73 84 40 35 28
73 85 165 148 115
73 86 146 118 105
73 87 141 112 98
73 88 63 55 44
73 89 47 36 28
73 90 32 24 19
73 91 95 79 62
73 92 154 119 94
73 93 171 153 123
73 94 133 107 91
73 95 27 23 19
73 96 23 20 16
73 97 130 116 97
73 98 122 106 85
73 99 131 116 90
74 75 77 62 50
74 76 107 87 76
74 77 35 28 23
74 78 45 37 32
74 79 116 94 74
74 80 93 79 68
74 81 20 18 14
74 82 79 65 54
74 83 73 66 55
74 84 8 6 5
74 85 120 103 86
74 86 100 90 75
74 87 97 76 68
74 88 42 36 28
74 89 32 28 24
74 90 46 38 32
74 91 68 56 44
74 92 108 83 65
74 93 128 115 94
74 94 88 71 63
74 95 20 15 13
74 96 20 18 16
74 97 108 91 70
74 98 82 67 55
74 99 82 70 62
75 76 166 133 113
75 77 49 39 31
75 78 45 37 32
75 79 129 113 88
75 80 79 64 54
75 81 89 80 61
75 82 135 113 91
75 83 107 84 69
75 84 71 58 51
75 85 122 97 83
75 86 96 81 65
75 87 83 66 58
75 88 106 87 70
75 89 82 63 50
75 90 117 94 81
75 91 115 99 78
75 92 48 41 32
75 93 133 109 84
75 94 41 32 24
75 95 92 78 62
75 96 94 77 64
75 97 116 98 77
75 98 47 41 32
75 99 92 81 67
76 77 126 108 95
76 78 145 119 107
76 79 75 63 51
76 80 135 111 88
76 81 90 80 64
76 82 30 27 23
76 83 79 62 54
76 84 110 90 79
76 85 115 93 79
76 86 138 109 85
76 87 140 108 83
76 88 74 57 48
76 89 144 124 99
76 90 97 80 68
76 91 52 46 36
76 92 170 137 107
76 93 134 113 92
76 94 155 131 111
76 95 113 95 76
76 96 123 96 77
76 97 77 69 61
76 98 141 123 95
76 99 99 83 65
77 78 17 15 13
77 79 122 100 84
77 80 81 73 65
77 81 53 41 35
77 82 106 92 73
77 83 90 76 64
77 84 33 28 22
77 85 127 105 89
77 86 101 85 74
77 87 101 84 67
77 88 64 54 48
77 89 30 26 21
77 90 76 62 52
77 91 82 72 61
77 92 76 68 53
77 93 136 121 94
77 94 72 59 48
77 95 47 38 32
77 96 52 44 34
77 97 97 85 76
77 98 72 59 46
77 99 99 84 67
78 79 139 112 96
78 80 119 92 75
78 81 60 51 45
78 82 135 105 84
78 83 115 91 76
78 84 41 33 29
78 85 145 117 100
78 86 112 98 84
78 87 111 89 77
78 88 95 74 59
78 89 26 23 19
78 90 86 74 58
78 91 110 91 73
78 92 79 71 59
78 93 150 120 104
78 94 83 65 54
78 95 58 48 38
78 96 57 51 39
78 97 126 104 88
78 98 80 62 55
78 99 110 90 79
79 80 60 51 44
79 81 93 80 67
79 82 60 48 42
79 83 28 25 20
79 84 116 103 79
79 85 40 34 29
79 86 53 44 37
79 87 55 49 38
79 88 85 69 56
79 89 132 112 97
79 90 132 103 86
79 91 61 51 40
79 92 91 77 69
79 93 62 52 41
79 94 110 89 75
79 95 112 91 82
79 96 119 106 85
79 97 21 16 13
79 98 83 68 59
79 99 32 26 22
80 81 96 82 69
80 82 114 92 71
80 83 54 46 35
80 84 101 86 72
80 85 46 39 30
80 86 18 15 12
80 87 11 9 7
80 88 101 86 67
80 89 133 109 84
80 90 134 110 94
80 91 98 79 61
80 92 43 35 27
80 93 43 38 31
80 94 56 45 35
80 95 115 99 80
80 96 126 104 83
80 97 50 38 32
80 98 35 28 22
80 99 39 31 24
81 82 65 50 42
81 83 81 65 50
81 84 23 19 16
81 85 119 93 83
81 86 115 94 74
81 87 104 82 68
81 88 22 18 16
81 89 52 42 36
81 90 37 30 25
81 91 51 43 33
81 92 89 80 71
81 93 140 117 92
81 94 93 84 70
81 95 19 17 15
81 96 27 24 18
81 97 91 76 65
81 98 84 73 60
81 99 90 73 59
82 83 54 48 37
82 84 77 68 58
82 85 91 79 68
82 86 98 77 69
82 87 97 77 66
82 88 45 35 27
82 89 105 86 77
82 90 83 67 52
82 91 19 16 13
82 92 132 109 86
82 93 113 94 80
82 94 122 107 89
82 95 87 68 55
82 96 79 71 57
82 97 72 57 48
82 98 101 84 74
82 99 74 61 49
83 84 78 70 60
83 85 50 44 35
83 86 50 41 33
83 87 42 37 29
83 88 68 54 41
83 89 114 100 78
83 90 106 90 72
83 91 45 36 29
83 92 83 64 54
83 93 66 55 46
83 94 85 75 60
83 95 96 82 64
83 96 98 86 67
83 97 22 18 16
83 98 60 50 43
83 99 19 15 13
84 85 142 114 91
84 86 100 90 79
84 87 99 88 72
84 88 49 40 32
84 89 33 26 20
84 90 50 39 31
84 91 68 58 48
84 92 94 75 67
84 93 149 121 98
84 94 95 79 65
84 95 18 15 11
84 96 21 16 14
84 97 119 93 74
84 98 91 76 58
84 99 92 76 67
85 86 28 23 19
85 87 37 32 25
85 88 112 98 75
85 89 156 123 106
85 90 152 122 106
85 91 87 73 63
85 92 78 67 56
85 93 22 17 13
85 94 94 83 64
85 95 129 108 97
85 96 152 125 100
85 97 37 28 21
85 98 74 64 51
85 99 34 30 25
86 87 13 10 8
86 88 93 81 69
86 89 145 113 93
86 90 136 121 98
86 91 84 73 61
86 92 57 48 38
86 93 32 25 21
86 94 65 54 46
86 95 131 112 86
86 96 135 109 90
86 97 37 30 25
86 98 51 40 33
86 99 32 25 20
87 88 97 78 64
87 89 115 101 85
87 90 126 108 92
87 91 79 63 57
87 92 48 40 33
87 93 39 35 28
87 94 58 46 40
87 95 113 88 79
87 96 130 100 83
87 97 41 34 26
87 98 38 32 27
87 99 28 23 18
88 89 84 64 51
88 90 49 40 32
88 91 28 23 18
88 92 107 90 74
88 93 145 111 86
88 94 112 92 75
88 95 42 34 30
88 96 49 42 32
88 97 82 71 56
88 98 91 78 62
88 99 81 64 52
89 90 60 47 42
89 91 95 82 68
89 92 105 86 74
89 93 162 142 113
89 94 89 77 69
89 95 36 30 24
89 96 39 31 24
89 97 132 108 92
89 98 93 76 67
89 99 119 103 83
90 91 68 60 48
90 92 149 123 95
90 93 184 149 116
90 94 135 108 94
90 95 30 25 20
90 96 31 24 19
90 97 124 108 87
90 98 140 109 84
90 99 126 98 82
91 92 114 97 74
91 93 98 85 74
91 94 105 93 77
91 95 68 54 47
91 96 69 56 50
91 97 63 50 42
91 98 87 72 62
91 99 52 47 41
92 93 84 71 55
92 94 15 11 9
92 95 110 91 77
92 96 108 91 80
92 97 93 73 57
92 98 22 17 13
92 99 60 54 47
93 94 88 71 63
93 95 150 127 105
93 96 155 135 108
93 97 49 41 33
93 98 75 59 52
93 99 51 40 35
94 95 112 94 75
94 96 107 93 78
94 97 90 72 63
94 98 25 20 17
94 99 73 63 53
95 96 7 5 4
95 97 107 94 79
95 98 98 86 67
95 99 94 83 72
96 97 126 100 82
96 98 102 79 71
96 99 121 95 76
97 98 68 57 48
97 99 15 13 11
98 99 57 49 38
10
9
10
2
5
9
4
3
1
6
6
3
3
7
2
8
9
5
2
6
3
2
8
6
3
3
8
10
4
6
3
5
6
4
7
6
1
2
5
2
6
6
7
9
7
8
2
9
10
6
9
6
5
2
5
8
8
9
6
10
4
1
5
6
8
3
1
8
2
9
6
2
6
8
3
10
1
2
6
7
7
10
3
1
6
4
4
4
9
3
7
6
3
10
3
4
2
8
7
4
