100 4950
0 1 178 153 125
0 2 39 33 25
0 3 98 79 71
0 4 64 55 49
0 5 139 112 88
0 6 102 85 77
0 7 35 29 24
0 8 58 47 41
0 9 112 96 86
0 10 199 154 131
0 11 113 90 80
0 12 82 67 58
0 13 83 69 58
0 14 175 148 118
0 15 131 116 103
0 16 65 51 45
0 17 131 101 82
0 18 25 22 17
0 19 37 29 23
0 20 39 32 25
0 21 86 72 61
0 22 116 100 79
0 23 46 38 31
0 24 106 84 65
0 25 78 61 47
0 26 64 55 47
0 27 86 74 61
0 28 75 60 50
0 29 63 51 39
0 30 74 66 52
0 31 149 114 97
0 32 112 94 83
0 33 87 77 69
0 34 107 82 64
0 35 35 31 25
0 36 85 74 63
0 37 75 60 48
0 38 143 118 99
0 39 62 51 45
0 40 153 122 94
0 41 38 31 27
0 42 110 95 76
0 43 141 118 92
0 44 109 92 74
0 45 122 97 74
0 46 133 117 96
0 47 96 86 72
0 48 118 92 75
0 49 82 68 59
0 50 156 132 110
0 51 136 105 84
0 52 132 110 88
0 53 146 125 96
0 54 182 147 117
0 55 130 102 81
0 56 116 94 82
0 57 157 127 107
0 58 128 104 80
0 59 147 123 111
0 60 64 50 40
0 61 165 130 105
0 62 151 117 106
0 63 46 37 29
0 64 34 26 20
0 65 38 30 26
0 66 126 110 87
0 67 108 88 70
0 68 143 113 99
0 69 115 94 83
0 70 93 80 67
0 71 134 112 92
0 72 103 79 69
0 73 80 72 64
0 74 156 123 102
0 75 188 150 121
0 76 182 147 122
0 77 125 108 92
0 78 61 55 45
0 79 9 7 6
0 80 127 101 89
0 81 120 101 80
0 82 58 46 37
0 83 108 95 74
0 84 92 78 68
0 85 184 158 132
0 86 135 111 100
0 87 115 98 75
0 88 164 139 115
0 89 157 123 103
0 90 95 77 66
0 91 106 87 72
0 92 109 97 75
0 93 33 28 22
0 94 108 85 69
0 95 143 121 98
0 96 99 88 69
0 97 169 143 116
0 98 94 74 61
0 99 69 56 44
1 2 137 119 102
1 3 91 79 66
1 4 114 88 76
1 5 76 60 53
1 6 69 58 49
1 7 148 132 113
1 8 138 121 101
1 9 61 52 43
1 10 12 9 7
1 11 72 58 48
1 12 131 112 87
1 13 88 76 67
1 14 28 22 19
1 15 39 33 28
1 16 150 130 103
1 17 99 80 63
1 18 165 130 110
1 19 161 126 107
1 20 155 129 100
1 21 153 118 95
1 22 143 114 91
1 23 158 122 95
1 24 100 77 61
1 25 136 111 95
1 26 127 108 87
1 27 116 102 86
1 28 142 121 93
1 29 151 118 98
1 30 115 89 78
1 31 38 34 30
1 32 91 77 65
1 33 145 113 88
1 34 133 112 89
1 35 153 133 110
1 36 95 80 63
1 37 112 91 78
1 38 39 33 29
1 39 140 125 97
1 40 75 65 57
1 41 138 116 100
1 42 116 99 86
1 43 92 80 69
1 44 90 77 63
1 45 121 96 81
1 46 58 51 45
1 47 125 105 82
1 48 117 103 82
1 49 115 90 74
1 50 42 33 28
1 51 88 74 60
1 52 136 115 88
1 53 96 78 65
1 54 27 21 18
1 55 115 94 77
1 56 98 75 62
1 57 58 45 34
1 58 133 112 94
1 59 37 33 27
1 60 128 98 87
1 61 39 30 26
1 62 60 46 37
1 63 127 109 97
1 64 151 137 108
1 65 135 115 102
1 66 57 50 44
1 67 91 81 65
1 68 60 48 37
1 69 118 92 82
1 70 87 72 62
1 71 65 57 47
1 72 124 111 92
1 73 97 75 65
1 74 74 61 48
1 75 16 12 9
1 76 12 10 8
1 77 72 64 56
1 78 131 114 101
1 79 163 142 127
1 80 61 49 41
1 81 90 70 55
1 82 139 115 92
1 83 100 88 68
1 84 84 66 58
1 85 12 10 8
1 86 50 43 36
1 87 98 82 69
1 88 17 13 11
1 89 34 28 22
1 90 84 72 60
1 91 102 78 62
1 92 121 97 84
1 93 172 139 112
1 94 78 64 57
1 95 70 61 53
1 96 87 70 57
1 97 20 16 13
1 98 120 100 80
1 99 135 107 96
2 3 75 59 46
2 4 37 33 27
2 5 82 73 64
2 6 81 67 54
2 7 43 33 29
2 8 39 30 23
2 9 85 73 61
2 10 156 123 107
2 11 81 70 56
2 12 77 63 49
2 13 51 43 36
2 14 140 117 94
2 15 111 98 79
2 16 62 53 42
2 17 86 75 58
2 18 14 11 9
2 19 29 24 20
2 20 15 13 10
2 21 86 69 55
2 22 90 75 59
2 23 13 11 9
2 24 60 52 43
2 25 55 46 40
2 26 48 40 35
2 27 73 62 51
2 28 41 33 29
2 29 49 42 33
2 30 44 35 28
2 31 118 95 74
2 32 79 69 59
2 33 71 61 48
2 34 63 49 44
2 35 18 15 13
2 36 55 47 40
2 37 36 30 24
2 38 107 90 75
2 39 55 49 38
2 40 97 86 70
2 41 4 3 2
2 42 73 65 55
2 43 110 85 69
2 44 75 62 50
2 45 103 80 63
2 46 100 86 76
2 47 84 65 50
2 48 94 75 65
2 49 66 54 42
2 50 134 111 89
2 51 88 77 67
2 52 109 88 79
2 53 114 93 82
2 54 133 112 95
2 55 90 76 58
2 56 93 79 66
2 57 109 95 83
2 58 94 74 61
2 59 131 101 90
2 60 33 29 23
2 61 123 104 83
2 62 117 104 86
2 63 11 9 7
2 64 11 9 7
2 65 9 7 5
2 66 81 73 63
2 67 64 56 46
2 68 105 90 79
2 69 91 74 61
2 70 69 53 43
2 71 94 77 68
2 72 70 56 50
2 73 55 48 40
2 74 121 98 84
2 75 153 118 98
2 76 136 116 99
2 77 119 97 75
2 78 61 48 42
2 79 43 33 28
2 80 105 83 67
2 81 95 79 61
2 82 34 30 23
2 83 75 59 50
2 84 65 52 47
2 85 177 142 109
2 86 109 97 76
2 87 76 62 51
2 88 132 111 93
2 89 115 101 80
2 90 58 47 42
2 91 89 70 54
2 92 94 81 65
2 93 19 17 13
2 94 70 55 47
2 95 113 95 74
2 96 69 61 47
2 97 126 113 92
2 98 51 44 38
2 99 49 41 37
3 4 44 38 31
3 5 26 23 18
3 6 39 32 26
3 7 106 82 69
3 8 50 42 37
3 9 33 28 23
3 10 111 91 70
3 11 31 26 21
3 12 102 79 66
3 13 47 38 30
3 14 72 59 52
3 15 52 44 39
3 16 99 79 71
3 17 21 17 13
3 18 76 66 54
3 19 88 73 61
3 20 70 60 50
3 21 108 86 75
3 22 55 43 33
3 23 58 52 42
3 24 46 36 31
3 25 103 85 65
3 26 83 67 55
3 27 95 76 66
3 28 42 33 28
3 29 94 76 63
3 30 29 24 19
3 31 70 54 45
3 32 23 19 15
3 33 40 31 25
3 34 40 32 25
3 35 74 65 50
3 36 41 33 27
3 37 46 35 29
3 38 59 50 38
3 39 101 80 65
3 40 36 30 24
3 41 67 57 45
3 42 39 31 27
3 43 41 34 27
3 44 7 5 4
3 45 108 91 72
3 46 96 79 61
3 47 30 24 20
3 48 119 93 74
3 49 75 60 48
3 50 86 77 65
3 51 84 74 62
3 52 134 114 88
3 53 119 95 77
3 54 96 75 66
3 55 28 25 21
3 56 90 76 62
3 57 61 51 39
3 58 46 41 36
3 59 86 71 64
3 60 62 55 44
3 61 79 66 56
3 62 110 85 66
3 63 72 58 45
3 64 71 62 51
3 65 64 56 45
3 66 33 26 22
3 67 4 3 2
3 68 83 71 59
3 69 42 34 28
3 70 18 14 12
3 71 35 30 23
3 72 45 35 30
3 73 20 17 13
3 74 99 86 70
3 75 93 76 59
3 76 91 80 66
3 77 96 80 67
3 78 95 83 70
3 79 106 85 74
3 80 77 60 46
3 81 80 63 51
3 82 66 57 50
3 83 10 9 7
3 84 47 37 33
3 85 95 83 72
3 86 50 39 33
3 87 13 10 9
3 88 84 69 59
3 89 61 54 45
3 90 33 29 22
3 91 82 64 50
3 92 118 91 76
3 93 66 58 52
3 94 44 39 32
3 95 44 36 28
3 96 50 43 34
3 97 77 60 54
3 98 22 18 15
3 99 89 73 64
4 5 62 54 45
4 6 38 32 28
4 7 59 52 41
4 8 51 41 35
4 9 60 47 38
4 10 129 101 82
4 11 49 38 33
4 12 47 41 37
4 13 16 12 10
4 14 110 85 70
4 15 93 72 55
4 16 60 51 41
4 17 72 57 44
4 18 49 40 35
4 19 41 37 33
4 20 39 31 25
4 21 74 59 46
4 22 83 66 58
4 23 31 25 19
4 24 25 21 17
4 25 47 38 34
4 26 38 33 25
4 27 63 49 38
4 28 50 39 33
4 29 43 37 32
4 30 27 21 17
4 31 65 58 48
4 32 73 60 46
4 33 67 58 46
4 34 58 51 43
4 35 52 43 37
4 36 21 17 14
4 37 9 7 5
4 38 80 65 50
4 39 47 41 35
4 40 87 70 54
4 41 35 28 25
4 42 74 62 52
4 43 83 72 57
4 44 49 40 34
4 45 69 61 47
4 46 81 65 51
4 47 62 50 44
4 48 75 60 49
4 49 32 27 22
4 50 88 76 63
4 51 63 53 44
4 52 82 71 63
4 53 84 71 60
4 54 105 84 69
4 55 71 58 50
4 56 60 52 44
4 57 90 69 61
4 58 99 78 60
4 59 82 72 63
4 60 19 16 14
4 61 75 68 57
4 62 90 72 60
4 63 31 27 21
4 64 48 38 34
4 65 39 33 28
4 66 55 47 41
4 67 41 35 30
4 68 74 61 53
4 69 82 70 55
4 70 33 27 22
4 71 77 61 48
4 72 74 65 50
4 73 28 24 19
4 74 87 72 59
4 75 104 89 73
4 76 91 82 73
4 77 86 67 52
4 78 53 47 39
4 79 79 65 51
4 80 61 49 41
4 81 47 41 36
4 82 33 26 20
4 83 57 48 37
4 84 34 26 20
4 85 128 100 83
4 86 70 62 54
4 87 57 50 39
4 88 102 81 67
4 89 78 68 55
4 90 25 22 17
4 91 48 37 30
4 92 71 61 50
4 93 63 50 38
4 94 34 26 20
4 95 89 73 56
4 96 33 27 21
4 97 91 78 67
4 98 41 37 32
4 99 49 41 33
5 6 40 36 28
5 7 122 107 85
5 8 73 63 54
5 9 30 24 18
5 10 79 69 57
5 11 27 23 20
5 12 119 100 77
5 13 66 51 41
5 14 51 43 38
5 15 36 31 26
5 16 125 101 85
5 17 15 12 10
5 18 104 84 72
5 19 111 88 77
5 20 101 79 66
5 21 137 112 86
5 22 52 44 39
5 23 95 77 59
5 24 61 51 40
5 25 130 101 78
5 26 103 84 68
5 27 95 86 76
5 28 64 51 44
5 29 123 98 77
5 30 51 46 36
5 31 52 45 40
5 32 18 14 12
5 33 59 46 35
5 34 52 42 37
5 35 103 83 67
5 36 51 44 37
5 37 74 57 44
5 38 43 35 28
5 39 101 87 78
5 40 14 12 10
5 41 88 71 62
5 42 47 41 33
5 43 29 26 20
5 44 24 19 14
5 45 115 99 80
5 46 96 75 60
5 47 39 34 29
5 48 120 104 82
5 49 81 67 59
5 50 78 68 59
5 51 87 77 66
5 52 145 119 94
5 53 115 99 80
5 54 94 72 57
5 55 36 32 24
5 56 88 78 67
5 57 35 28 23
5 58 60 51 41
5 59 92 75 58
5 60 92 77 59
5 61 71 63 51
5 62 95 77 63
5 63 89 72 62
5 64 92 77 68
5 65 91 76 62
5 66 18 15 13
5 67 28 22 18
5 68 77 67 56
5 69 42 36 30
5 70 35 28 24
5 71 11 9 7
5 72 58 45 40
5 73 34 30 27
5 74 104 82 70
5 75 76 60 46
5 76 80 63 55
5 77 87 77 69
5 78 114 94 83
5 79 137 111 91
5 80 76 60 46
5 81 79 69 55
5 82 108 84 65
5 83 25 22 17
5 84 62 51 41
5 85 84 72 59
5 86 30 23 18
5 87 26 22 17
5 88 70 62 49
5 89 50 45 36
5 90 41 36 32
5 91 90 69 56
5 92 125 101 84
5 93 107 84 69
5 94 65 51 39
5 95 15 13 11
5 96 62 53 41
5 97 67 52 41
5 98 41 36 31
5 99 117 92 77
6 7 112 86 67
6 8 79 64 55
6 9 20 17 13
6 10 76 66 54
6 11 15 12 9
6 12 77 62 51
6 13 31 24 20
6 14 61 51 42
6 15 44 35 28
6 16 99 77 62
6 17 50 42 33
6 18 99 77 62
6 19 83 67 60
6 20 75 63 52
6 21 79 68 60
6 22 94 73 58
6 23 76 60 46
6 24 26 20 15
6 25 77 62 54
6 26 73 58 45
6 27 72 58 50
6 28 68 57 48
6 29 86 69 55
6 30 43 35 31
6 31 29 25 22
6 32 59 46 36
6 33 73 58 50
6 34 68 56 49
6 35 82 73 62
6 36 22 18 15
6 37 44 39 30
6 38 30 27 23
6 39 73 63 55
6 40 64 49 38
6 41 72 60 52
6 42 76 63 52
6 43 78 60 46
6 44 35 29 26
6 45 79 64 53
6 46 55 43 35
6 47 61 51 45
6 48 79 69 54
6 49 47 38 33
6 50 57 47 41
6 51 51 44 39
6 52 100 79 67
6 53 80 65 53
6 54 64 54 44
6 55 72 59 45
6 56 54 48 39
6 57 52 42 36
6 58 99 79 61
6 59 57 45 40
6 60 57 46 40
6 61 43 38 33
6 62 63 52 41
6 63 75 60 49
6 64 88 74 60
6 65 76 63 54
6 66 25 21 18
6 67 38 32 25
6 68 54 43 34
6 69 80 63 52
6 70 21 19 16
6 71 44 35 27
6 72 89 69 55
6 73 27 22 18
6 74 72 56 45
6 75 67 53 45
6 76 71 61 47
6 77 54 47 42
6 78 85 74 60
6 79 115 102 79
6 80 32 27 21
6 81 41 35 27
6 82 65 52 46
6 83 49 38 32
6 84 21 18 14
6 85 83 68 56
6 86 43 37 29
6 87 51 42 34
6 88 60 49 40
6 89 39 33 27
6 90 20 15 12
6 91 39 34 28
6 92 84 67 56
6 93 88 78 63
6 94 18 15 12
6 95 57 49 38
6 96 23 18 14
6 97 53 44 39
6 98 57 46 38
6 99 79 69 54
7 8 72 65 51
7 9 115 99 78
7 10 167 132 119
7 11 117 95 73
7 12 55 46 36
7 13 70 56 48
7 14 160 138 109
7 15 130 112 95
7 16 34 26 22
7 17 101 91 82
7 18 39 31 27
7 19 14 11 9
7 20 35 27 21
7 21 51 46 37
7 22 116 98 87
7 23 39 33 29
7 24 82 63 54
7 25 41 33 25
7 26 41 34 28
7 27 53 44 39
7 28 79 65 57
7 29 28 23 18
7 30 81 64 51
7 31 129 108 84
7 32 123 96 83
7 33 104 90 75
7 34 115 90 72
7 35 59 50 38
7 36 72 62 53
7 37 57 49 42
7 38 142 115 89
7 39 28 25 22
7 40 138 106 93
7 41 43 34 29
7 42 110 96 83
7 43 137 122 94
7 44 107 88 73
7 45 77 61 52
7 46 115 100 78
7 47 108 90 77
7 48 79 64 53
7 49 61 52 41
7 50 146 122 94
7 51 85 71 64
7 52 90 79 65
7 53 118 96 75
7 54 143 123 102
7 55 111 96 85
7 56 96 77 62
7 57 139 125 101
7 58 139 112 89
7 59 143 118 95
7 60 47 36 28
7 61 131 110 90
7 62 137 108 89
7 63 42 33 26
7 64 43 35 30
7 65 47 38 33
7 66 109 90 81
7 67 111 86 69
7 68 128 100 83
7 69 113 102 89
7 70 89 76 62
7 71 127 104 88
7 72 125 98 78
7 73 84 69 59
7 74 127 102 83
7 75 163 136 111
7 76 153 138 109
7 77 105 92 73
7 78 33 26 22
7 79 32 27 22
7 80 93 83 74
7 81 82 73 63
7 82 32 28 22
7 83 105 88 74
7 84 89 70 56
7 85 170 148 120
7 86 129 106 94
7 87 113 90 76
7 88 147 118 103
7 89 125 108 92
7 90 82 65 57
7 91 81 67 55
7 92 73 66 52
7 93 52 44 36
7 94 84 66 57
7 95 132 111 96
7 96 77 68 57
7 97 137 124 106
7 98 95 77 64
7 99 38 29 22
8 9 88 68 58
8 10 134 118 105
8 11 82 66 54
8 12 91 82 67
8 13 62 51 43
8 14 132 105 89
8 15 106 94 75
8 16 96 77 64
8 17 72 58 46
8 18 43 34 26
8 19 65 51 43
8 20 47 38 31
8 21 114 91 74
8 22 59 49 39
8 23 40 33 26
8 24 80 62 49
8 25 83 73 60
8 26 80 70 54
8 27 88 79 69
8 28 15 12 10
8 29 79 69 54
8 30 37 29 24
8 31 100 84 76
8 32 66 52 46
8 33 38 33 28
8 34 31 27 24
8 35 25 22 17
8 36 58 50 45
8 37 44 35 31
8 38 111 92 73
8 39 77 69 59
8 40 84 73 58
8 41 37 28 23
8 42 52 42 36
8 43 77 63 53
8 44 61 49 41
8 45 108 97 80
8 46 124 108 85
8 47 46 38 32
8 48 126 100 82
8 49 75 63 56
8 50 139 116 94
8 51 115 91 79
8 52 154 125 96
8 53 131 115 95
8 54 149 118 98
8 55 59 49 42
8 56 109 93 78
8 57 108 93 76
8 58 66 52 40
8 59 123 110 94
8 60 56 44 39
8 61 117 104 87
8 62 131 104 93
8 63 40 31 27
8 64 32 26 22
8 65 29 23 19
8 66 77 66 58
8 67 47 42 37
8 68 137 105 86
8 69 62 48 43
8 70 54 47 40
8 71 79 67 60
8 72 40 33 29
8 73 52 45 37
8 74 148 121 94
8 75 137 119 95
8 76 155 125 100
8 77 123 108 86
8 78 98 82 63
8 79 67 52 46
8 80 109 85 73
8 81 92 82 71
8 82 62 51 42
8 83 58 47 38
8 84 79 63 53
8 85 147 130 108
8 86 101 86 70
8 87 53 46 38
8 88 124 107 93
8 89 109 98 79
8 90 63 53 44
8 91 94 83 65
8 92 127 100 83
8 93 30 23 19
8 94 72 60 52
8 95 84 72 62
8 96 77 61 54
8 97 141 111 90
8 98 33 29 24
8 99 93 72 58
9 10 69 59 48
9 11 11 8 6
9 12 99 80 63
9 13 44 39 31
9 14 42 38 33
9 15 27 22 18
9 16 104 82 74
9 17 39 31 25
9 18 115 91 70
9 19 110 89 71
9 20 95 75 62
9 21 106 91 72
9 22 76 67 53
9 23 87 67 55
9 24 40 31 27
9 25 99 79 66
9 26 73 65 57
9 27 89 73 63
9 28 78 64 50
9 29 96 81 67
9 30 55 44 36
9 31 37 31 24
9 32 41 35 28
9 33 62 55 47
9 34 69 56 47
9 35 98 82 68
9 36 40 33 26
9 37 60 49 39
9 38 24 20 15
9 39 101 80 67
9 40 41 32 27
9 41 80 70 60
9 42 70 57 47
9 43 50 43 37
9 44 34 28 21
9 45 96 81 65
9 46 62 53 43
9 47 60 47 41
9 48 96 82 66
9 49 66 54 45
9 50 59 48 43
9 51 80 64 49
9 52 106 94 78
9 53 94 77 63
9 54 69 54 43
9 55 51 45 39
9 56 79 65 50
9 57 38 31 24
9 58 88 72 56
9 59 66 53 42
9 60 83 66 51
9 61 54 45 34
9 62 61 53 46
9 63 85 70 58
9 64 100 83 67
9 65 94 79 61
9 66 9 7 6
9 67 34 29 23
9 68 56 49 39
9 69 71 59 46
9 70 31 25 19
9 71 22 19 15
9 72 87 67 52
9 73 32 26 23
9 74 76 59 52
9 75 63 49 38
9 76 64 54 43
9 77 71 63 51
9 78 99 81 72
9 79 128 110 88
9 80 35 31 28
9 81 53 45 38
9 82 92 74 57
9 83 44 35 27
9 84 42 33 26
9 85 73 58 50
9 86 26 21 17
9 87 42 35 29
9 88 58 46 36
9 89 34 26 22
9 90 31 27 22
9 91 66 51 40
9 92 97 81 68
9 93 93 81 70
9 94 37 31 25
9 95 40 32 26
9 96 38 30 26
9 97 47 39 32
9 98 54 44 38
9 99 104 82 66
10 11 78 66 52
10 12 140 114 94
10 13 95 86 73
10 14 35 27 21
10 15 49 38 31
10 16 149 122 109
10 17 96 78 66
10 18 170 136 116
10 19 150 129 113
10 20 150 126 106
10 21 155 120 101
10 22 139 114 94
10 23 137 113 100
10 24 103 83 66
10 25 160 131 101
10 26 141 110 93
10 27 156 120 92
10 28 135 109 97
10 29 137 118 104
10 30 134 105 83
10 31 52 44 36
10 32 96 82 68
10 33 120 105 91
10 34 154 119 92
10 35 167 131 115
10 36 106 85 68
10 37 118 97 84
10 38 53 42 33
10 39 148 133 103
10 40 82 69 59
10 41 164 126 106
10 42 147 116 89
10 43 111 88 71
10 44 99 86 67
10 45 139 107 87
10 46 68 57 50
10 47 128 100 85
10 48 119 105 88
10 49 116 94 80
10 50 47 42 34
10 51 98 84 66
10 52 127 103 93
10 53 108 88 71
10 54 29 26 23
10 55 119 99 79
10 56 94 77 69
10 57 48 40 35
10 58 139 121 97
10 59 48 38 32
10 60 133 108 93
10 61 45 36 32
10 62 60 50 43
10 63 169 134 103
10 64 164 130 114
10 65 153 127 107
10 66 64 56 48
10 67 107 90 69
10 68 64 50 43
10 69 114 96 85
10 70 84 75 66
10 71 78 65 50
10 72 135 119 96
10 73 93 83 70
10 74 77 69 54
10 75 20 15 11
10 76 19 16 14
10 77 79 71 62
10 78 155 128 107
10 79 203 169 132
10 80 65 54 47
10 81 78 70 61
10 82 147 116 98
10 83 105 81 72
10 84 107 82 64
10 85 6 5 4
10 86 56 49 39
10 87 112 88 73
10 88 27 21 17
10 89 41 32 28
10 90 88 75 66
10 91 107 83 68
10 92 118 102 90
10 93 169 147 117
10 94 86 75 63
10 95 91 72 55
10 96 98 75 63
10 97 25 21 16
10 98 117 94 84
10 99 146 126 102
11 12 75 64 58
11 13 41 33 25
11 14 59 47 38
11 15 35 27 23
11 16 107 83 69
11 17 40 32 26
11 18 108 83 65
11 19 105 81 65
11 20 78 67 56
11 21 93 79 68
11 22 80 68 53
11 23 65 58 50
11 24 37 28 22
11 25 83 73 61
11 26 84 66 52
11 27 83 69 58
11 28 67 55 46
11 29 99 77 62
11 30 48 37 31
11 31 37 31 25
11 32 42 36 28
11 33 71 55 45
11 34 74 58 45
11 35 94 76 63
11 36 32 27 21
11 37 55 43 33
11 38 29 23 19
11 39 89 80 62
11 40 45 35 30
11 41 77 62 55
11 42 64 55 47
11 43 51 44 39
11 44 30 24 20
11 45 96 78 61
11 46 58 48 42
11 47 60 52 40
11 48 89 77 62
11 49 59 48 41
11 50 68 56 44
11 51 65 53 46
11 52 105 84 75
11 53 87 74 61
11 54 66 56 45
11 55 58 47 39
11 56 69 60 47
11 57 49 38 29
11 58 83 64 56
11 59 64 50 43
11 60 67 52 45
11 61 56 46 36
11 62 72 57 46
11 63 75 64 52
11 64 100 78 62
11 65 87 68 56
11 66 15 12 10
11 67 30 25 20
11 68 63 50 39
11 69 63 53 46
11 70 25 20 15
11 71 28 22 19
11 72 69 57 50
11 73 31 24 18
11 74 71 64 51
11 75 56 49 42
11 76 69 60 46
11 77 70 56 49
11 78 106 85 67
11 79 130 101 83
11 80 37 33 27
11 81 50 45 35
11 82 82 67 51
11 83 37 32 26
11 84 33 28 22
11 85 75 67 55
11 86 36 28 22
11 87 45 35 28
11 88 59 48 39
11 89 38 33 26
11 90 24 19 16
11 91 58 45 36
11 92 99 80 64
11 93 92 80 65
11 94 33 26 20
11 95 42 35 30
11 96 34 27 22
11 97 48 42 37
11 98 57 45 35
11 99 83 73 61
12 13 47 41 37
12 14 127 113 88
12 15 111 97 76
12 16 26 22 17
12 17 121 96 77
12 18 74 64 53
12 19 51 44 36
12 20 62 52 40
12 21 16 13 10
12 22 144 112 94
12 23 69 54 42
12 24 65 50 38
12 25 17 14 12
12 26 21 16 14
12 27 6 4 3
12 28 89 78 68
12 29 30 23 19
12 30 72 63 54
12 31 87 75 59
12 32 118 98 80
12 33 123 102 82
12 34 103 91 79
12 35 90 78 61
12 36 58 47 40
12 37 63 53 41
12 38 95 81 69
12 39 22 17 14
12 40 128 105 86
12 41 66 56 48
12 42 133 105 88
12 43 148 117 91
12 44 101 78 68
12 45 23 19 16
12 46 62 55 46
12 47 127 98 81
12 48 26 20 17
12 49 27 23 19
12 50 88 78 64
12 51 47 37 31
12 52 45 36 31
12 53 59 47 40
12 54 114 93 74
12 55 118 103 86
12 56 40 33 29
12 57 127 100 85
12 58 121 108 96
12 59 92 76 65
12 60 43 35 28
12 61 81 72 62
12 62 80 71 57
12 63 65 53 42
12 64 84 70 54
12 65 77 62 52
12 66 98 77 68
12 67 100 80 65
12 68 70 60 53
12 69 122 104 92
12 70 83 64 54
12 71 112 92 77
12 72 121 102 86
12 73 75 60 53
12 74 69 60 50
12 75 121 109 87
12 76 126 104 81
12 77 61 50 39
12 78 23 19 16
12 79 80 66 57
12 80 66 53 48
12 81 51 42 33
12 82 40 32 27
12 83 110 85 72
12 84 57 48 37
12 85 137 119 94
12 86 126 102 79
12 87 101 82 74
12 88 112 91 77
12 89 93 79 70
12 90 71 58 45
12 91 40 32 26
12 92 23 20 17
12 93 86 73 61
12 94 57 47 39
12 95 114 98 87
12 96 59 47 37
12 97 114 102 83
12 98 94 84 68
12 99 21 18 15
13 14 94 80 61
13 15 62 55 47
13 16 67 53 44
13 17 57 48 41
13 18 57 50 44
13 19 60 47 41
13 20 51 42 33
13 21 66 56 46
13 22 86 75 60
13 23 42 33 28
13 24 13 10 8
13 25 50 45 37
13 26 44 34 28
13 27 52 43 37
13 28 62 48 39
13 29 51 41 37
13 30 32 25 22
13 31 63 51 39
13 32 57 49 44
13 33 76 59 49
13 34 65 56 47
13 35 73 58 46
13 36 9 7 5
13 37 22 17 13
13 38 54 48 42
13 39 61 49 38
13 40 82 64 50
13 41 46 39 34
13 42 84 69 54
13 43 90 70 55
13 44 42 36 32
13 45 58 50 44
13 46 66 51 43
13 47 64 53 46
13 48 70 54 45
13 49 29 24 19
13 50 71 61 54
13 51 56 43 38
13 52 80 70 60
13 53 67 59 53
13 54 87 72 59
13 55 76 61 50
13 56 53 43 37
13 57 86 66 54
13 58 85 74 62
13 59 77 62 54
13 60 32 27 21
13 61 78 60 47
13 62 68 60 51
13 63 45 39 30
13 64 67 56 43
13 65 54 45 37
13 66 45 38 34
13 67 39 32 28
13 68 62 50 44
13 69 88 68 56
13 70 29 23 18
13 71 63 53 42
13 72 83 67 53
13 73 29 22 17
13 74 81 63 51
13 75 92 71 64
13 76 93 77 64
13 77 60 51 44
13 78 63 53 43
13 79 79 67 60
13 80 49 37 32
13 81 40 32 28
13 82 43 33 26
13 83 57 45 36
13 84 18 14 11
13 85 113 94 74
13 86 75 61 47
13 87 53 45 38
13 88 88 72 58
13 89 65 54 46
13 90 16 12 10
13 91 31 27 24
13 92 69 57 47
13 93 62 52 47
13 94 15 13 11
13 95 73 66 52
13 96 17 14 12
13 97 95 75 59
13 98 50 41 34
13 99 57 47 37
14 15 23 19 15
14 16 148 115 102
14 17 66 54 47
14 18 152 126 102
14 19 134 120 102
14 20 124 111 93
14 21 141 118 97
14 22 98 83 74
14 23 121 104 87
14 24 85 73 56
14 25 117 105 94
14 26 113 95 85
14 27 116 97 87
14 28 119 103 80
14 29 145 120 96
14 30 93 78 68
14 31 42 35 31
14 32 62 55 49
14 33 102 86 72
14 34 97 85 74
14 35 150 116 100
14 36 86 74 57
14 37 95 79 71
14 38 30 26 20
14 39 149 125 96
14 40 53 47 40
14 41 130 107 92
14 42 97 82 70
14 43 77 64 51
14 44 62 55 49
14 45 125 110 86
14 46 77 62 52
14 47 104 86 66
14 48 133 108 86
14 49 109 91 72
14 50 56 46 40
14 51 92 81 66
14 52 139 116 95
14 53 106 88 74
14 54 45 38 32
14 55 91 78 60
14 56 90 81 67
14 57 24 19 16
14 58 116 93 77
14 59 61 49 38
14 60 135 106 82
14 61 48 39 34
14 62 67 54 48
14 63 145 116 90
14 64 155 127 99
14 65 135 117 93
14 66 43 38 32
14 67 75 59 52
14 68 64 51 45
14 69 96 75 65
14 70 74 66 51
14 71 47 38 31
14 72 102 92 77
14 73 82 66 55
14 74 80 70 58
14 75 16 14 11
14 76 34 29 25
14 77 90 76 63
14 78 150 116 100
14 79 153 135 120
14 80 63 54 43
14 81 93 73 57
14 82 129 105 87
14 83 79 63 53
14 84 86 70 54
14 85 38 29 24
14 86 29 23 20
14 87 81 70 54
14 88 30 26 21
14 89 31 24 20
14 90 69 60 53
14 91 82 72 63
14 92 132 102 89
14 93 151 125 102
14 94 83 67 53
14 95 54 46 35
14 96 85 66 54
14 97 15 11 9
14 98 95 79 67
14 99 127 113 95
15 16 131 105 89
15 17 56 46 36
15 18 120 98 88
15 19 134 109 88
15 20 102 91 79
15 21 119 103 85
15 22 103 81 64
15 23 103 82 73
15 24 60 50 42
15 25 124 97 81
15 26 105 81 72
15 27 116 97 75
15 28 109 86 66
15 29 125 103 83
15 30 83 68 54
15 31 33 28 22
15 32 54 46 38
15 33 84 67 60
15 34 88 76 62
15 35 136 109 86
15 36 66 54 43
15 37 82 66 56
15 38 13 10 8
15 39 125 104 82
15 40 51 40 31
15 41 109 92 77
15 42 83 69 59
15 43 63 49 43
15 44 47 42 36
15 45 100 85 75
15 46 65 53 45
15 47 74 64 54
15 48 110 91 76
15 49 84 71 59
15 50 60 46 38
15 51 82 66 56
15 52 128 103 86
15 53 101 80 67
15 54 54 43 33
15 55 69 62 49
15 56 90 72 58
15 57 18 14 12
15 58 110 85 67
15 59 49 43 36
15 60 87 78 68
15 61 48 37 30
15 62 62 51 43
15 63 107 85 75
15 64 116 100 85
15 65 124 100 79
15 66 28 22 18
15 67 55 44 39
15 68 59 48 39
15 69 78 65 55
15 70 51 42 37
15 71 28 23 19
15 72 96 78 65
15 73 64 49 40
15 74 74 60 53
15 75 34 27 21
15 76 41 35 30
15 77 85 69 55
15 78 129 102 87
15 79 146 126 106
15 80 46 40 33
15 81 77 59 47
15 82 111 91 73
15 83 60 46 41
15 84 68 53 41
15 85 48 43 34
15 86 14 11 9
15 87 60 52 42
15 88 36 30 23
15 89 22 17 13
15 90 52 45 39
15 91 71 63 51
15 92 97 87 78
15 93 141 111 88
15 94 58 48 40
15 95 39 33 27
15 96 56 47 40
15 97 24 19 16
15 98 73 65 53
15 99 114 91 81
16 17 129 101 84
16 18 67 55 44
16 19 36 29 25
16 20 50 40 33
16 21 25 19 16
16 22 161 124 96
16 23 52 45 38
16 24 73 58 48
16 25 12 10 8
16 26 26 20 17
16 27 28 25 20
16 28 103 82 67
16 29 15 13 10
16 30 79 70 56
16 31 110 91 74
16 32 108 95 86
16 33 125 100 84
16 34 121 104 80
16 35 78 63 54
16 36 72 59 49
16 37 71 56 44
16 38 115 98 82
16 39 11 9 7
16 40 139 116 94
16 41 61 53 42
16 42 135 114 90
16 43 128 115 97
16 44 115 94 74
16 45 46 39 31
16 46 86 71 63
16 47 114 100 83
16 48 47 42 33
16 49 51 39 30
16 50 117 90 80
16 51 72 61 47
16 52 66 52 43
16 53 80 63 56
16 54 122 99 89
16 55 120 100 90
16 56 68 56 45
16 57 132 114 97
16 58 128 110 98
16 59 107 93 81
16 60 37 32 28
16 61 105 93 78
16 62 106 91 73
16 63 57 47 37
16 64 74 59 47
16 65 67 54 46
16 66 111 87 78
16 67 114 88 70
16 68 92 81 69
16 69 136 119 95
16 70 94 80 62
16 71 123 110 86
16 72 128 101 87
16 73 83 66 59
16 74 96 79 67
16 75 134 116 102
16 76 155 124 97
16 77 71 63 56
16 78 4 3 2
16 79 61 50 43
16 80 95 73 62
16 81 66 55 49
16 82 37 29 23
16 83 115 93 77
16 84 65 56 49
16 85 154 139 109
16 86 140 109 90
16 87 117 102 79
16 88 144 120 92
16 89 119 94 83
16 90 86 66 54
16 91 60 47 41
16 92 43 38 32
16 93 76 60 53
16 94 81 65 50
16 95 142 119 96
16 96 68 57 49
16 97 123 109 97
16 98 104 81 70
16 99 13 11 8
17 18 98 86 66
17 19 102 90 73
17 20 99 76 62
17 21 135 109 87
17 22 46 36 29
17 23 84 65 54
17 24 65 52 41
17 25 112 89 77
17 26 98 88 68
17 27 116 93 78
17 28 59 46 36
17 29 106 88 75
17 30 51 39 31
17 31 60 54 48
17 32 5 4 3
17 33 33 28 25
17 34 39 30 27
17 35 75 67 60
17 36 55 46 38
17 37 67 52 41
17 38 53 41 37
17 39 101 86 77
17 40 16 14 12
17 41 81 64 57
17 42 33 28 24
17 43 24 20 15
17 44 14 12 10
17 45 109 98 83
17 46 98 83 67
17 47 30 25 20
17 48 123 94 84
17 49 92 75 60
17 50 94 76 67
17 51 107 86 71
17 52 135 109 98
17 53 139 110 85
17 54 94 82 66
17 55 24 19 15
17 56 106 82 71
17 57 44 39 33
17 58 50 39 32
17 59 95 82 66
17 60 87 68 57
17 61 91 76 59
17 62 98 84 70
17 63 91 71 57
17 64 93 73 62
17 65 85 68 56
17 66 34 27 21
17 67 21 16 14
17 68 83 72 64
17 69 30 24 21
17 70 37 28 23
17 71 23 20 17
17 72 40 34 30
17 73 38 32 25
17 74 107 92 76
17 75 80 64 55
17 76 88 72 65
17 77 112 96 74
17 78 122 99 82
17 79 114 100 86
17 80 74 67 52
17 81 82 68 59
17 82 79 71 63
17 83 16 12 9
17 84 68 52 43
17 85 110 88 69
17 86 42 33 28
17 87 12 10 8
17 88 73 66 58
17 89 72 57 45
17 90 50 42 33
17 91 91 74 59
17 92 119 100 86
17 93 89 70 62
17 94 57 51 41
17 95 28 22 17
17 96 63 48 43
17 97 81 67 51
17 98 31 28 23
17 99 120 96 76
18 19 26 23 20
18 20 22 17 14
18 21 83 68 58
18 22 91 80 64
18 23 24 21 17
18 24 78 65 51
18 25 67 56 43
18 26 58 48 40
18 27 83 66 55
18 28 45 40 34
18 29 50 44 35
18 30 48 41 36
18 31 115 100 83
18 32 99 85 66
18 33 79 68 53
18 34 70 55 49
18 35 17 15 12
18 36 75 59 48
18 37 47 38 32
18 38 125 108 83
18 39 67 51 41
18 40 116 91 78
18 41 17 13 11
18 42 93 74 61
18 43 115 92 76
18 44 85 66 58
18 45 102 82 68
18 46 128 106 84
18 47 90 72 56
18 48 90 80 69
18 49 77 60 48
18 50 133 114 97
18 51 119 92 74
18 52 114 102 83
18 53 127 106 88
18 54 145 118 103
18 55 94 79 65
18 56 99 88 72
18 57 137 117 91
18 58 100 78 66
18 59 154 118 97
18 60 47 37 29
18 61 147 118 91
18 62 128 105 94
18 63 21 17 14
18 64 10 7 5
18 65 17 13 10
18 66 94 79 71
18 67 75 65 54
18 68 124 112 87
18 69 111 85 67
18 70 67 60 51
18 71 102 91 76
18 72 86 71 55
18 73 69 55 48
18 74 134 110 91
18 75 158 122 106
18 76 175 137 107
18 77 134 104 82
18 78 63 50 43
18 79 29 25 21
18 80 113 94 75
18 81 96 79 68
18 82 39 32 27
18 83 92 73 58
18 84 75 64 55
18 85 176 136 118
18 86 125 109 84
18 87 85 70 59
18 88 141 114 101
18 89 125 109 88
18 90 72 58 50
18 91 89 79 61
18 92 110 86 69
18 93 17 13 10
18 94 73 64 55
18 95 126 105 81
18 96 84 69 55
18 97 136 123 101
18 98 57 51 45
18 99 57 51 40
19 20 19 16 13
19 21 60 48 39
19 22 124 99 78
19 23 30 26 20
19 24 73 56 47
19 25 38 30 25
19 26 37 31 25
19 27 57 51 39
19 28 74 59 48
19 29 25 22 17
19 30 62 53 43
19 31 108 97 78
19 32 108 90 75
19 33 91 78 67
19 34 96 79 63
19 35 43 36 30
19 36 70 57 46
19 37 53 41 33
19 38 121 107 82
19 39 35 28 23
19 40 110 95 84
19 41 29 24 21
19 42 98 87 74
19 43 133 106 85
19 44 84 74 64
19 45 75 60 51
19 46 105 84 74
19 47 102 88 68
19 48 75 61 53
19 49 54 47 37
19 50 118 99 89
19 51 83 73 61
19 52 94 84 66
19 53 107 92 74
19 54 129 109 97
19 55 106 90 76
19 56 89 74 60
19 57 126 110 94
19 58 125 98 80
19 59 133 115 90
19 60 31 26 21
19 61 117 105 85
19 62 126 106 84
19 63 29 22 17
19 64 33 26 23
19 65 36 31 24
19 66 115 90 73
19 67 83 67 60
19 68 111 92 79
19 69 108 91 80
19 70 81 70 54
19 71 108 95 80
19 72 94 82 69
19 73 71 60 51
19 74 119 97 80
19 75 142 128 104
19 76 162 124 103
19 77 111 90 70
19 78 35 30 24
19 79 29 25 22
19 80 105 89 69
19 81 82 70 58
19 82 22 18 16
19 83 94 74 66
19 84 69 61 50
19 85 146 131 114
19 86 114 98 86
19 87 94 79 67
19 88 140 108 97
19 89 133 102 86
19 90 71 57 50
19 91 77 65 51
19 92 78 67 53
19 93 41 36 29
19 94 83 64 50
19 95 117 101 87
19 96 74 63 50
19 97 143 121 99
19 98 87 71 55
19 99 35 29 22
20 21 71 56 46
20 22 105 84 66
20 23 13 10 8
20 24 58 50 40
20 25 43 35 31
20 26 40 32 27
20 27 59 47 42
20 28 45 40 36
20 29 33 28 24
20 30 43 35 31
20 31 113 92 72
20 32 93 72 63
20 33 86 72 55
20 34 81 66 51
20 35 28 25 22
20 36 57 44 38
20 37 36 28 24
20 38 120 93 74
20 39 42 36 29
20 40 102 92 73
20 41 13 11 9
20 42 93 78 62
20 43 95 84 74
20 44 72 61 53
20 45 74 67 55
20 46 113 92 71
20 47 80 65 56
20 48 83 73 56
20 49 47 40 35
20 50 134 104 85
20 51 83 74 61
20 52 113 87 70
20 53 106 93 75
20 54 137 112 92
20 55 92 79 64
20 56 86 72 59
20 57 119 105 84
20 58 110 85 68
20 59 118 102 86
20 60 23 19 16
20 61 119 98 80
20 62 110 92 81
20 63 7 6 5
20 64 23 18 15
20 65 20 17 14
20 66 81 71 64
20 67 74 60 49
20 68 100 86 75
20 69 95 84 68
20 70 65 54 44
20 71 99 81 70
20 72 78 65 57
20 73 56 49 41
20 74 121 94 79
20 75 148 123 97
20 76 153 123 97
20 77 95 83 69
20 78 45 38 32
20 79 38 31 27
20 80 96 77 64
20 81 79 61 55
20 82 22 18 14
20 83 79 63 54
20 84 66 51 44
20 85 147 122 107
20 86 117 90 77
20 87 80 65 56
20 88 130 101 90
20 89 127 102 79
20 90 54 46 41
20 91 66 55 48
20 92 82 73 57
20 93 29 24 21
20 94 61 53 44
20 95 117 92 77
20 96 63 53 44
20 97 142 114 91
20 98 67 52 43
20 99 45 36 28
21 22 143 125 103
21 23 78 62 49
21 24 71 58 47
21 25 24 19 15
21 26 30 25 21
21 27 17 13 10
21 28 104 94 76
21 29 32 28 23
21 30 99 80 62
21 31 103 84 67
21 32 122 101 89
21 33 132 115 91
21 34 125 111 88
21 35 93 78 67
21 36 65 55 49
21 37 74 61 50
21 38 126 100 78
21 39 26 20 17
21 40 147 116 95
21 41 73 61 54
21 42 137 114 97
21 43 145 130 101
21 44 102 90 77
21 45 27 22 17
21 46 78 64 53
21 47 124 102 89
21 48 28 22 18
21 49 40 33 28
21 50 94 84 70
21 51 53 46 36
21 52 41 35 28
21 53 69 53 42
21 54 104 90 80
21 55 137 119 95
21 56 48 40 34
21 57 149 117 94
21 58 147 129 105
21 59 97 87 72
21 60 57 45 36
21 61 88 79 69
21 62 99 78 63
21 63 69 62 48
21 64 97 77 60
21 65 75 67 58
21 66 109 98 77
21 67 104 88 74
21 68 82 72 59
21 69 151 121 100
21 70 85 76 64
21 71 123 105 86
21 72 143 123 95
21 73 86 71 62
21 74 73 65 55
21 75 135 116 95
21 76 130 115 89
21 77 61 50 44
21 78 26 20 16
21 79 95 74 59
21 80 83 66 55
21 81 59 49 41
21 82 47 42 33
21 83 121 101 81
21 84 71 59 47
21 85 139 112 101
21 86 120 98 88
21 87 128 106 83
21 88 125 100 84
21 89 116 90 78
21 90 79 61 55
21 91 50 39 35
21 92 23 19 16
21 93 97 77 66
21 94 72 63 48
21 95 131 116 96
21 96 66 59 47
21 97 123 107 91
21 98 111 97 77
21 99 30 23 18
22 23 88 68 60
22 24 102 81 63
22 25 132 113 90
22 26 111 95 82
22 27 157 124 95
22 28 42 36 31
22 29 127 106 86
22 30 55 48 41
22 31 103 88 76
22 32 38 32 27
22 33 19 15 12
22 34 24 20 16
22 35 71 63 55
22 36 88 77 59
22 37 77 65 53
22 38 92 74 66
22 39 122 110 90
22 40 57 44 35
22 41 84 70 59
22 42 13 10 7
22 43 39 32 25
22 44 49 42 33
22 45 136 117 103
22 46 124 107 93
22 47 22 19 14
22 48 153 132 105
22 49 121 93 78
22 50 144 117 96
22 51 135 121 95
22 52 157 140 119
22 53 173 140 110
22 54 147 121 95
22 55 21 17 15
22 56 156 121 95
22 57 85 76 59
22 58 5 4 3
22 59 131 117 95
22 60 111 89 68
22 61 135 106 87
22 62 136 116 98
22 63 82 72 62
22 64 93 76 60
22 65 87 69 56
22 66 72 60 50
22 67 48 41 34
22 68 147 117 91
22 69 14 12 10
22 70 67 58 45
22 71 62 54 45
22 72 14 12 10
22 73 59 52 44
22 74 156 127 103
22 75 123 96 83
22 76 157 121 93
22 77 144 115 99
22 78 133 118 94
22 79 128 100 84
22 80 108 97 79
22 81 113 94 84
22 82 119 94 73
22 83 41 35 27
22 84 96 76 66
22 85 149 116 97
22 86 82 70 56
22 87 38 34 26
22 88 146 113 87
22 89 103 91 74
22 90 69 62 54
22 91 111 99 82
22 92 163 135 106
22 93 86 73 57
22 94 93 77 64
22 95 51 45 40
22 96 93 81 66
22 97 127 101 79
22 98 37 30 26
22 99 125 110 88
23 24 49 44 35
23 25 47 38 34
23 26 42 34 28
23 27 64 50 44
23 28 46 36 30
23 29 42 36 28
23 30 34 28 24
23 31 105 81 67
23 32 76 67 56
23 33 78 61 48
23 34 73 57 44
23 35 30 25 21
23 36 47 37 32
23 37 26 22 17
23 38 92 83 68
23 39 46 37 33
23 40 91 77 66
23 41 11 8 7
23 42 90 70 55
23 43 88 78 66
23 44 67 52 46
23 45 77 67 56
23 46 113 88 68
23 47 71 56 49
23 48 73 65 57
23 49 49 39 34
23 50 115 97 81
23 51 85 74 59
23 52 114 91 72
23 53 95 85 73
23 54 118 101 87
23 55 71 64 57
23 56 81 73 58
23 57 111 100 77
23 58 89 73 62
23 59 119 104 81
23 60 24 18 15
23 61 105 93 75
23 62 111 98 78
23 63 5 4 3
23 64 25 19 16
23 65 15 13 11
23 66 93 71 57
23 67 63 51 41
23 68 104 88 71
23 69 88 71 60
23 70 55 42 37
23 71 88 75 62
23 72 74 59 51
23 73 51 43 34
23 74 108 90 76
23 75 131 102 90
23 76 126 101 91
23 77 107 85 67
23 78 48 42 37
23 79 48 38 34
23 80 95 73 59
23 81 75 59 52
23 82 24 19 16
23 83 71 61 47
23 84 55 49 39
23 85 134 113 102
23 86 99 79 70
23 87 68 59 48
23 88 115 96 85
23 89 115 93 73
23 90 54 45 35
23 91 69 59 46
23 92 90 76 58
23 93 35 27 21
23 94 56 47 38
23 95 95 80 69
23 96 62 50 39
23 97 124 105 85
23 98 53 42 36
23 99 42 37 32
24 25 63 49 40
24 26 40 35 31
24 27 53 45 37
24 28 69 57 45
24 29 56 50 41
24 30 37 32 27
24 31 45 39 32
24 32 63 49 44
24 33 74 62 52
24 34 66 59 51
24 35 77 61 53
24 36 9 7 5
24 37 34 26 20
24 38 52 44 36
24 39 60 47 41
24 40 72 58 49
24 41 56 47 41
24 42 75 63 57
24 43 76 63 56
24 44 54 43 33
24 45 56 50 42
24 46 51 41 36
24 47 71 54 49
24 48 63 51 44
24 49 29 23 20
24 50 76 59 47
24 51 51 42 33
24 52 85 72 57
24 53 61 54 48
24 54 70 59 52
24 55 80 62 52
24 56 54 42 33
24 57 64 57 50
24 58 95 80 66
24 59 74 58 47
24 60 42 34 27
24 61 57 45 40
24 62 63 49 44
24 63 52 44 37
24 64 77 59 50
24 65 66 52 44
24 66 46 41 31
24 67 42 37 30
24 68 49 42 37
24 69 96 76 58
24 70 27 21 19
24 71 54 49 40
24 72 83 70 57
24 73 32 24 19
24 74 60 51 45
24 75 88 70 58
24 76 83 65 57
24 77 51 46 39
24 78 71 60 46
24 79 93 76 67
24 80 38 32 25
24 81 32 26 22
24 82 49 40 32
24 83 58 46 37
24 84 7 5 4
24 85 104 86 68
24 86 56 48 43
24 87 60 49 40
24 88 74 59 51
24 89 57 44 39
24 90 15 11 9
24 91 28 24 19
24 92 62 53 46
24 93 71 60 54
24 94 6 5 4
24 95 73 59 50
24 96 9 7 5
24 97 69 58 52
24 98 53 45 38
24 99 64 52 40
25 26 15 13 10
25 27 23 18 15
25 28 98 77 62
25 29 12 10 8
25 30 74 65 50
25 31 90 76 66
25 32 119 97 79
25 33 117 94 78
25 34 96 84 75
25 35 77 61 52
25 36 58 50 41
25 37 57 48 38
25 38 107 94 74
25 39 6 4 3
25 40 124 97 86
25 41 58 48 39
25 42 120 95 85
25 43 124 101 91
25 44 99 80 68
25 45 38 31 27
25 46 75 67 56
25 47 99 86 78
25 48 40 36 29
25 49 29 25 22
25 50 115 89 73
25 51 57 47 41
25 52 54 47 41
25 53 72 58 51
25 54 128 99 82
25 55 116 104 84
25 56 60 51 39
25 57 147 113 89
25 58 141 112 93
25 59 104 93 74
25 60 37 29 23
25 61 99 89 70
25 62 97 81 67
25 63 50 44 34
25 64 63 53 45
25 65 63 54 44
25 66 100 80 70
25 67 97 83 64
25 68 90 76 62
25 69 133 102 89
25 70 89 68 55
25 71 123 102 79
25 72 125 102 82
25 73 76 68 52
25 74 93 73 60
25 75 125 112 94
25 76 129 105 89
25 77 73 64 49
25 78 11 9 7
25 79 62 52 45
25 80 84 70 55
25 81 64 49 42
25 82 27 23 19
25 83 102 90 71
25 84 57 51 41
25 85 156 124 102
25 86 112 95 82
25 87 114 91 73
25 88 126 106 84
25 89 118 98 76
25 90 63 56 47
25 91 52 43 34
25 92 47 36 28
25 93 72 61 52
25 94 68 53 42
25 95 134 114 88
25 96 59 48 41
25 97 144 113 89
25 98 89 75 65
25 99 5 4 3
26 27 22 18 16
26 28 78 64 55
26 29 17 14 12
26 30 61 54 42
26 31 76 68 58
26 32 110 86 70
26 33 116 89 70
26 34 87 77 67
26 35 74 59 48
26 36 51 41 32
26 37 40 33 29
26 38 100 80 66
26 39 18 14 11
26 40 122 99 77
26 41 50 42 34
26 42 112 95 76
26 43 122 105 82
26 44 82 70 58
26 45 42 34 28
26 46 71 59 51
26 47 104 84 69
26 48 47 37 30
26 49 20 16 14
26 50 103 81 67
26 51 53 46 37
26 52 58 51 44
26 53 65 56 49
26 54 110 93 75
26 55 116 96 75
26 56 56 45 35
26 57 121 103 80
26 58 125 98 84
26 59 100 84 68
26 60 22 19 15
26 61 88 72 63
26 62 91 77 61
26 63 39 32 29
26 64 65 53 41
26 65 52 44 39
26 66 93 80 61
26 67 76 67 54
26 68 83 69 56
26 69 116 89 80
26 70 63 52 45
26 71 99 80 69
26 72 96 85 74
26 73 72 55 43
26 74 82 64 56
26 75 125 96 86
26 76 106 93 82
26 77 71 58 46
26 78 26 20 16
26 79 77 61 47
26 80 70 55 48
26 81 58 46 35
26 82 21 16 13
26 83 96 74 62
26 84 52 41 32
26 85 132 113 94
26 86 109 93 73
26 87 83 72 64
26 88 107 96 77
26 89 95 76 68
26 90 51 45 37
26 91 37 31 27
26 92 43 38 30
26 93 69 62 48
26 94 50 43 33
26 95 113 94 79
26 96 44 38 32
26 97 117 97 81
26 98 81 68 56
26 99 15 12 10
27 28 87 77 69
27 29 32 26 22
27 30 80 62 55
27 31 88 73 58
27 32 115 98 80
27 33 118 92 83
27 34 125 97 80
27 35 86 75 63
27 36 65 50 40
27 37 59 48 42
27 38 93 76 68
27 39 25 21 17
27 40 133 111 86
27 41 76 60 50
27 42 131 115 89
27 43 135 104 92
27 44 107 85 68
27 45 22 17 13
27 46 62 54 44
27 47 121 102 82
27 48 23 19 15
27 49 27 22 18
27 50 93 78 62
27 51 39 35 28
27 52 41 33 29
27 53 55 43 37
27 54 106 85 71
27 55 124 100 86
27 56 40 33 26
27 57 124 108 85
27 58 135 117 97
27 59 103 79 63
27 60 46 38 30
27 61 77 67 60
27 62 73 63 55
27 63 72 57 44
27 64 78 69 57
27 65 76 62 54
27 66 106 85 67
27 67 103 80 65
27 68 70 62 51
27 69 123 107 92
27 70 90 71 55
27 71 109 94 76
27 72 127 111 87
27 73 80 68 53
27 74 66 55 47
27 75 136 109 86
27 76 112 101 79
27 77 56 47 36
27 78 32 25 19
27 79 88 73 60
27 80 76 59 46
27 81 48 37 31
27 82 47 38 29
27 83 98 83 73
27 84 50 45 37
27 85 132 113 92
27 86 118 101 78
27 87 110 84 75
27 88 117 95 75
27 89 98 82 68
27 90 65 56 46
27 91 38 33 25
27 92 22 19 15
27 93 94 81 63
27 94 56 44 38
27 95 115 98 87
27 96 49 42 37
27 97 116 91 81
27 98 93 79 69
27 99 25 22 17
28 29 79 71 57
28 30 27 23 18
28 31 104 89 70
28 32 57 45 36
28 33 28 24 20
28 34 25 20 16
28 35 33 29 26
28 36 57 51 40
28 37 37 32 28
28 38 91 82 65
28 39 87 77 62
28 40 66 55 48
28 41 43 35 28
28 42 40 32 27
28 43 69 53 44
28 44 45 37 32
28 45 128 100 80
28 46 118 93 80
28 47 31 27 23
28 48 132 101 81
28 49 78 70 55
28 50 132 105 88
28 51 122 96 76
28 52 119 106 96
28 53 128 111 92
28 54 139 112 91
28 55 42 38 32
28 56 110 90 76
28 57 92 81 67
28 58 50 41 33
28 59 131 108 88
28 60 61 48 41
28 61 107 96 80
28 62 128 101 87
28 63 47 37 31
28 64 42 35 30
28 65 37 30 25
28 66 78 61 49
28 67 38 34 28
28 68 133 103 80
28 69 51 43 34
28 70 55 43 33
28 71 77 65 50
28 72 31 27 22
28 73 42 35 30
28 74 117 104 89
28 75 123 96 87
28 76 121 103 92
28 77 110 93 83
28 78 96 83 66
28 79 73 65 54
28 80 112 86 67
28 81 94 82 67
28 82 64 53 44
28 83 35 31 28
28 84 69 55 49
28 85 151 128 100
28 86 81 72 61
28 87 44 35 29
28 88 126 98 85
28 89 108 93 72
28 90 61 49 38
28 91 88 74 62
28 92 106 96 82
28 93 41 35 28
28 94 71 58 47
28 95 78 63 52
28 96 61 54 49
28 97 123 99 81
28 98 20 16 14
28 99 91 70 60
29 30 74 58 47
29 31 110 87 69
29 32 113 99 77
29 33 99 83 74
29 34 97 83 71
29 35 66 51 45
29 36 58 47 41
29 37 45 40 35
29 38 116 99 76
29 39 10 8 6
29 40 126 98 85
29 41 45 37 32
29 42 117 97 81
29 43 125 108 88
29 44 84 73 66
29 45 58 46 35
29 46 87 69 61
29 47 108 92 74
29 48 51 44 36
29 49 36 32 25
29 50 106 88 78
29 51 69 57 47
29 52 73 61 49
29 53 88 68 58
29 54 116 98 87
29 55 123 97 81
29 56 67 51 45
29 57 120 108 90
29 58 123 102 88
29 59 117 100 79
29 60 28 24 19
29 61 107 89 74
29 62 91 81 72
29 63 34 30 27
29 64 60 46 38
29 65 56 46 37
29 66 112 88 71
29 67 89 80 62
29 68 95 84 67
29 69 126 109 86
29 70 83 66 53
29 71 126 100 78
29 72 123 99 77
29 73 75 64 51
29 74 90 76 66
29 75 125 111 97
29 76 130 113 93
29 77 80 71 56
29 78 14 11 9
29 79 55 49 38
29 80 91 75 59
29 81 73 57 46
29 82 18 16 14
29 83 100 88 68
29 84 62 52 42
29 85 135 120 105
29 86 117 98 83
29 87 96 79 70
29 88 122 110 88
29 89 114 91 78
29 90 73 59 46
29 91 55 46 38
29 92 49 43 36
29 93 66 51 44
29 94 70 54 44
29 95 124 107 87
29 96 60 52 43
29 97 124 102 92
29 98 100 78 61
29 99 7 6 5
30 31 76 64 53
30 32 47 42 33
30 33 48 37 29
30 34 39 33 26
30 35 49 41 33
30 36 31 27 23
30 37 19 16 13
30 38 75 62 50
30 39 75 60 50
30 40 59 48 43
30 41 39 30 26
30 42 52 43 35
30 43 61 49 43
30 44 36 30 23
30 45 94 79 64
30 46 83 70 62
30 47 43 33 28
30 48 88 76 65
30 49 57 45 38
30 50 109 84 71
30 51 90 70 59
30 52 118 104 80
30 53 110 91 74
30 54 113 94 74
30 55 49 39 35
30 56 90 72 58
30 57 82 63 56
30 58 57 49 43
30 59 102 85 71
30 60 42 33 28
30 61 95 75 63
30 62 104 89 70
30 63 39 30 26
30 64 49 41 33
30 65 38 30 26
30 66 51 45 37
30 67 32 25 19
30 68 84 71 63
30 69 62 49 39
30 70 26 22 17
30 71 59 46 41
30 72 46 41 33
30 73 22 17 14
30 74 109 88 71
30 75 120 95 73
30 76 117 98 77
30 77 100 81 65
30 78 92 72 55
30 79 81 70 55
30 80 69 58 50
30 81 76 61 49
30 82 45 40 33
30 83 40 32 24
30 84 48 41 31
30 85 124 106 85
30 86 72 64 50
30 87 32 29 25
30 88 115 89 70
30 89 91 70 57
30 90 32 27 21
30 91 65 55 45
30 92 107 84 67
30 93 51 42 35
30 94 45 37 30
30 95 67 55 46
30 96 44 37 31
30 97 98 76 67
30 98 23 18 15
30 99 67 58 49
31 32 82 66 51
31 33 107 88 69
31 34 89 79 69
31 35 121 106 83
31 36 54 45 35
31 37 71 60 51
31 38 26 20 15
31 39 99 80 68
31 40 70 57 48
31 41 109 85 73
31 42 94 78 70
31 43 88 70 59
31 44 56 50 44
31 45 84 67 56
31 46 32 26 23
31 47 95 76 64
31 48 83 73 56
31 49 71 58 45
31 50 29 25 20
31 51 54 42 36
31 52 106 82 65
31 53 71 55 45
31 54 36 29 22
31 55 90 73 62
31 56 54 45 37
31 57 45 38 33
31 58 116 101 79
31 59 32 25 19
31 60 80 66 58
31 61 18 14 11
31 62 34 30 23
31 63 117 90 69
31 64 135 104 81
31 65 102 88 75
31 66 40 33 27
31 67 71 57 44
31 68 30 23 18
31 69 106 89 69
31 70 53 44 37
31 71 51 41 35
31 72 94 83 75
31 73 65 52 40
31 74 50 38 31
31 75 38 33 28
31 76 36 30 25
31 77 49 40 34
31 78 95 86 72
31 79 150 122 98
31 80 20 16 13
31 81 37 33 27
31 82 95 73 63
31 83 67 59 50
31 84 48 38 29
31 85 48 43 37
31 86 43 34 29
31 87 77 66 51
31 88 26 22 19
31 89 17 15 11
31 90 50 38 33
31 91 45 39 33
31 92 95 73 59
31 93 124 96 85
31 94 47 37 29
31 95 61 51 46
31 96 47 37 29
31 97 32 28 24
31 98 87 75 59
31 99 107 84 67
32 33 34 30 24
32 34 35 30 26
32 35 92 72 60
32 36 53 48 41
32 37 69 56 43
32 38 58 46 39
32 39 120 94 80
32 40 20 16 12
32 41 85 67 58
32 42 33 27 21
32 43 20 15 12
32 44 18 15 12
32 45 123 107 86
32 46 105 88 70
32 47 28 22 18
32 48 135 107 87
32 49 96 76 62
32 50 99 82 70
32 51 96 82 74
32 52 147 131 101
32 53 114 103 88
32 54 108 87 69
32 55 18 15 12
32 56 119 96 74
32 57 51 40 34
32 58 46 38 30
32 59 100 81 69
32 60 85 72 59
32 61 83 73 62
32 62 105 85 73
32 63 84 74 58
32 64 92 81 63
32 65 87 71 57
32 66 35 30 24
32 67 24 19 16
32 68 86 75 67
32 69 25 21 18
32 70 35 30 26
32 71 28 24 19
32 72 43 33 28
32 73 44 34 28
32 74 111 90 79
32 75 74 67 57
32 76 84 76 67
32 77 105 94 77
32 78 123 109 84
32 79 125 106 87
32 80 80 71 55
32 81 84 75 62
32 82 88 75 64
32 83 17 13 10
32 84 75 58 46
32 85 107 90 71
32 86 44 34 30
32 87 12 9 8
32 88 78 68 61
32 89 64 57 48
32 90 51 43 35
32 91 93 72 62
32 92 144 114 89
32 93 90 74 63
32 94 71 55 44
32 95 24 21 17
32 96 67 59 46
32 97 75 61 53
32 98 34 27 23
32 99 119 92 78
33 34 7 6 5
33 35 75 58 45
33 36 68 57 48
33 37 60 49 41
33 38 82 70 60
33 39 121 96 78
33 40 48 42 35
33 41 72 57 47
33 42 13 10 8
33 43 40 35 27
33 44 36 31 26
33 45 127 112 92
33 46 127 108 85
33 47 10 8 6
33 48 153 118 93
33 49 93 78 67
33 50 144 115 89
33 51 123 104 84
33 52 141 128 108
33 53 155 119 100
33 54 144 112 89
33 55 25 19 15
33 56 141 109 84
33 57 75 64 57
33 58 22 18 15
33 59 126 113 88
33 60 72 64 56
33 61 131 101 80
33 62 124 101 90
33 63 74 57 50
33 64 78 63 49
33 65 72 57 44
33 66 66 55 44
33 67 35 30 26
33 68 117 105 83
33 69 22 19 15
33 70 55 45 35
33 71 60 54 42
33 72 8 7 6
33 73 57 44 34
33 74 146 120 94
33 75 116 89 80
33 76 119 100 89
33 77 138 117 90
33 78 117 91 82
33 79 105 85 73
33 80 98 83 70
33 81 117 94 74
33 82 97 75 61
33 83 29 24 20
33 84 85 67 55
33 85 137 114 94
33 86 75 65 53
33 87 29 25 19
33 88 118 95 82
33 89 102 82 68
33 90 61 50 44
33 91 106 92 71
33 92 147 118 95
33 93 75 59 47
33 94 81 65 54
33 95 61 49 40
33 96 84 72 56
33 97 114 91 75
33 98 22 18 15
33 99 119 98 77
34 35 62 51 40
34 36 72 58 46
34 37 62 50 39
34 38 82 71 61
34 39 103 92 75
34 40 56 43 38
34 41 68 53 43
34 42 21 16 12
34 43 44 37 31
34 44 37 32 27
34 45 115 100 89
34 46 128 108 84
34 47 12 10 9
34 48 137 118 91
34 49 99 79 64
34 50 126 99 89
34 51 115 103 83
34 52 155 124 105
34 53 154 126 99
34 54 112 101 90
34 55 29 23 19
34 56 122 98 83
34 57 93 74 59
34 58 26 21 18
34 59 133 104 88
34 60 81 63 53
34 61 113 96 80
34 62 117 104 90
34 63 75 59 46
34 64 64 55 45
34 65 62 50 40
34 66 66 59 45
34 67 39 31 26
34 68 110 98 83
34 69 30 23 19
34 70 54 42 34
34 71 66 55 43
34 72 11 9 7
34 73 42 37 33
34 74 154 120 93
34 75 104 92 82
34 76 129 103 90
34 77 122 106 88
34 78 103 90 79
34 79 104 84 69
34 80 103 79 70
34 81 107 87 72
34 82 76 66 57
34 83 27 24 21
34 84 73 65 54
34 85 148 115 95
34 86 89 68 55
34 87 31 25 20
34 88 106 94 83
34 89 110 88 69
34 90 67 55 43
34 91 104 84 69
34 92 125 103 92
34 93 59 48 43
34 94 81 64 52
34 95 67 55 42
34 96 92 71 54
34 97 106 90 77
34 98 17 15 13
34 99 105 87 73
35 36 80 62 50
35 37 53 43 33
35 38 126 98 82
35 39 69 61 51
35 40 95 83 72
35 41 20 17 14
35 42 73 60 52
35 43 98 82 69
35 44 79 61 53
35 45 118 97 76
35 46 124 104 88
35 47 74 57 48
35 48 119 96 77
35 49 83 67 54
35 50 133 110 99
35 51 120 99 79
35 52 134 108 91
35 53 133 108 94
35 54 151 124 104
35 55 90 73 57
35 56 124 101 78
35 57 121 102 88
35 58 74 62 56
35 59 139 118 99
35 60 55 46 35
35 61 136 108 93
35 62 145 123 97
35 63 33 26 20
35 64 12 10 8
35 65 14 12 10
35 66 106 86 69
35 67 72 59 49
35 68 125 112 90
35 69 75 68 59
35 70 67 57 49
35 71 110 85 72
35 72 68 54 45
35 73 66 54 46
35 74 135 120 96
35 75 142 122 105
35 76 149 122 108
35 77 132 106 87
35 78 69 60 53
35 79 40 36 29
35 80 103 90 78
35 81 91 81 72
35 82 51 44 35
35 83 83 65 52
35 84 84 65 57
35 85 184 150 117
35 86 112 96 81
35 87 80 63 53
35 88 148 131 101
35 89 120 98 88
35 90 75 63 50
35 91 92 80 66
35 92 112 96 78
35 93 5 4 3
35 94 80 62 56
35 95 107 92 76
35 96 85 69 57
35 97 149 115 99
35 98 58 50 38
35 99 70 56 49
36 37 24 21 17
36 38 56 45 37
36 39 56 48 42
36 40 62 55 46
36 41 58 45 38
36 42 75 58 52
36 43 75 58 52
36 44 44 36 29
36 45 60 52 46
36 46 62 50 40
36 47 68 59 45
36 48 72 57 47
36 49 31 27 22
36 50 65 56 50
36 51 54 47 37
36 52 87 71 61
36 53 76 60 53
36 54 81 63 55
36 55 62 54 48
36 56 55 45 37
36 57 63 57 49
36 58 92 72 61
36 59 78 65 50
36 60 34 29 26
36 61 54 49 44
36 62 72 58 48
36 63 60 46 35
36 64 69 53 47
36 65 69 54 41
36 66 49 39 30
36 67 40 34 26
36 68 57 51 41
36 69 76 60 54
36 70 21 18 15
36 71 52 47 38
36 72 90 69 53
36 73 23 19 15
36 74 64 56 49
36 75 93 73 59
36 76 89 68 60
36 77 63 50 43
36 78 68 53 47
36 79 97 75 65
36 80 43 38 29
36 81 38 31 27
36 82 48 40 31
36 83 44 39 34
36 84 16 12 9
36 85 106 89 70
36 86 59 50 42
36 87 51 42 36
36 88 78 65 53
36 89 62 52 41
36 90 9 7 6
36 91 37 30 24
36 92 72 59 49
36 93 77 63 51
36 94 13 10 8
36 95 69 61 48
36 96 14 11 9
36 97 79 61 54
36 98 54 42 34
36 99 53 47 41
37 38 80 63 51
37 39 55 43 38
37 40 76 66 52
37 41 34 26 22
37 42 65 56 48
37 43 78 70 54
37 44 48 41 32
37 45 71 60 52
37 46 90 71 55
37 47 63 51 40
37 48 74 66 53
37 49 39 31 27
37 50 98 78 66
37 51 69 56 49
37 52 92 77 68
37 53 100 79 65
37 54 109 87 72
37 55 71 56 47
37 56 67 57 48
37 57 95 73 61
37 58 76 62 56
37 59 111 87 67
37 60 22 18 16
37 61 84 69 60
37 62 94 74 64
37 63 31 24 20
37 64 43 36 31
37 65 41 32 25
37 66 61 52 41
37 67 40 33 28
37 68 85 65 57
37 69 72 59 52
37 70 28 25 21
37 71 69 55 47
37 72 73 57 46
37 73 26 23 18
37 74 92 76 64
37 75 110 90 74
37 76 104 89 76
37 77 76 66 56
37 78 56 50 43
37 79 83 65 50
37 80 58 50 45
37 81 60 48 41
37 82 31 26 22
37 83 54 44 34
37 84 35 28 24
37 85 129 106 86
37 86 81 71 54
37 87 49 41 36
37 88 97 83 69
37 89 85 70 57
37 90 26 23 18
37 91 56 43 35
37 92 72 65 55
37 93 47 40 35
37 94 39 31 24
37 95 78 70 55
37 96 39 32 25
37 97 101 89 69
37 98 35 31 27
37 99 51 42 36
38 39 117 90 76
38 40 44 39 34
38 41 102 81 73
38 42 85 72 60
38 43 63 56 46
38 44 54 43 35
38 45 115 89 68
38 46 56 43 38
38 47 77 65 55
38 48 95 78 69
38 49 78 69 53
38 50 49 39 32
38 51 68 61 49
38 52 112 91 79
38 53 85 72 60
38 54 43 36 30
38 55 76 64 51
38 56 73 63 51
38 57 27 23 19
38 58 106 84 69
38 59 45 39 31
38 60 81 69 62
38 61 35 30 24
38 62 60 50 38
38 63 114 91 70
38 64 112 95 81
38 65 97 84 75
38 66 25 20 17
38 67 55 44 37
38 68 44 36 32
38 69 90 73 57
38 70 50 41 33
38 71 29 25 22
38 72 98 79 65
38 73 53 47 37
38 74 70 56 46
38 75 37 30 23
38 76 39 33 29
38 77 74 58 48
38 78 107 92 81
38 79 163 130 101
38 80 36 28 25
38 81 61 47 39
38 82 94 79 67
38 83 62 48 41
38 84 48 39 34
38 85 51 45 36
38 86 23 18 14
38 87 63 49 42
38 88 32 25 22
38 89 15 12 9
38 90 50 43 34
38 91 74 57 44
38 92 110 85 71
38 93 124 97 84
38 94 51 40 33
38 95 45 40 32
38 96 50 43 34
38 97 26 21 18
38 98 69 59 52
38 99 112 94 75
39 40 138 113 87
39 41 60 50 38
39 42 110 97 85
39 43 129 102 91
39 44 102 87 68
39 45 44 38 30
39 46 81 68 58
39 47 101 87 77
39 48 41 36 31
39 49 34 28 24
39 50 102 85 75
39 51 60 49 43
39 52 54 48 43
39 53 75 60 53
39 54 120 107 84
39 55 122 109 84
39 56 60 46 41
39 57 134 109 90
39 58 138 112 92
39 59 119 93 76
39 60 31 26 22
39 61 121 93 72
39 62 96 82 69
39 63 41 36 32
39 64 60 53 43
39 65 56 48 42
39 66 93 79 71
39 67 93 78 64
39 68 97 74 64
39 69 132 104 89
39 70 79 68 55
39 71 109 91 80
39 72 115 96 82
39 73 77 66 53
39 74 94 78 63
39 75 143 118 96
39 76 142 116 91
39 77 77 61 52
39 78 7 6 5
39 79 57 51 43
39 80 78 67 57
39 81 66 57 44
39 82 26 23 18
39 83 105 82 71
39 84 55 49 42
39 85 166 135 104
39 86 137 106 83
39 87 113 91 73
39 88 121 107 86
39 89 117 92 77
39 90 62 53 47
39 91 54 44 36
39 92 46 40 31
39 93 67 60 50
39 94 60 53 43
39 95 138 108 89
39 96 59 48 42
39 97 132 111 91
39 98 99 81 64
39 99 4 3 2
40 41 101 85 68
40 42 39 35 31
40 43 21 16 13
40 44 32 25 20
40 45 134 114 90
40 46 102 87 69
40 47 44 35 29
40 48 145 113 91
40 49 109 85 68
40 50 106 81 66
40 51 98 84 75
40 52 170 133 104
40 53 122 106 89
40 54 93 71 63
40 55 29 25 21
40 56 108 89 76
40 57 42 32 24
40 58 58 47 38
40 59 95 81 65
40 60 96 81 67
40 61 90 75 58
40 62 94 79 71
40 63 102 78 68
40 64 115 95 74
40 65 103 87 68
40 66 31 26 22
40 67 39 32 25
40 68 109 85 65
40 69 38 30 26
40 70 51 41 32
40 71 19 16 13
40 72 60 50 39
40 73 51 44 35
40 74 110 92 78
40 75 71 64 49
40 76 87 73 60
40 77 103 88 77
40 78 139 117 92
40 79 141 121 98
40 80 79 70 54
40 81 99 79 64
40 82 111 94 73
40 83 29 25 21
40 84 69 56 50
40 85 99 79 62
40 86 38 29 22
40 87 29 24 20
40 88 83 65 54
40 89 57 51 42
40 90 65 52 41
40 91 102 80 65
40 92 123 103 93
40 93 109 87 74
40 94 77 60 48
40 95 8 7 5
40 96 71 57 50
40 97 68 54 45
40 98 48 39 35
40 99 140 110 86
41 42 88 71 55
41 43 94 84 68
41 44 67 55 49
41 45 98 76 62
41 46 105 87 75
41 47 75 62 49
41 48 99 76 63
41 49 58 52 40
41 50 138 114 87
41 51 93 80 66
41 52 126 98 78
41 53 107 95 80
41 54 130 109 93
41 55 89 72 57
41 56 103 80 64
41 57 117 94 81
41 58 86 76 60
41 59 114 102 88
41 60 34 27 21
41 61 117 90 81
41 62 115 98 84
41 63 11 8 6
41 64 13 11 9
41 65 7 6 5
41 66 83 73 61
41 67 61 52 44
41 68 115 89 78
41 69 98 76 61
41 70 58 50 41
41 71 88 77 66
41 72 79 62 49
41 73 50 44 38
41 74 126 99 82
41 75 137 107 96
41 76 147 122 97
41 77 122 96 74
41 78 60 51 41
41 79 48 38 30
41 80 85 73 66
41 81 82 70 59
41 82 34 26 21
41 83 76 64 49
41 84 58 52 45
41 85 151 124 107
41 86 115 90 74
41 87 74 62 50
41 88 120 101 91
41 89 116 91 78
41 90 59 50 40
41 91 71 64 52
41 92 103 80 64
41 93 26 20 15
41 94 66 52 45
41 95 98 88 72
41 96 65 52 45
41 97 123 106 90
41 98 53 44 37
41 99 55 46 36
42 43 37 29 22
42 44 43 33 27
42 45 142 113 97
42 46 122 104 87
42 47 11 9 8
42 48 146 129 99
42 49 105 86 72
42 50 120 107 90
42 51 125 103 88
42 52 172 140 113
42 53 142 116 104
42 54 132 102 89
42 55 16 14 11
42 56 126 106 88
42 57 79 65 55
42 58 16 13 10
42 59 127 110 89
42 60 97 77 63
42 61 119 93 81
42 62 137 117 92
42 63 74 66 57
42 64 90 70 57
42 65 73 64 52
42 66 60 50 44
42 67 44 34 28
42 68 116 97 85
42 69 13 11 8
42 70 57 45 39
42 71 54 45 40
42 72 14 12 9
42 73 63 48 38
42 74 134 118 97
42 75 117 96 78
42 76 137 111 88
42 77 144 116 93
42 78 136 108 89
42 79 114 90 81
42 80 115 95 73
42 81 116 97 77
42 82 95 82 68
42 83 32 25 21
42 84 92 76 59
42 85 132 115 92
42 86 74 58 51
42 87 28 24 20
42 88 113 90 81
42 89 97 87 68
42 90 70 58 48
42 91 110 97 75
42 92 164 128 100
42 93 82 63 55
42 94 82 67 58
42 95 58 46 36
42 96 94 74 60
42 97 107 83 74
42 98 32 26 21
42 99 126 102 83
43 44 39 30 24
43 45 147 126 97
43 46 116 90 79
43 47 34 27 22
43 48 129 115 99
43 49 97 86 74
43 50 127 101 78
43 51 130 108 84
43 52 172 140 112
43 53 138 122 99
43 54 101 85 75
43 55 17 14 12
43 56 119 106 85
43 57 56 45 36
43 58 37 33 27
43 59 110 97 77
43 60 105 84 70
43 61 98 78 70
43 62 106 95 82
43 63 101 78 69
43 64 103 87 72
43 65 105 83 66
43 66 50 39 32
43 67 47 36 28
43 68 106 93 76
43 69 22 17 15
43 70 61 48 38
43 71 39 33 25
43 72 40 34 30
43 73 56 45 39
43 74 148 114 89
43 75 80 68 61
43 76 104 90 72
43 77 111 99 87
43 78 133 112 96
43 79 125 106 96
43 80 92 83 65
43 81 96 86 73
43 82 112 92 76
43 83 35 27 21
43 84 71 63 57
43 85 115 94 75
43 86 52 42 35
43 87 29 23 19
43 88 98 79 66
43 89 78 62 54
43 90 66 57 47
43 91 117 92 73
43 92 147 113 101
43 93 94 83 71
43 94 78 66 55
43 95 25 22 17
43 96 90 73 57
43 97 81 67 57
43 98 44 39 32
43 99 132 102 90
44 45 109 90 74
44 46 84 70 61
44 47 32 24 21
44 48 115 99 76
44 49 69 58 50
44 50 96 82 63
44 51 94 75 63
44 52 122 110 89
44 53 110 91 78
44 54 89 75 64
44 55 26 23 20
44 56 81 71 63
44 57 51 44 36
44 58 52 40 36
44 59 86 77 63
44 60 72 61 48
44 61 74 63 55
44 62 108 83 65
44 63 75 62 49
44 64 84 64 55
44 65 68 59 49
44 66 26 22 19
44 67 8 6 5
44 68 78 70 58
44 69 41 32 27
44 70 19 17 14
44 71 31 24 19
44 72 43 37 31
44 73 22 19 16
44 74 107 87 70
44 75 82 66 56
44 76 94 80 63
44 77 94 79 67
44 78 109 85 73
44 79 106 94 78
44 80 72 58 46
44 81 81 65 52
44 82 77 67 53
44 83 9 7 6
44 84 50 44 35
44 85 99 84 70
44 86 43 36 30
44 87 13 10 8
44 88 85 70 57
44 89 61 53 43
44 90 41 31 24
44 91 69 60 51
44 92 99 88 78
44 93 79 70 56
44 94 48 43 33
44 95 38 31 24
44 96 53 45 35
44 97 79 65 51
44 98 32 24 18
44 99 97 80 67
45 46 65 50 38
45 47 131 114 89
45 48 4 3 2
45 49 36 32 26
45 50 79 71 55
45 51 31 25 21
45 52 23 20 17
45 53 37 30 25
45 54 91 75 66
45 55 142 110 93
45 56 28 24 19
45 57 116 95 85
45 58 152 132 106
45 59 79 66 57
45 60 59 50 42
45 61 85 72 56
45 62 62 55 47
45 63 95 73 56
45 64 107 86 69
45 65 108 83 66
45 66 101 88 70
45 67 101 79 71
45 68 69 57 45
45 69 135 121 99
45 70 92 74 61
45 71 125 96 79
45 72 138 118 96
45 73 90 72 60
45 74 51 43 38
45 75 130 107 83
45 76 102 84 74
45 77 39 34 28
45 78 48 37 31
45 79 107 93 72
45 80 59 49 44
45 81 40 33 29
45 82 61 48 41
45 83 114 99 79
45 84 57 49 41
45 85 126 98 87
45 86 101 89 79
45 87 122 100 81
45 88 95 81 71
45 89 103 80 66
45 90 64 57 51
45 91 39 30 25
45 92 7 5 4
45 93 119 92 76
45 94 56 49 42
45 95 128 100 90
45 96 66 52 40
45 97 133 102 79
45 98 109 91 77
45 99 40 35 30
46 47 109 93 80
46 48 53 46 38
46 49 52 46 38
46 50 24 21 18
46 51 24 20 17
46 52 67 53 44
46 53 31 27 23
46 54 42 36 28
46 55 127 102 80
46 56 29 23 19
46 57 82 73 56
46 58 141 112 96
46 59 32 26 20
46 60 76 68 56
46 61 29 23 19
46 62 17 14 11
46 63 99 78 70
46 64 118 92 83
46 65 117 91 78
46 66 75 59 48
46 67 91 75 60
46 68 12 10 8
46 69 119 103 87
46 70 76 64 50
46 71 78 66 56
46 72 129 112 90
46 73 81 63 52
46 74 17 13 10
46 75 68 61 47
46 76 53 45 37
46 77 16 14 12
46 78 90 78 62
46 79 130 113 96
46 80 21 17 15
46 81 23 19 17
46 82 92 75 59
46 83 104 80 66
46 84 47 38 32
46 85 77 63 50
46 86 77 60 52
46 87 110 87 68
46 88 51 41 35
46 89 48 39 33
46 90 64 52 42
46 91 36 30 24
46 92 60 46 40
46 93 138 111 89
46 94 55 43 33
46 95 92 81 67
46 96 46 38 32
46 97 67 55 44
46 98 108 90 72
46 99 90 74 58
47 48 124 112 91
47 49 90 81 64
47 50 123 97 84
47 51 119 104 81
47 52 157 128 105
47 53 140 111 96
47 54 128 99 84
47 55 16 12 10
47 56 116 102 81
47 57 65 57 51
47 58 26 20 17
47 59 131 102 83
47 60 72 65 56
47 61 95 84 75
47 62 127 99 85
47 63 67 59 51
47 64 69 59 52
47 65 66 55 47
47 66 54 45 39
47 67 30 26 21
47 68 110 90 78
47 69 19 16 12
47 70 47 38 31
47 71 56 46 36
47 72 17 14 11
47 73 42 36 31
47 74 144 115 90
47 75 103 90 74
47 76 122 106 83
47 77 130 103 86
47 78 123 96 82
47 79 94 84 76
47 80 88 75 66
47 81 101 83 70
47 82 93 73 61
47 83 21 17 15
47 84 75 62 52
47 85 141 112 88
47 86 81 62 47
47 87 22 17 14
47 88 100 90 76
47 89 83 70 63
47 90 61 52 40
47 91 106 86 68
47 92 125 110 93
47 93 73 57 50
47 94 72 62 50
47 95 48 40 34
47 96 70 58 52
47 97 94 83 69
47 98 20 17 14
47 99 114 95 76
48 49 40 35 27
48 50 85 65 55
48 51 34 29 22
48 52 24 18 15
48 53 37 31 24
48 54 112 86 66
48 55 125 109 95
48 56 32 26 20
48 57 135 108 86
48 58 164 128 107
48 59 73 64 57
48 60 63 56 43
48 61 73 65 56
48 62 66 57 47
48 63 83 74 58
48 64 114 88 71
48 65 94 79 68
48 66 118 93 71
48 67 120 93 73
48 68 66 55 45
48 69 133 113 101
48 70 94 74 62
48 71 126 97 80
48 72 157 121 98
48 73 93 74 61
48 74 59 48 38
48 75 115 102 83
48 76 116 97 75
48 77 38 32 28
48 78 53 41 32
48 79 103 85 74
48 80 63 53 44
48 81 39 34 30
48 82 62 52 43
48 83 121 98 80
48 84 61 51 42
48 85 129 107 87
48 86 106 93 80
48 87 115 93 83
48 88 107 89 71
48 89 95 81 67
48 90 77 68 52
48 91 38 31 26
48 92 6 4 3
48 93 118 94 77
48 94 65 51 44
48 95 117 101 91
48 96 61 53 42
48 97 124 98 79
48 98 126 101 79
48 99 48 37 32
49 50 73 59 53
49 51 37 32 26
49 52 62 51 42
49 53 61 49 40
49 54 88 70 62
49 55 100 86 69
49 56 36 29 25
49 57 98 83 68
49 58 111 99 81
49 59 84 65 54
49 60 30 23 20
49 61 68 57 50
49 62 69 62 48
49 63 49 43 35
49 64 78 62 49
49 65 68 56 44
49 66 74 61 50
49 67 62 54 47
49 68 61 53 42
49 69 107 88 75
49 70 58 49 37
49 71 82 70 59
49 72 104 86 71
49 73 47 41 35
49 74 63 49 44
49 75 110 92 72
49 76 90 76 68
49 77 50 44 34
49 78 37 33 28
49 79 75 67 59
49 80 50 40 34
49 81 34 28 22
49 82 30 25 22
49 83 78 64 55
49 84 27 23 20
49 85 125 97 80
49 86 91 74 61
49 87 85 71 57
49 88 98 79 63
49 89 78 60 54
49 90 42 35 28
49 91 22 18 14
49 92 42 35 29
49 93 71 61 55
49 94 30 26 21
49 95 88 77 69
49 96 29 24 20
49 97 99 77 67
49 98 78 68 52
49 99 36 28 23
50 51 46 41 35
50 52 87 70 60
50 53 53 43 37
50 54 15 13 11
50 55 125 102 81
50 56 58 46 37
50 57 69 56 48
50 58 145 119 99
50 59 4 3 2
50 60 106 85 70
50 61 16 12 9
50 62 14 12 9
50 63 119 95 83
50 64 134 118 96
50 65 140 113 90
50 66 68 58 47
50 67 95 76 64
50 68 20 16 12
50 69 115 101 88
50 70 80 67 56
50 71 75 65 54
50 72 136 119 94
50 73 85 75 58
50 74 27 23 20
50 75 46 41 33
50 76 28 25 21
50 77 40 33 29
50 78 119 92 79
50 79 152 137 111
50 80 31 26 22
50 81 45 37 32
50 82 107 92 74
50 83 93 83 69
50 84 66 53 43
50 85 51 41 33
50 86 71 55 46
50 87 91 81 71
50 88 29 24 20
50 89 36 32 25
50 90 68 59 50
50 91 61 48 40
50 92 82 73 58
50 93 136 114 101
50 94 60 51 43
50 95 104 80 64
50 96 69 55 42
50 97 48 39 31
50 98 120 95 78
50 99 111 97 75
51 52 40 35 30
51 53 22 19 16
51 54 65 51 45
51 55 124 107 83
51 56 5 4 3
51 57 86 76 67
51 58 152 120 98
51 59 51 44 36
51 60 63 51 45
51 61 51 39 35
51 62 40 35 27
51 63 89 74 60
51 64 107 93 74
51 65 102 82 70
51 66 79 64 54
51 67 92 75 61
51 68 37 28 24
51 69 135 111 89
51 70 68 58 50
51 71 82 72 64
51 72 129 113 89
51 73 74 59 51
51 74 28 23 20
51 75 100 81 62
51 76 71 62 53
51 77 16 12 9
51 78 72 57 46
51 79 110 93 83
51 80 31 27 24
51 81 18 15 12
51 82 69 59 47
51 83 99 84 68
51 84 46 38 30
51 85 105 83 66
51 86 81 72 61
51 87 98 87 71
51 88 73 57 50
51 89 74 59 46
51 90 59 47 41
51 91 22 17 15
51 92 33 29 24
51 93 112 93 80
51 94 51 40 31
51 95 105 86 75
51 96 43 37 29
51 97 79 67 58
51 98 108 92 71
51 99 58 52 43
52 53 34 30 24
52 54 101 85 71
52 55 167 134 109
52 56 45 37 29
52 57 149 120 97
52 58 196 159 122
52 59 99 77 62
52 60 82 73 58
52 61 95 74 62
52 62 72 64 51
52 63 104 84 72
52 64 110 98 85
52 65 126 99 82
52 66 118 96 83
52 67 129 106 87
52 68 66 58 51
52 69 158 131 115
52 70 116 91 76
52 71 147 117 92
52 72 140 126 112
52 73 98 84 75
52 74 62 52 41
52 75 129 100 90
52 76 107 91 80
52 77 45 40 32
52 78 59 50 43
52 79 130 107 86
52 80 77 60 54
52 81 54 46 41
52 82 79 66 57
52 83 146 119 94
52 84 86 67 55
52 85 135 117 93
52 86 119 101 91
52 87 134 115 96
52 88 123 94 78
52 89 118 99 76
52 90 93 78 66
52 91 57 47 39
52 92 21 16 14
52 93 124 103 91
52 94 76 68 57
52 95 155 124 104
52 96 71 63 55
52 97 138 109 87
52 98 136 108 93
52 99 61 53 44
53 54 70 54 48
53 55 136 117 98
53 56 26 21 17
53 57 109 87 78
53 58 165 138 113
53 59 53 46 39
53 60 90 69 60
53 61 58 47 41
53 62 40 33 29
53 63 98 84 75
53 64 134 108 88
53 65 120 94 84
53 66 105 86 68
53 67 98 86 76
53 68 41 35 30
53 69 156 133 105
53 70 91 78 66
53 71 104 85 77
53 72 139 118 105
53 73 104 86 66
53 74 28 23 18
53 75 102 83 69
53 76 86 73 57
53 77 16 14 12
53 78 85 69 55
53 79 129 115 95
53 80 52 44 36
53 81 38 33 27
53 82 84 70 61
53 83 126 106 84
53 84 63 52 45
53 85 105 91 70
53 86 112 92 73
53 87 125 102 86
53 88 79 63 56
53 89 77 69 56
53 90 79 67 57
53 91 47 38 30
53 92 41 31 26
53 93 132 108 94
53 94 67 52 47
53 95 118 106 88
53 96 74 58 45
53 97 93 77 66
53 98 113 95 86
53 99 70 62 53
54 55 109 98 80
54 56 72 59 47
54 57 72 56 43
54 58 144 123 98
54 59 13 11 9
54 60 107 87 77
54 61 18 15 13
54 62 32 25 20
54 63 133 112 89
54 64 156 122 102
54 65 152 120 96
54 66 68 54 46
54 67 104 83 65
54 68 31 24 21
54 69 126 105 87
54 70 92 75 59
54 71 74 60 51
54 72 133 108 94
54 73 90 77 61
54 74 45 36 31
54 75 37 32 24
54 76 16 12 10
54 77 52 44 39
54 78 133 110 88
54 79 174 139 118
54 80 42 35 29
54 81 70 54 41
54 82 126 106 82
54 83 98 84 69
54 84 69 58 49
54 85 34 29 23
54 86 59 53 42
54 87 103 90 71
54 88 17 13 11
54 89 34 26 22
54 90 78 67 55
54 91 73 64 49
54 92 95 80 68
54 93 159 128 106
54 94 70 57 49
54 95 86 70 60
54 96 65 55 48
54 97 32 26 23
54 98 103 93 79
54 99 125 106 84
55 56 119 105 83
55 57 61 51 45
55 58 29 23 18
55 59 119 100 80
55 60 101 79 62
55 61 108 89 73
55 62 128 109 84
55 63 84 71 59
55 64 88 68 61
55 65 79 70 56
55 66 52 43 35
55 67 34 29 23
55 68 122 97 77
55 69 11 9 7
55 70 47 41 33
55 71 43 38 30
55 72 28 23 18
55 73 51 42 34
55 74 140 112 90
55 75 105 89 69
55 76 106 88 78
55 77 141 113 87
55 78 128 106 89
55 79 104 94 85
55 80 101 84 65
55 81 103 83 72
55 82 86 77 68
55 83 23 18 15
55 84 81 65 54
55 85 110 91 82
55 86 61 53 41
55 87 20 17 13
55 88 113 93 72
55 89 90 71 59
55 90 72 56 43
55 91 106 83 70
55 92 151 124 97
55 93 89 76 60
55 94 65 58 52
55 95 36 31 26
55 96 77 64 55
55 97 89 78 64
55 98 32 27 21
55 99 123 100 82
56 57 102 79 68
56 58 147 117 98
56 59 64 49 38
56 60 73 56 44
56 61 49 42 37
56 62 39 34 29
56 63 76 67 59
56 64 112 90 73
56 65 99 80 68
56 66 82 63 55
56 67 91 71 61
56 68 36 31 26
56 69 120 106 90
56 70 74 64 51
56 71 90 78 64
56 72 129 101 89
56 73 78 65 51
56 74 35 27 22
56 75 93 72 64
56 76 77 65 56
56 77 17 13 11
56 78 67 53 44
56 79 112 95 81
56 80 40 34 26
56 81 20 17 13
56 82 72 59 46
56 83 95 84 69
56 84 48 38 30
56 85 102 88 68
56 86 82 73 63
56 87 95 85 71
56 88 76 60 52
56 89 65 56 48
56 90 65 51 41
56 91 21 17 14
56 92 32 26 22
56 93 103 93 79
56 94 48 39 31
56 95 103 86 76
56 96 43 34 29
56 97 91 73 60
56 98 109 84 70
56 99 69 54 41
57 58 83 72 62
57 59 67 53 47
57 60 102 88 74
57 61 57 48 41
57 62 85 70 54
57 63 127 102 80
57 64 131 104 88
57 65 127 103 82
57 66 33 25 21
57 67 65 50 39
57 68 71 57 50
57 69 78 61 50
57 70 58 51 41
57 71 26 22 17
57 72 98 80 62
57 73 64 54 44
57 74 95 73 64
57 75 39 30 25
57 76 58 45 38
57 77 103 81 66
57 78 144 113 95
57 79 148 125 110
57 80 55 48 43
57 81 90 74 57
57 82 120 99 80
57 83 60 49 39
57 84 63 55 49
57 85 62 51 39
57 86 12 10 8
57 87 56 46 40
57 88 48 38 32
57 89 36 28 24
57 90 63 56 45
57 91 86 71 61
57 92 124 105 89
57 93 136 111 90
57 94 75 58 48
57 95 28 24 20
57 96 70 58 49
57 97 32 28 22
57 98 78 68 53
57 99 134 104 89
58 59 131 114 98
58 60 103 84 70
58 61 135 112 90
58 62 132 114 101
58 63 93 73 63
58 64 88 72 62
58 65 84 73 57
58 66 84 66 53
58 67 48 42 37
58 68 137 121 94
58 69 20 16 12
58 70 67 55 48
58 71 70 61 48
58 72 19 15 12
58 73 61 53 47
58 74 151 121 106
58 75 123 98 86
58 76 141 111 96
58 77 127 114 102
58 78 127 112 97
58 79 139 110 85
58 80 126 104 82
58 81 120 104 87
58 82 111 85 75
58 83 47 38 30
58 84 103 86 68
58 85 138 118 100
58 86 97 75 59
58 87 46 37 29
58 88 135 109 90
58 89 126 100 77
58 90 89 74 57
58 91 109 98 84
58 92 181 142 109
58 93 76 66 58
58 94 104 87 67
58 95 63 55 43
58 96 107 84 69
58 97 119 103 82
58 98 44 38 29
58 99 130 106 91
59 60 116 92 71
59 61 12 10 8
59 62 16 14 11
59 63 111 100 84
59 64 138 109 96
59 65 132 117 91
59 66 73 57 46
59 67 91 82 63
59 68 19 16 13
59 69 121 98 87
59 70 81 63 56
59 71 77 59 52
59 72 128 105 93
59 73 82 67 58
59 74 30 27 22
59 75 50 40 31
59 76 29 23 19
59 77 51 39 30
59 78 119 101 80
59 79 172 135 111
59 80 32 28 23
59 81 49 37 33
59 82 111 90 75
59 83 89 78 68
59 84 66 52 43
59 85 42 36 32
59 86 63 53 44
59 87 87 78 70
59 88 29 22 18
59 89 34 28 24
59 90 76 60 50
59 91 68 53 41
59 92 81 67 59
59 93 153 127 101
59 94 62 50 44
59 95 98 79 62
59 96 61 52 43
59 97 42 33 29
59 98 103 86 77
59 99 117 93 76
60 61 93 77 65
60 62 88 76 66
60 63 23 20 16
60 64 37 33 29
60 65 37 29 25
60 66 71 63 54
60 67 59 49 43
60 68 94 73 60
60 69 101 86 67
60 70 53 44 36
60 71 93 72 61
60 72 87 76 60
60 73 48 39 33
60 74 91 79 63
60 75 123 100 84
60 76 112 97 83
60 77 83 66 54
60 78 42 36 27
60 79 56 50 41
60 80 70 58 49
60 81 54 48 40
60 82 9 8 6
60 83 72 62 50
60 84 43 37 29
60 85 140 116 94
60 86 104 80 67
60 87 82 68 52
60 88 101 91 77
60 89 102 79 66
60 90 43 37 30
60 91 48 41 33
60 92 62 53 44
60 93 55 43 35
60 94 41 34 30
60 95 97 81 70
60 96 38 34 30
60 97 125 100 79
60 98 62 53 43
60 99 33 27 21
61 62 22 19 14
61 63 111 90 77
61 64 122 103 90
61 65 119 100 84
61 66 56 47 38
61 67 77 64 55
61 68 19 15 12
61 69 118 95 79
61 70 70 56 48
61 71 60 51 45
61 72 110 97 86
61 73 70 56 50
61 74 41 32 25
61 75 41 33 29
61 76 31 24 20
61 77 44 35 30
61 78 100 84 76
61 79 171 138 106
61 80 28 23 17
61 81 42 34 29
61 82 93 77 69
61 83 79 69 61
61 84 61 47 37
61 85 52 43 33
61 86 65 50 38
61 87 91 81 62
61 88 23 19 16
61 89 28 22 17
61 90 63 51 43
61 91 58 48 37
61 92 84 71 58
61 93 128 114 94
61 94 57 48 37
61 95 79 69 55
61 96 47 40 36
61 97 34 30 26
61 98 97 78 70
61 99 103 89 72
62 63 110 91 80
62 64 144 112 93
62 65 136 109 88
62 66 71 60 50
62 67 82 73 65
62 68 12 10 8
62 69 127 107 91
62 70 83 72 56
62 71 87 69 58
62 72 124 106 95
62 73 80 69 58
62 74 17 14 12
62 75 59 50 41
62 76 45 37 29
62 77 30 26 20
62 78 98 81 72
62 79 142 119 106
62 80 31 26 21
62 81 39 33 27
62 82 99 78 69
62 83 112 86 71
62 84 62 48 40
62 85 67 53 42
62 86 82 63 51
62 87 109 89 73
62 88 44 34 28
62 89 44 35 31
62 90 66 57 50
62 91 52 40 34
62 92 73 59 50
62 93 130 115 98
62 94 65 52 41
62 95 92 83 68
62 96 61 51 40
62 97 59 48 39
62 98 124 95 78
62 99 105 88 68
63 64 22 18 14
63 65 15 13 11
63 66 94 75 60
63 67 65 55 44
63 68 110 89 73
63 69 86 76 63
63 70 60 48 40
63 71 98 81 65
63 72 69 58 52
63 73 49 40 36
63 74 123 99 77
63 75 153 119 93
63 76 142 122 94
63 77 99 88 68
63 78 59 47 36
63 79 46 40 31
63 80 99 76 61
63 81 81 70 54
63 82 23 19 16
63 83 67 60 49
63 84 56 49 41
63 85 130 116 104
63 86 92 81 73
63 87 78 62 51
63 88 127 102 87
63 89 105 85 75
63 90 53 43 37
63 91 72 60 47
63 92 89 71 58
63 93 28 23 20
63 94 63 49 41
63 95 106 91 72
63 96 66 53 41
63 97 122 105 88
63 98 53 45 38
63 99 48 37 31
64 65 12 9 7
64 66 87 77 69
64 67 70 60 51
64 68 139 110 86
64 69 85 72 63
64 70 63 56 49
64 71 104 81 73
64 72 76 61 50
64 73 61 51 45
64 74 133 111 91
64 75 138 118 104
64 76 160 132 106
64 77 117 95 82
64 78 59 52 46
64 79 38 32 25
64 80 104 90 74
64 81 90 79 68
64 82 44 34 29
64 83 84 69 54
64 84 73 64 54
64 85 181 141 116
64 86 117 99 82
64 87 72 62 55
64 88 158 123 99
64 89 114 98 86
64 90 69 61 48
64 91 98 76 61
64 92 107 92 71
64 93 11 9 7
64 94 69 60 53
64 95 124 101 78
64 96 86 67 54
64 97 144 120 98
64 98 59 52 41
64 99 65 53 42
65 66 88 69 62
65 67 71 57 44
65 68 119 96 81
65 69 83 75 58
65 70 56 48 42
65 71 84 75 67
65 72 68 52 46
65 73 63 48 39
65 74 111 96 86
65 75 133 113 98
65 76 141 127 100
65 77 102 92 77
65 78 70 54 46
65 79 43 37 30
65 80 89 77 69
65 81 94 79 63
65 82 35 31 26
65 83 59 53 48
65 84 69 59 48
65 85 153 123 109
65 86 108 93 75
65 87 71 58 49
65 88 135 105 93
65 89 105 93 80
65 90 62 51 42
65 91 78 68 56
65 92 113 88 69
65 93 17 14 11
65 94 72 60 48
65 95 93 81 72
65 96 71 55 48
65 97 123 111 92
65 98 49 41 35
65 99 55 49 41
66 67 36 27 21
66 68 69 55 44
66 69 63 50 42
66 70 32 27 21
66 71 15 13 10
66 72 71 57 49
66 73 32 28 24
66 74 87 69 57
66 75 58 48 38
66 76 69 58 45
66 77 91 73 56
66 78 116 89 76
66 79 118 100 90
66 80 53 42 33
66 81 59 52 43
66 82 88 78 60
66 83 35 28 24
66 84 46 38 31
66 85 80 61 51
66 86 25 19 14
66 87 38 29 26
66 88 55 49 38
66 89 41 32 25
66 90 36 29 25
66 91 69 54 45
66 92 117 93 73
66 93 99 79 71
66 94 45 35 29
66 95 31 25 21
66 96 44 38 31
66 97 51 41 32
66 98 46 40 36
66 99 99 86 70
67 68 80 71 58
67 69 41 32 29
67 70 17 14 11
67 71 32 26 23
67 72 48 37 31
67 73 20 16 12
67 74 100 86 69
67 75 87 68 59
67 76 111 85 65
67 77 96 76 65
67 78 101 87 69
67 79 101 91 74
67 80 59 51 45
67 81 77 61 50
67 82 68 56 49
67 83 11 9 8
67 84 45 38 32
67 85 102 84 72
67 86 44 37 33
67 87 14 12 10
67 88 85 73 58
67 89 64 53 45
67 90 30 26 21
67 91 77 62 48
67 92 108 98 75
67 93 70 62 52
67 94 44 34 30
67 95 39 34 28
67 96 47 37 33
67 97 79 66 53
67 98 23 19 16
67 99 95 81 63
68 69 111 96 84
68 70 68 60 49
68 71 74 59 52
68 72 122 104 88
68 73 83 65 51
68 74 21 17 14
68 75 58 49 40
68 76 43 36 30
68 77 25 22 19
68 78 98 82 68
68 79 129 113 100
68 80 24 18 14
68 81 32 25 21
68 82 102 81 63
68 83 96 80 64
68 84 51 43 34
68 85 71 56 43
68 86 68 55 46
68 87 87 77 66
68 88 40 31 27
68 89 43 33 27
68 90 68 55 42
68 91 46 36 29
68 92 62 54 48
68 93 137 114 91
68 94 50 39 34
68 95 103 79 63
68 96 52 42 33
68 97 53 43 37
68 98 92 79 71
68 99 95 80 64
69 70 61 48 40
69 71 54 47 37
69 72 24 18 16
69 73 64 50 40
69 74 137 122 96
69 75 112 87 74
69 76 127 104 85
69 77 146 115 93
69 78 154 122 94
69 79 120 98 87
69 80 101 81 72
69 81 105 90 78
69 82 117 92 72
69 83 29 25 21
69 84 83 70 61
69 85 125 104 88
69 86 67 53 47
69 87 31 25 19
69 88 125 98 78
69 89 87 78 65
69 90 81 62 49
69 91 114 91 77
69 92 137 120 103
69 93 87 73 61
69 94 81 70 59
69 95 48 38 31
69 96 84 70 61
69 97 93 82 70
69 98 39 30 25
69 99 138 107 87
70 71 42 33 26
70 72 58 51 40
70 73 7 5 4
70 74 90 76 60
70 75 84 66 56
70 76 91 70 60
70 77 74 61 55
70 78 86 77 60
70 79 94 84 70
70 80 57 44 36
70 81 59 48 39
70 82 66 51 41
70 83 25 22 19
70 84 30 26 21
70 85 105 87 69
70 86 50 44 34
70 87 29 26 21
70 88 78 62 53
70 89 53 47 40
70 90 15 13 10
70 91 53 46 38
70 92 98 78 64
70 93 70 59 51
70 94 30 24 20
70 95 47 40 35
70 96 34 26 22
70 97 72 60 51
70 98 33 25 22
70 99 81 62 54
71 72 70 54 46
71 73 42 36 30
71 74 104 84 65
71 75 66 51 39
71 76 69 59 49
71 77 83 74 65
71 78 124 106 84
71 79 140 114 95
71 80 58 48 42
71 81 82 66 52
71 82 95 84 67
71 83 31 26 23
71 84 56 48 40
71 85 75 64 53
71 86 16 14 12
71 87 33 27 24
71 88 66 52 42
71 89 41 36 30
71 90 49 42 33
71 91 84 66 54
71 92 124 95 83
71 93 104 83 74
71 94 59 47 38
71 95 21 16 12
71 96 56 47 40
71 97 51 41 34
71 98 56 45 37
71 99 113 96 78
72 73 62 48 39
72 74 142 125 99
72 75 120 102 85
72 76 126 108 94
72 77 131 107 95
72 78 125 103 86
72 79 98 87 74
72 80 112 92 76
72 81 98 88 79
72 82 106 83 64
72 83 37 30 26
72 84 94 75 60
72 85 142 118 99
72 86 85 75 58
72 87 35 29 24
72 88 133 103 87
72 89 118 91 73
72 90 74 64 49
72 91 118 97 76
72 92 150 122 99
72 93 72 58 47
72 94 97 76 59
72 95 74 57 44
72 96 87 76 61
72 97 99 89 80
72 98 29 26 20
72 99 108 96 80
73 74 83 71 61
73 75 95 76 60
73 76 99 78 63
73 77 86 72 56
73 78 75 65 58
73 79 91 82 67
73 80 53 46 38
73 81 52 45 40
73 82 53 47 39
73 83 34 26 20
73 84 35 28 22
73 85 99 80 72
73 86 55 45 37
73 87 33 28 22
73 88 85 69 56
73 89 69 56 43
73 90 16 13 10
73 91 53 46 38
73 92 90 73 63
73 93 69 53 48
73 94 28 23 20
73 95 56 47 37
73 96 29 25 22
73 97 73 61 54
73 98 31 27 21
73 99 74 59 51
74 75 68 59 52
74 76 62 52 40
74 77 18 14 11
74 78 82 74 65
74 79 160 133 102
74 80 36 30 25
74 81 35 28 24
74 82 103 84 66
74 83 113 91 76
74 84 65 53 41
74 85 75 63 53
74 86 78 67 60
74 87 109 95 78
74 88 58 47 39
74 89 62 53 41
74 90 69 60 52
74 91 49 40 31
74 92 59 46 40
74 93 149 115 97
74 94 68 52 42
74 95 123 95 76
74 96 55 48 41
74 97 71 62 50
74 98 132 105 81
74 99 83 71 62
75 76 23 18 15
75 77 87 75 59
75 78 144 114 100
75 79 180 143 123
75 80 53 45 40
75 81 86 70 55
75 82 141 115 89
75 83 86 68 61
75 84 86 68 55
75 85 21 18 14
75 86 45 36 28
75 87 90 79 62
75 88 24 19 14
75 89 29 23 19
75 90 74 66 56
75 91 95 78 61
75 92 122 102 86
75 93 149 124 107
75 94 83 65 55
75 95 63 55 45
75 96 80 72 55
75 97 10 8 6
75 98 106 82 74
75 99 144 116 95
76 77 73 57 48
76 78 147 121 95
76 79 181 142 123
76 80 51 44 35
76 81 73 56 49
76 82 142 111 88
76 83 93 79 69
76 84 73 65 54
76 85 20 16 13
76 86 64 50 38
76 87 117 90 70
76 88 11 9 7
76 89 35 27 21
76 90 76 68 58
76 91 72 62 56
76 92 106 92 77
76 93 166 140 109
76 94 72 61 54
76 95 84 69 56
76 96 72 64 53
76 97 26 20 17
76 98 117 101 80
76 99 144 111 91
77 78 75 67 54
77 79 141 117 92
77 80 34 29 24
77 81 26 20 17
77 82 77 68 56
77 83 102 82 73
77 84 46 40 35
77 85 91 74 61
77 86 93 80 62
77 87 124 96 75
77 88 60 51 46
77 89 61 55 44
77 90 72 57 46
77 91 30 27 22
77 92 47 38 30
77 93 119 101 88
77 94 50 42 36
77 95 125 99 76
77 96 52 42 35
77 97 86 68 55
77 98 103 89 76
77 99 77 67 52
78 79 59 52 43
78 80 81 73 61
78 81 69 61 47
78 82 29 26 22
78 83 127 98 76
78 84 75 61 47
78 85 153 127 108
78 86 114 99 88
78 87 123 95 78
78 88 149 117 90
78 89 120 96 82
78 90 83 66 52
78 91 62 51 40
78 92 41 37 31
78 93 73 60 53
78 94 67 56 48
78 95 128 105 94
78 96 73 58 47
78 97 136 119 95
78 98 96 86 69
78 99 9 8 7
79 80 135 110 90
79 81 116 103 80
79 82 55 45 37
79 83 108 94 78
79 84 111 91 70
79 85 193 158 134
79 86 145 130 103
79 87 101 90 79
79 88 177 143 117
79 89 140 121 105
79 90 89 80 68
79 91 103 90 72
79 92 105 94 73
79 93 42 33 27
79 94 105 82 70
79 95 147 124 101
79 96 110 86 70
79 97 163 146 118
79 98 91 74 65
79 99 57 51 43
80 81 26 20 15
80 82 78 62 53
80 83 81 68 52
80 84 30 26 21
80 85 66 54 47
80 86 63 49 38
80 87 86 70 54
80 88 50 39 30
80 89 37 29 23
80 90 50 38 29
80 91 35 28 22
80 92 72 60 47
80 93 120 97 79
80 94 31 26 22
80 95 80 67 53
80 96 34 26 21
80 97 47 40 36
80 98 81 71 58
80 99 76 65 56
81 82 60 51 43
81 83 73 64 57
81 84 25 22 19
81 85 86 68 61
81 86 70 60 51
81 87 85 71 59
81 88 65 51 44
81 89 51 44 38
81 90 45 39 30
81 91 13 10 8
81 92 50 38 32
81 93 104 82 73
81 94 30 25 20
81 95 83 75 64
81 96 26 21 18
81 97 69 60 51
81 98 82 74 60
81 99 58 49 43
82 83 76 63 56
82 84 53 42 34
82 85 149 115 99
82 86 107 84 73
82 87 85 66 57
82 88 118 105 82
82 89 103 86 71
82 90 49 43 36
82 91 50 44 36
82 92 67 53 43
82 93 49 41 35
82 94 52 44 35
82 95 118 96 76
82 96 49 44 35
82 97 122 102 84
82 98 73 61 47
82 99 25 22 17
83 84 57 47 40
83 85 114 92 74
83 86 47 41 34
83 87 5 4 3
83 88 100 79 62
83 89 65 55 48
83 90 44 34 29
83 91 86 70 56
83 92 113 98 82
83 93 73 62 54
83 94 61 48 38
83 95 41 32 25
83 96 55 45 40
83 97 86 67 56
83 98 20 17 15
83 99 113 90 70
84 85 92 72 65
84 86 60 49 42
84 87 59 47 42
84 88 75 62 48
84 89 56 45 37
84 90 20 16 12
84 91 25 21 17
84 92 69 54 44
84 93 94 75 58
84 94 4 3 2
84 95 75 65 51
84 96 3 2 1
84 97 63 56 50
84 98 59 47 42
84 99 65 50 41
85 86 68 54 42
85 87 105 95 75
85 88 27 23 18
85 89 46 36 30
85 90 100 86 68
85 91 106 83 68
85 92 116 100 90
85 93 150 134 119
85 94 93 79 65
85 95 83 69 58
85 96 107 85 65
85 97 33 25 19
85 98 125 107 87
85 99 150 118 103
86 87 45 40 35
86 88 41 36 32
86 89 28 24 21
86 90 55 47 38
86 91 76 61 54
86 92 107 91 82
86 93 118 104 84
86 94 52 46 41
86 95 29 22 19
86 96 56 50 42
86 97 34 26 23
86 98 70 58 47
86 99 133 104 82
87 88 83 71 63
87 89 73 64 50
87 90 41 35 31
87 91 85 68 58
87 92 112 96 84
87 93 77 65 55
87 94 56 49 40
87 95 37 32 24
87 96 60 54 42
87 97 80 67 57
87 98 24 19 15
87 99 97 87 72
88 89 22 18 14
88 90 80 63 51
88 91 69 61 51
88 92 123 95 74
88 93 133 115 103
88 94 75 61 47
88 95 82 64 50
88 96 68 61 47
88 97 17 14 12
88 98 121 95 73
88 99 123 96 86
89 90 59 50 39
89 91 68 54 44
89 92 91 79 69
89 93 140 111 90
89 94 54 42 36
89 95 56 45 39
89 96 50 45 36
89 97 23 19 14
89 98 87 78 60
89 99 107 87 77
90 91 42 33 28
90 92 85 65 54
90 93 70 59 52
90 94 15 13 10
90 95 59 49 42
90 96 18 16 12
90 97 84 67 51
90 98 48 37 30
90 99 70 56 46
91 92 44 35 29
91 93 84 74 66
91 94 29 23 18
91 95 90 77 65
91 96 24 19 16
91 97 74 66 57
91 98 91 71 57
91 99 52 41 35
92 93 102 87 78
92 94 77 59 46
92 95 146 119 94
92 96 71 55 44
92 97 128 100 82
92 98 129 102 81
92 99 45 37 31
93 94 81 71 58
93 95 110 97 78
93 96 93 77 59
93 97 165 130 101
93 98 56 46 40
93 99 77 62 49
94 95 71 61 49
94 96 5 4 3
94 97 70 62 49
94 98 65 50 40
94 99 61 51 42
95 96 70 59 51
95 97 62 50 41
95 98 50 45 39
95 99 133 114 88
96 97 74 57 50
96 98 63 52 42
96 99 56 49 41
97 98 98 83 68
97 99 133 103 90
98 99 93 73 63
3
8
8
6
8
8
3
2
8
1
2
2
9
8
1
9
6
4
2
9
6
1
5
1
8
10
6
4
10
2
4
7
6
8
2
9
6
9
6
1
9
1
9
6
6
1
10
9
5
1
9
6
1
7
1
3
9
8
5
10
2
3
1
4
1
5
9
8
4
7
4
9
5
1
10
4
8
7
9
6
1
8
7
6
2
4
9
4
3
9
4
10
4
5
4
1
4
4
9
1
