100 440
0 11 8 7 1
0 36 18 6 6
0 46 40 10 6
0 59 26 3 2
0 77 30 30 29
0 78 25 20 1
0 81 9 5 4
1 3 25 15 10
1 5 6 5 4
1 6 20 16 4
1 94 34 14 13
2 6 17 5 1
2 16 13 8 7
2 21 2 1 1
2 39 28 24 7
2 44 32 29 3
2 56 4 1 1
2 87 9 5 1
3 21 23 11 7
3 28 50 2 1
3 33 45 6 1
3 67 48 45 44
3 68 25 2 1
3 81 10 9 7
4 13 46 25 15
4 17 15 13 3
4 18 15 9 7
4 21 7 4 1
4 22 27 7 7
4 29 44 40 2
4 30 11 11 1
4 32 32 21 13
4 36 6 4 2
4 51 31 5 3
4 55 26 1 1
4 60 34 13 5
4 76 24 8 7
4 94 40 38 10
4 96 12 8 1
5 18 14 6 5
5 25 1 1 1
5 28 7 2 2
5 34 40 25 8
5 39 20 6 2
5 50 5 1 1
5 58 4 1 1
5 59 27 5 2
5 78 36 24 15
5 82 43 43 19
5 93 37 8 2
6 10 5 4 1
6 15 10 6 2
6 28 43 19 15
6 40 18 11 3
6 60 28 26 3
6 65 25 17 5
6 85 45 9 4
7 21 20 2 1
7 36 37 35 15
7 59 44 16 8
7 78 48 42 10
7 79 17 15 7
7 97 40 27 5
8 16 26 3 1
8 36 1 1 1
8 57 18 10 2
8 72 16 15 8
8 76 50 7 4
8 84 47 45 41
9 39 37 18 18
9 40 39 8 7
9 53 31 4 2
9 59 27 26 11
9 81 44 24 10
9 87 26 26 2
10 11 43 1 1
10 18 33 25 20
10 32 40 29 15
10 36 32 18 9
10 45 49 14 12
10 55 36 2 2
10 67 11 5 3
10 69 28 21 7
10 89 1 1 1
11 19 4 4 1
11 39 49 1 1
11 42 39 21 2
11 44 17 1 1
11 48 15 2 1
11 82 33 7 4
11 99 6 5 5
12 29 12 10 10
12 79 30 15 14
12 86 37 4 1
12 87 45 20 17
12 90 17 13 9
13 14 40 17 6
13 38 34 26 9
13 44 40 25 10
13 48 31 12 2
13 57 33 19 8
13 64 48 33 29
13 68 46 15 1
13 72 37 1 1
13 98 17 5 5
14 21 32 26 23
14 39 44 9 9
14 55 31 21 5
14 57 10 9 9
14 68 25 13 6
14 73 8 3 1
14 76 23 21 21
14 81 29 4 2
15 27 44 15 1
15 57 21 21 12
15 61 28 26 2
15 70 34 19 11
15 87 1 1 1
15 98 32 6 2
16 20 24 9 2
16 24 30 2 2
16 52 1 1 1
16 81 4 3 3
17 18 22 5 5
17 30 43 14 6
17 36 49 22 6
17 39 46 14 5
17 56 28 14 10
17 60 37 37 33
17 69 36 16 2
17 94 48 21 5
17 96 40 9 3
18 21 42 13 3
18 37 45 10 5
18 38 13 7 6
18 43 43 37 16
18 62 28 9 7
18 69 50 13 4
18 70 20 2 1
18 79 35 9 2
18 93 3 1 1
19 36 30 7 7
19 42 22 11 3
19 70 24 20 14
19 88 48 26 6
19 99 6 3 3
20 24 4 1 1
20 33 43 42 18
20 36 16 10 9
20 49 32 29 9
20 78 44 3 2
20 90 31 9 2
20 97 48 1 1
21 31 19 1 1
21 39 43 5 2
21 55 13 1 1
21 57 20 14 13
21 66 11 1 1
21 67 24 11 7
21 79 27 5 1
21 82 7 3 1
21 84 7 5 5
21 94 21 14 7
22 28 39 26 16
22 32 23 19 3
22 40 33 10 10
22 59 28 26 4
22 65 46 32 20
22 69 21 16 13
22 70 4 4 3
22 72 5 5 5
22 82 27 24 17
22 85 21 20 15
22 94 23 20 4
22 99 49 6 6
23 24 16 8 7
23 47 50 21 17
23 61 3 2 1
23 67 1 1 1
24 36 23 20 6
24 37 48 48 45
24 43 27 26 8
24 47 18 6 4
24 57 49 3 1
24 62 8 3 2
24 90 9 7 5
25 44 13 3 2
25 70 29 26 22
25 72 19 18 13
25 85 39 8 8
25 86 2 2 2
25 88 37 7 1
25 90 8 2 2
25 91 49 34 14
25 92 7 2 1
25 96 32 19 16
25 98 17 2 2
26 32 27 16 1
26 44 28 5 5
26 59 43 10 4
26 60 2 1 1
26 66 1 1 1
26 67 20 14 7
26 85 50 50 2
26 90 35 12 5
26 93 36 13 6
26 94 15 7 6
27 28 4 4 4
27 47 35 29 11
27 50 7 7 1
27 57 45 11 7
27 72 4 3 2
27 74 47 1 1
28 29 21 20 14
28 37 48 30 28
28 39 31 17 8
28 73 28 6 4
28 88 6 2 1
28 89 20 1 1
28 96 32 12 11
29 57 43 25 14
29 68 12 3 1
29 71 25 25 22
29 78 31 27 22
29 82 31 14 6
29 85 36 35 4
29 90 3 3 2
30 50 32 2 1
30 54 34 5 4
30 55 17 10 4
30 61 20 10 6
30 81 9 1 1
30 84 14 10 4
30 85 14 13 3
30 96 5 3 2
30 98 48 28 24
31 39 6 3 3
31 50 34 32 13
31 62 41 11 1
31 73 37 2 2
31 87 30 23 17
31 93 21 4 3
32 55 39 35 27
32 82 15 12 4
32 92 47 4 4
32 93 49 46 2
32 96 42 36 36
32 97 13 12 11
33 34 1 1 1
33 48 26 22 22
33 53 12 11 9
33 65 48 23 2
33 74 37 8 3
33 85 8 8 7
33 94 27 10 9
33 97 9 1 1
34 35 17 11 8
34 40 45 10 9
34 77 48 6 5
34 81 3 1 1
34 98 41 18 13
35 43 13 13 13
35 46 50 22 2
35 53 30 5 1
35 54 6 2 2
35 82 16 9 1
36 44 25 23 21
36 55 16 10 1
36 60 14 4 2
37 40 19 7 6
37 49 46 28 1
37 73 29 5 3
37 91 17 11 7
38 47 33 10 6
38 55 17 4 2
38 66 40 2 2
38 71 1 1 1
38 80 4 1 1
38 89 41 21 4
38 98 49 11 7
39 44 13 3 2
39 52 31 7 5
39 68 9 6 4
39 92 33 9 2
39 95 3 1 1
40 42 2 1 1
40 59 14 3 2
40 67 6 3 2
40 78 30 11 4
40 82 48 47 25
40 84 36 19 6
40 90 1 1 1
40 97 9 3 1
41 48 1 1 1
41 55 34 10 5
41 69 41 6 1
41 81 16 6 2
42 60 1 1 1
42 61 25 7 3
42 64 5 3 2
42 68 22 16 9
42 76 26 12 5
42 87 14 6 1
43 44 7 1 1
43 53 21 4 4
43 54 34 1 1
43 63 25 20 3
43 65 50 19 15
43 74 33 18 16
43 99 50 36 16
44 57 31 13 9
44 63 12 9 2
44 65 12 11 9
44 83 50 45 14
44 90 35 24 10
45 56 36 4 3
45 83 28 11 8
45 99 41 27 16
46 67 32 27 4
46 68 7 2 1
46 90 2 2 1
47 51 44 28 21
47 55 38 22 21
47 63 27 25 4
47 65 41 23 15
47 70 37 8 1
47 73 22 1 1
47 92 7 2 2
47 95 1 1 1
48 50 5 4 2
48 53 41 14 6
48 72 23 13 7
49 63 18 6 3
49 64 37 25 7
49 68 30 10 10
49 89 24 6 2
49 90 17 4 2
49 91 37 24 16
50 55 11 6 1
50 58 19 19 10
50 71 20 20 15
50 72 15 3 2
50 79 11 8 7
51 59 22 20 16
51 80 47 6 4
51 87 8 5 1
51 92 10 10 9
52 71 41 18 6
52 96 46 22 7
52 99 23 23 15
53 56 15 1 1
53 86 4 1 1
53 92 46 44 16
54 61 39 36 6
54 77 45 17 4
54 85 3 3 1
54 86 1 1 1
54 90 24 4 2
55 63 36 14 11
55 83 46 40 12
56 80 39 9 7
56 95 27 10 10
57 81 23 8 6
58 73 25 14 1
58 82 43 7 7
58 84 5 5 3
58 90 33 17 4
58 93 22 18 11
58 98 1 1 1
59 62 27 26 18
59 73 32 25 25
59 89 5 2 1
60 63 5 3 1
60 65 28 17 11
61 71 29 27 16
61 73 16 12 9
62 70 17 9 9
62 71 11 5 4
62 75 45 10 5
62 83 12 12 7
62 97 4 4 2
63 69 3 1 1
63 77 36 13 10
63 97 3 3 1
64 88 33 4 1
65 75 10 2 2
66 71 29 12 6
67 88 33 32 2
67 96 24 1 1
68 71 33 33 31
68 89 36 22 20
69 79 23 13 4
69 82 33 28 21
69 90 42 2 2
70 71 24 24 5
70 83 7 3 1
70 84 44 6 2
70 99 17 14 8
71 72 22 18 11
71 76 10 5 4
72 83 39 3 3
72 92 32 12 7
73 76 27 17 5
73 86 34 17 13
73 89 32 4 4
73 91 38 16 13
74 89 41 14 9
74 91 18 14 14
74 93 7 7 3
75 81 31 25 19
75 88 35 6 3
75 91 43 14 10
76 83 17 4 2
76 91 32 31 18
76 92 45 29 25
77 79 41 40 12
77 85 34 10 8
77 92 24 24 11
79 84 3 1 1
81 82 17 11 1
81 91 9 6 1
81 94 17 17 5
81 96 38 12 2
81 99 11 6 5
82 90 13 13 9
83 89 49 38 7
83 90 42 37 18
84 90 45 24 13
85 86 37 36 13
86 98 25 17 5
87 88 22 11 6
88 97 49 4 3
90 95 25 21 7
90 98 31 28 26
90 99 17 2 1
91 92 12 7 2
92 95 41 28 12
94 97 18 11 2
95 99 43 21 4
96 99 8 8 8
127 
61 
85 
181 
291 
179 
159 
166 
126 
176 
220 
177 
114 
299 
189 
136 
59 
319 
274 
99 
208 
225 
281 
42 
174 
192 
215 
147 
267 
213 
188 
140 
275 
194 
165 
91 
200 
219 
170 
292 
228 
74 
109 
257 
262 
132 
107 
308 
112 
203 
105 
129 
118 
155 
136 
278 
123 
236 
103 
237 
91 
116 
147 
109 
106 
222 
60 
151 
184 
237 
206 
170 
167 
264 
165 
130 
201 
228 
194 
142 
77 
192 
262 
232 
156 
236 
96 
113 
219 
197 
323 
211 
259 
134 
203 
96 
217 
142 
196 
206 
