10 44
0 1 48 4 4
0 2 5 4 4
0 3 23 7 7
0 4 44 35 9
0 5 41 7 2
0 6 11 4 2
0 8 6 1 1
0 9 45 22 15
1 2 16 5 2
1 3 33 3 3
1 4 38 5 5
1 5 1 1 1
1 6 50 30 11
1 7 19 6 4
1 8 32 10 1
1 9 34 33 5
2 3 14 12 6
2 4 50 47 17
2 5 24 14 3
2 6 41 35 12
2 7 17 12 1
2 8 41 9 1
2 9 43 2 2
3 4 46 1 1
3 5 19 13 2
3 6 49 31 20
3 7 10 7 3
3 8 43 21 1
3 9 2 2 1
4 5 22 16 4
4 6 50 22 15
4 7 40 12 9
4 8 18 12 1
4 9 28 15 10
5 6 9 1 1
5 7 23 17 7
5 8 32 31 9
5 9 43 38 11
6 7 1 1 1
6 8 23 9 8
6 9 43 22 6
7 8 49 38 3
7 9 41 17 13
8 9 20 17 16
26
15
5
30
30
4
27
1
26
11 
