50 150
0 26 7 5 2
0 29 9 1 1
0 36 41 8 2
0 37 14 4 2
0 41 37 3 3
0 43 29 12 3
1 5 36 2 2
1 17 28 27 25
1 28 6 3 3
1 30 20 10 5
1 32 34 30 29
1 46 9 8 4
2 6 25 17 12
2 17 34 2 2
2 34 45 3 3
2 47 21 11 6
2 49 32 2 1
3 19 49 3 3
3 30 3 3 1
3 32 17 9 5
3 47 2 2 1
4 5 46 24 19
4 18 29 4 2
4 26 29 28 3
4 32 18 18 2
4 36 29 25 19
4 45 13 11 7
5 21 50 15 6
5 28 46 42 12
5 31 19 9 2
5 39 40 5 5
6 17 34 8 5
6 32 43 16 7
6 33 16 6 2
6 37 44 28 11
6 40 19 9 1
6 45 1 1 1
7 14 4 3 3
7 25 46 14 8
7 36 49 32 20
7 47 43 4 4
8 15 27 7 5
8 16 2 2 1
8 32 45 11 5
8 40 23 21 21
8 45 50 5 2
9 23 1 1 1
9 27 45 45 45
9 36 38 4 2
10 11 2 2 2
10 13 32 30 14
10 27 30 14 3
10 36 27 18 2
11 28 15 14 8
11 29 16 5 2
11 30 21 14 12
11 40 50 6 1
11 43 8 2 2
11 48 8 8 1
12 24 38 26 20
12 28 2 1 1
12 37 4 4 1
13 18 18 3 1
13 36 33 17 12
13 38 24 14 7
13 43 40 14 11
14 24 50 8 4
14 28 15 12 10
14 34 43 35 19
14 42 9 7 2
15 17 48 44 43
15 22 17 1 1
15 27 11 11 1
15 36 41 6 6
15 39 26 9 6
16 26 5 2 2
16 31 38 9 1
17 19 43 17 11
17 31 38 10 8
17 42 33 28 10
17 44 15 9 8
17 46 15 6 1
18 20 31 14 2
18 21 42 18 5
18 28 39 38 22
18 29 47 42 3
18 45 46 43 22
18 46 1 1 1
18 47 47 9 7
19 24 49 26 19
19 32 12 6 1
19 37 23 6 5
19 42 45 45 22
19 44 45 22 21
20 33 22 10 4
20 36 11 8 3
20 45 47 23 3
21 24 6 5 4
21 28 49 34 11
21 37 35 34 25
21 47 41 27 10
22 25 49 12 5
22 26 38 29 13
22 28 34 33 30
22 40 22 11 2
22 48 27 26 8
23 28 14 5 5
23 31 28 15 11
23 46 33 27 2
24 37 37 9 8
24 43 41 38 27
24 44 48 30 26
24 48 11 8 3
24 49 28 7 2
25 31 47 39 38
25 47 28 24 22
26 39 31 16 4
26 40 45 25 10
26 42 24 3 2
26 44 23 6 5
28 29 38 7 2
28 34 6 1 1
28 37 28 16 1
28 38 31 5 1
29 31 8 1 1
29 32 39 28 3
29 37 2 1 1
29 38 49 9 3
29 40 50 47 29
30 31 40 17 8
30 33 33 14 13
31 46 40 25 11
31 49 34 10 3
32 36 25 22 7
33 35 35 27 3
33 40 42 5 4
33 41 15 6 1
33 44 48 14 2
34 40 49 44 16
35 43 47 22 16
36 41 46 35 4
37 42 39 15 13
38 40 3 2 2
39 44 22 11 10
40 44 5 2 2
40 45 22 15 15
40 49 34 16 7
41 43 47 5 2
43 49 18 3 1
46 49 9 5 4
3
30
9
16
6
3
3
1
8
2
16
27
4
23
12
21
29
9
16
17
25
30
13
24
13
28
23
13
29
13
17
23
12
17
1
9
20
3
9
19
26
16
15
29
30
19
20
28
27
5
