10 45
0 1 9 4 2
0 2 8 4 1
0 3 8 4 1
0 4 7 4 1
0 5 7 5 2
0 6 8 6 3
0 7 9 5 3
0 8 8 6 3
0 9 9 5 1
1 2 8 5 1
1 3 8 6 1
1 4 7 4 1
1 5 8 5 3
1 6 8 6 2
1 7 8 6 2
1 8 8 6 2
1 9 8 6 2
2 3 8 4 1
2 4 8 6 1
2 5 8 4 3
2 6 8 4 1
2 7 8 5 1
2 8 8 4 3
2 9 9 6 3
3 4 9 4 1
3 5 8 5 1
3 6 8 5 2
3 7 8 5 2
3 8 8 4 1
3 9 9 6 1
4 5 8 5 3
4 6 7 5 3
4 7 7 4 2
4 8 9 4 2
4 9 7 4 1
5 6 9 4 2
5 7 9 6 2
5 8 9 4 2
5 9 7 6 3
6 7 9 6 2
6 8 9 5 1
6 9 9 6 1
7 8 8 6 1
7 9 8 4 2
8 9 9 5 3
95
21
22
97
99
84
40
26
73
47
