50 1225
0 1 7 4 1
0 2 9 4 3
0 3 9 4 2
0 4 8 4 1
0 5 8 5 1
0 6 7 4 2
0 7 7 4 2
0 8 7 4 1
0 9 7 4 2
0 10 8 5 3
0 11 9 4 1
0 12 8 4 2
0 13 8 6 2
0 14 7 4 2
0 15 9 4 3
0 16 7 4 3
0 17 7 4 3
0 18 7 4 1
0 19 7 6 1
0 20 7 6 3
0 21 7 4 3
0 22 9 6 3
0 23 8 6 3
0 24 7 4 2
0 25 9 6 3
0 26 7 4 3
0 27 7 6 1
0 28 8 4 1
0 29 9 4 1
0 30 8 6 2
0 31 7 4 1
0 32 9 4 1
0 33 8 5 3
0 34 8 5 3
0 35 8 4 3
0 36 8 4 2
0 37 8 4 3
0 38 8 6 1
0 39 8 4 1
0 40 7 6 1
0 41 8 5 2
0 42 8 5 3
0 43 8 5 3
0 44 8 5 3
0 45 9 6 2
0 46 8 6 1
0 47 9 5 2
0 48 7 5 2
0 49 7 5 2
1 2 9 6 3
1 3 7 6 2
1 4 8 4 1
1 5 7 4 1
1 6 7 4 3
1 7 9 5 2
1 8 8 4 2
1 9 8 5 1
1 10 7 5 2
1 11 7 4 2
1 12 7 6 2
1 13 8 6 3
1 14 7 6 3
1 15 7 6 1
1 16 8 6 2
1 17 8 5 2
1 18 7 6 1
1 19 9 6 3
1 20 7 5 3
1 21 8 6 3
1 22 9 4 1
1 23 7 6 1
1 24 8 6 1
1 25 7 4 2
1 26 8 6 1
1 27 7 6 1
1 28 8 5 2
1 29 8 6 3
1 30 9 4 2
1 31 7 4 1
1 32 9 4 3
1 33 8 5 1
1 34 9 5 1
1 35 8 4 2
1 36 9 5 3
1 37 9 4 2
1 38 9 5 2
1 39 9 4 3
1 40 8 6 1
1 41 8 4 1
1 42 8 5 1
1 43 9 4 3
1 44 8 6 2
1 45 7 4 2
1 46 9 6 2
1 47 9 4 3
1 48 8 6 3
1 49 7 6 1
2 3 7 5 2
2 4 8 6 1
2 5 7 5 2
2 6 8 4 2
2 7 7 6 1
2 8 8 5 3
2 9 9 6 1
2 10 9 5 3
2 11 9 4 3
2 12 9 5 2
2 13 8 6 3
2 14 9 6 2
2 15 9 4 2
2 16 7 6 2
2 17 9 6 3
2 18 8 4 2
2 19 8 5 1
2 20 7 4 2
2 21 8 4 1
2 22 7 6 3
2 23 7 5 1
2 24 7 5 2
2 25 7 5 1
2 26 7 5 2
2 27 8 6 1
2 28 8 6 2
2 29 8 6 3
2 30 7 6 3
2 31 8 5 2
2 32 9 5 2
2 33 9 6 2
2 34 7 4 1
2 35 8 5 2
2 36 7 4 3
2 37 9 5 1
2 38 9 6 3
2 39 9 4 3
2 40 8 4 1
2 41 9 6 2
2 42 8 6 2
2 43 9 6 3
2 44 9 6 1
2 45 9 4 3
2 46 7 6 1
2 47 7 6 2
2 48 9 5 1
2 49 8 4 3
3 4 7 6 3
3 5 8 6 2
3 6 7 5 3
3 7 7 5 2
3 8 7 6 2
3 9 9 6 2
3 10 9 6 3
3 11 9 4 1
3 12 9 6 2
3 13 9 5 3
3 14 8 4 2
3 15 7 5 1
3 16 8 6 3
3 17 9 4 2
3 18 7 5 1
3 19 7 5 1
3 20 9 4 1
3 21 8 6 3
3 22 9 6 2
3 23 9 4 2
3 24 7 4 2
3 25 7 6 3
3 26 8 4 1
3 27 9 5 3
3 28 8 5 2
3 29 8 5 1
3 30 8 6 3
3 31 9 6 2
3 32 9 5 2
3 33 9 5 3
3 34 7 4 1
3 35 7 6 1
3 36 7 5 2
3 37 9 6 2
3 38 7 5 3
3 39 7 5 3
3 40 8 5 2
3 41 9 6 1
3 42 7 6 3
3 43 7 4 2
3 44 7 6 2
3 45 8 6 1
3 46 9 5 1
3 47 8 4 1
3 48 9 5 3
3 49 9 4 3
4 5 7 4 3
4 6 8 5 2
4 7 9 4 3
4 8 7 4 3
4 9 8 6 3
4 10 9 6 3
4 11 7 6 3
4 12 8 6 2
4 13 7 4 2
4 14 9 5 2
4 15 9 6 2
4 16 7 5 3
4 17 8 4 2
4 18 9 4 1
4 19 7 6 2
4 20 7 4 3
4 21 8 5 1
4 22 9 5 2
4 23 7 6 1
4 24 8 4 2
4 25 7 6 3
4 26 7 4 1
4 27 8 5 2
4 28 7 6 1
4 29 9 4 1
4 30 9 6 1
4 31 9 4 3
4 32 8 6 2
4 33 9 5 2
4 34 7 4 1
4 35 9 4 3
4 36 7 6 1
4 37 8 4 2
4 38 9 6 3
4 39 7 4 2
4 40 7 5 1
4 41 8 4 3
4 42 9 5 3
4 43 8 5 3
4 44 7 6 3
4 45 9 4 3
4 46 7 4 3
4 47 8 6 1
4 48 7 5 2
4 49 9 6 1
5 6 9 5 1
5 7 9 6 1
5 8 9 6 3
5 9 9 4 2
5 10 9 6 1
5 11 8 6 2
5 12 8 5 2
5 13 8 6 1
5 14 9 5 1
5 15 7 4 1
5 16 7 6 2
5 17 9 5 2
5 18 8 4 3
5 19 8 5 2
5 20 7 5 2
5 21 8 4 2
5 22 8 4 3
5 23 7 4 1
5 24 9 5 1
5 25 7 5 1
5 26 7 4 3
5 27 8 5 1
5 28 9 6 2
5 29 8 6 3
5 30 8 4 2
5 31 7 6 1
5 32 8 5 1
5 33 7 4 2
5 34 8 5 3
5 35 7 5 3
5 36 9 5 2
5 37 8 6 1
5 38 7 4 3
5 39 8 5 1
5 40 8 4 2
5 41 9 4 1
5 42 8 6 1
5 43 8 6 3
5 44 7 6 1
5 45 7 5 1
5 46 7 5 1
5 47 9 4 1
5 48 7 5 2
5 49 7 5 1
6 7 9 5 1
6 8 9 5 2
6 9 8 5 2
6 10 7 6 2
6 11 7 6 2
6 12 9 6 1
6 13 7 6 2
6 14 8 4 2
6 15 7 4 2
6 16 8 5 2
6 17 9 6 1
6 18 9 6 2
6 19 7 5 1
6 20 9 4 1
6 21 7 5 1
6 22 8 5 1
6 23 8 6 1
6 24 9 5 3
6 25 8 4 2
6 26 9 4 3
6 27 8 4 2
6 28 8 4 2
6 29 7 4 2
6 30 7 6 3
6 31 8 6 3
6 32 7 6 3
6 33 9 4 2
6 34 9 5 1
6 35 8 6 2
6 36 7 6 1
6 37 7 6 1
6 38 7 5 1
6 39 8 5 2
6 40 7 5 1
6 41 8 6 2
6 42 7 4 1
6 43 7 5 2
6 44 8 4 1
6 45 7 5 3
6 46 7 5 1
6 47 9 5 2
6 48 8 4 2
6 49 8 6 3
7 8 8 4 1
7 9 7 4 2
7 10 8 4 2
7 11 8 4 3
7 12 8 5 3
7 13 9 6 3
7 14 8 4 2
7 15 9 5 1
7 16 8 4 3
7 17 9 4 2
7 18 7 6 2
7 19 7 5 3
7 20 8 4 1
7 21 9 5 2
7 22 7 6 2
7 23 7 5 3
7 24 8 6 1
7 25 8 4 3
7 26 7 4 1
7 27 9 6 1
7 28 7 5 1
7 29 9 6 1
7 30 8 6 2
7 31 7 4 1
7 32 8 6 3
7 33 7 6 1
7 34 9 6 1
7 35 8 6 3
7 36 8 4 1
7 37 9 4 2
7 38 7 6 2
7 39 9 4 3
7 40 9 6 3
7 41 7 6 3
7 42 7 4 3
7 43 7 6 1
7 44 7 6 2
7 45 8 4 1
7 46 9 6 2
7 47 7 6 3
7 48 7 6 2
7 49 8 5 2
8 9 9 5 1
8 10 7 6 2
8 11 7 5 3
8 12 8 5 3
8 13 8 5 3
8 14 8 5 3
8 15 9 6 3
8 16 7 6 3
8 17 9 6 2
8 18 7 6 3
8 19 7 6 1
8 20 8 4 2
8 21 9 4 1
8 22 7 4 2
8 23 8 6 3
8 24 9 6 1
8 25 7 4 1
8 26 9 4 3
8 27 9 4 3
8 28 7 5 1
8 29 8 4 2
8 30 7 6 3
8 31 8 6 1
8 32 9 5 1
8 33 8 6 3
8 34 8 6 1
8 35 7 4 2
8 36 7 4 3
8 37 8 6 1
8 38 8 6 1
8 39 7 5 3
8 40 7 4 2
8 41 9 4 1
8 42 8 4 3
8 43 9 5 3
8 44 8 4 3
8 45 9 4 3
8 46 9 6 1
8 47 9 6 1
8 48 8 5 2
8 49 9 5 1
9 10 9 4 1
9 11 7 5 1
9 12 9 5 1
9 13 8 6 2
9 14 9 6 1
9 15 8 6 3
9 16 7 5 2
9 17 9 5 1
9 18 9 5 2
9 19 8 6 1
9 20 8 5 2
9 21 8 4 1
9 22 9 5 3
9 23 7 4 1
9 24 9 6 2
9 25 7 5 2
9 26 7 6 3
9 27 8 4 3
9 28 8 6 1
9 29 8 6 3
9 30 9 4 3
9 31 9 4 3
9 32 7 4 1
9 33 7 4 3
9 34 7 4 1
9 35 7 6 3
9 36 8 4 2
9 37 8 6 1
9 38 7 4 1
9 39 9 4 2
9 40 7 4 2
9 41 9 5 3
9 42 9 5 1
9 43 8 4 2
9 44 8 6 3
9 45 9 4 2
9 46 7 6 2
9 47 7 5 2
9 48 9 4 2
9 49 8 6 2
10 11 8 4 3
10 12 9 6 3
10 13 9 6 2
10 14 7 6 3
10 15 8 5 1
10 16 9 4 1
10 17 9 6 3
10 18 8 6 1
10 19 7 6 2
10 20 7 5 2
10 21 7 5 2
10 22 9 5 1
10 23 7 5 1
10 24 8 6 3
10 25 7 6 2
10 26 7 5 1
10 27 7 4 1
10 28 7 4 1
10 29 8 5 2
10 30 7 5 3
10 31 7 4 3
10 32 7 5 2
10 33 9 5 2
10 34 9 6 3
10 35 8 4 3
10 36 9 4 3
10 37 9 6 1
10 38 8 4 1
10 39 8 6 3
10 40 9 6 2
10 41 9 5 3
10 42 7 4 1
10 43 7 4 3
10 44 8 4 2
10 45 9 6 3
10 46 7 5 3
10 47 7 4 2
10 48 9 6 2
10 49 7 5 3
11 12 9 6 1
11 13 9 5 1
11 14 8 4 1
11 15 7 6 1
11 16 9 6 3
11 17 9 6 3
11 18 9 5 1
11 19 9 5 1
11 20 9 5 2
11 21 8 4 2
11 22 7 4 2
11 23 9 6 3
11 24 8 6 3
11 25 9 4 3
11 26 7 5 1
11 27 9 6 2
11 28 7 6 2
11 29 9 6 2
11 30 9 5 3
11 31 9 4 1
11 32 7 4 2
11 33 8 4 2
11 34 9 4 1
11 35 9 6 3
11 36 9 4 1
11 37 7 6 1
11 38 7 6 2
11 39 9 6 1
11 40 7 5 1
11 41 7 6 2
11 42 8 5 2
11 43 8 6 3
11 44 7 5 3
11 45 9 4 2
11 46 9 6 1
11 47 8 5 1
11 48 7 4 3
11 49 8 5 1
12 13 8 4 2
12 14 7 6 3
12 15 7 4 3
12 16 7 6 3
12 17 8 4 2
12 18 7 5 3
12 19 9 4 3
12 20 9 4 1
12 21 8 6 2
12 22 8 6 2
12 23 8 6 3
12 24 8 4 2
12 25 8 5 3
12 26 7 4 2
12 27 9 6 2
12 28 8 5 1
12 29 8 6 3
12 30 7 4 1
12 31 7 5 3
12 32 9 5 2
12 33 7 6 3
12 34 8 5 2
12 35 8 6 2
12 36 8 6 1
12 37 9 5 3
12 38 7 6 3
12 39 7 4 2
12 40 9 5 1
12 41 7 4 2
12 42 8 6 2
12 43 8 4 3
12 44 8 5 1
12 45 8 4 1
12 46 9 6 2
12 47 9 5 1
12 48 7 5 3
12 49 8 6 2
13 14 8 4 3
13 15 8 6 1
13 16 8 4 1
13 17 9 4 2
13 18 7 6 3
13 19 9 5 1
13 20 8 4 1
13 21 9 6 2
13 22 7 6 3
13 23 7 6 2
13 24 9 5 3
13 25 8 5 3
13 26 9 6 3
13 27 9 4 2
13 28 8 5 1
13 29 8 4 1
13 30 9 5 3
13 31 9 6 1
13 32 7 6 1
13 33 8 4 3
13 34 7 4 2
13 35 9 5 1
13 36 9 4 2
13 37 8 6 2
13 38 7 5 2
13 39 9 4 3
13 40 9 4 1
13 41 9 5 1
13 42 8 4 3
13 43 8 4 3
13 44 8 6 3
13 45 9 4 3
13 46 8 6 3
13 47 8 4 3
13 48 9 6 1
13 49 9 6 1
14 15 8 6 1
14 16 7 6 1
14 17 7 6 2
14 18 8 4 3
14 19 8 4 3
14 20 9 6 1
14 21 7 6 3
14 22 9 4 1
14 23 8 6 1
14 24 7 4 2
14 25 9 4 3
14 26 9 4 2
14 27 7 5 2
14 28 7 5 2
14 29 8 6 1
14 30 9 4 1
14 31 7 6 3
14 32 8 5 1
14 33 8 5 3
14 34 8 6 3
14 35 8 5 2
14 36 9 4 1
14 37 7 4 3
14 38 8 6 1
14 39 8 5 3
14 40 8 6 1
14 41 7 6 3
14 42 7 6 3
14 43 9 4 3
14 44 9 4 1
14 45 8 6 3
14 46 7 5 3
14 47 8 6 3
14 48 9 4 2
14 49 9 5 3
15 16 7 6 3
15 17 8 4 3
15 18 9 6 1
15 19 9 4 3
15 20 7 5 3
15 21 9 5 1
15 22 9 6 1
15 23 8 6 1
15 24 9 6 2
15 25 7 6 2
15 26 8 4 3
15 27 9 4 2
15 28 9 5 3
15 29 7 4 3
15 30 9 4 3
15 31 8 4 1
15 32 7 5 3
15 33 8 5 2
15 34 7 5 3
15 35 7 5 3
15 36 8 4 2
15 37 9 4 1
15 38 7 5 3
15 39 9 5 2
15 40 9 4 2
15 41 7 5 2
15 42 9 6 1
15 43 9 5 1
15 44 9 4 3
15 45 7 4 2
15 46 7 5 1
15 47 9 5 3
15 48 9 5 1
15 49 7 6 3
16 17 8 6 1
16 18 8 5 1
16 19 8 6 2
16 20 7 4 1
16 21 7 5 2
16 22 9 5 1
16 23 9 4 3
16 24 7 5 1
16 25 8 4 3
16 26 9 4 1
16 27 8 4 3
16 28 9 6 3
16 29 9 5 2
16 30 7 4 1
16 31 9 6 3
16 32 7 5 1
16 33 7 5 3
16 34 7 6 3
16 35 7 4 3
16 36 9 4 2
16 37 9 4 3
16 38 8 4 1
16 39 8 4 2
16 40 8 4 1
16 41 7 6 1
16 42 8 6 3
16 43 7 4 1
16 44 8 6 1
16 45 9 6 1
16 46 8 6 3
16 47 8 4 1
16 48 7 6 3
16 49 8 5 1
17 18 9 4 3
17 19 7 6 1
17 20 9 6 2
17 21 7 5 3
17 22 9 4 2
17 23 9 6 2
17 24 8 6 2
17 25 7 4 3
17 26 7 4 1
17 27 9 4 3
17 28 7 5 3
17 29 7 5 3
17 30 7 5 1
17 31 8 5 3
17 32 7 4 1
17 33 8 6 2
17 34 9 4 2
17 35 9 6 2
17 36 8 5 1
17 37 9 6 2
17 38 7 4 2
17 39 7 6 2
17 40 8 4 2
17 41 8 4 2
17 42 7 4 3
17 43 7 6 1
17 44 8 5 3
17 45 7 6 3
17 46 8 6 2
17 47 7 5 2
17 48 8 4 2
17 49 8 6 2
18 19 8 5 3
18 20 8 6 1
18 21 7 5 3
18 22 8 4 2
18 23 7 5 1
18 24 9 4 2
18 25 8 4 3
18 26 7 6 3
18 27 7 5 1
18 28 9 5 3
18 29 7 4 1
18 30 9 4 3
18 31 8 5 3
18 32 8 6 2
18 33 8 6 3
18 34 8 4 1
18 35 7 6 1
18 36 9 6 2
18 37 8 5 2
18 38 7 6 2
18 39 9 4 1
18 40 8 5 3
18 41 8 6 2
18 42 7 5 2
18 43 9 4 1
18 44 9 4 1
18 45 8 6 1
18 46 8 5 3
18 47 8 4 1
18 48 9 5 3
18 49 8 4 1
19 20 8 6 2
19 21 9 5 3
19 22 7 5 1
19 23 9 5 1
19 24 9 6 3
19 25 8 5 2
19 26 7 4 1
19 27 7 4 1
19 28 8 4 2
19 29 9 6 1
19 30 9 6 1
19 31 7 5 2
19 32 7 6 3
19 33 7 6 2
19 34 9 4 2
19 35 9 6 3
19 36 8 5 3
19 37 8 6 2
19 38 7 4 1
19 39 8 4 2
19 40 9 6 2
19 41 9 4 2
19 42 8 4 1
19 43 7 6 2
19 44 8 5 2
19 45 9 4 1
19 46 9 6 1
19 47 8 5 2
19 48 8 5 1
19 49 9 6 3
20 21 7 4 3
20 22 7 5 1
20 23 9 6 1
20 24 7 5 1
20 25 9 6 2
20 26 7 4 3
20 27 8 4 3
20 28 7 5 3
20 29 7 4 3
20 30 7 6 2
20 31 7 6 2
20 32 9 4 2
20 33 8 4 2
20 34 9 5 1
20 35 7 6 2
20 36 7 6 2
20 37 9 5 2
20 38 9 6 2
20 39 8 4 2
20 40 7 6 1
20 41 8 4 2
20 42 7 6 1
20 43 9 5 3
20 44 9 6 3
20 45 8 5 2
20 46 8 6 2
20 47 9 5 1
20 48 8 4 3
20 49 9 4 1
21 22 7 5 2
21 23 9 6 1
21 24 9 4 1
21 25 8 6 3
21 26 9 5 2
21 27 8 6 1
21 28 7 4 2
21 29 9 6 2
21 30 7 4 2
21 31 7 4 2
21 32 7 5 1
21 33 7 4 2
21 34 7 5 2
21 35 9 5 3
21 36 8 5 2
21 37 7 5 1
21 38 9 4 3
21 39 8 4 1
21 40 9 6 3
21 41 7 4 2
21 42 7 6 2
21 43 8 6 2
21 44 8 6 2
21 45 9 4 3
21 46 7 5 1
21 47 8 5 1
21 48 9 5 2
21 49 7 4 1
22 23 7 6 1
22 24 9 4 2
22 25 8 5 2
22 26 8 6 1
22 27 9 5 1
22 28 8 4 1
22 29 8 6 3
22 30 9 6 1
22 31 8 6 3
22 32 8 6 1
22 33 7 4 1
22 34 7 6 2
22 35 7 4 1
22 36 9 6 1
22 37 7 4 1
22 38 8 6 3
22 39 9 6 1
22 40 9 4 2
22 41 8 5 3
22 42 7 4 3
22 43 9 5 2
22 44 7 5 3
22 45 9 6 2
22 46 8 5 2
22 47 9 5 2
22 48 7 5 1
22 49 8 5 3
23 24 8 4 1
23 25 7 6 1
23 26 9 4 2
23 27 9 5 2
23 28 8 4 1
23 29 9 4 2
23 30 7 5 3
23 31 7 6 2
23 32 9 5 3
23 33 7 5 2
23 34 9 4 1
23 35 9 5 1
23 36 9 4 1
23 37 9 5 1
23 38 9 4 2
23 39 8 4 2
23 40 8 6 2
23 41 9 4 3
23 42 7 4 1
23 43 9 5 1
23 44 8 5 2
23 45 7 4 1
23 46 7 6 1
23 47 7 5 3
23 48 9 6 2
23 49 7 6 3
24 25 7 4 2
24 26 7 5 1
24 27 8 4 3
24 28 8 6 1
24 29 9 5 1
24 30 9 6 1
24 31 7 4 1
24 32 7 4 3
24 33 9 4 1
24 34 9 5 2
24 35 8 5 1
24 36 9 6 3
24 37 7 4 2
24 38 7 4 1
24 39 7 5 2
24 40 7 5 3
24 41 8 6 1
24 42 7 4 1
24 43 7 6 2
24 44 9 4 3
24 45 9 5 2
24 46 9 6 2
24 47 7 4 1
24 48 7 5 2
24 49 9 5 1
25 26 9 5 2
25 27 8 6 3
25 28 9 6 2
25 29 9 6 1
25 30 7 5 2
25 31 7 4 3
25 32 7 4 3
25 33 8 4 2
25 34 7 6 3
25 35 8 6 3
25 36 8 6 1
25 37 8 5 1
25 38 7 4 1
25 39 7 6 1
25 40 7 5 1
25 41 8 4 1
25 42 7 5 2
25 43 8 6 1
25 44 7 4 3
25 45 9 5 2
25 46 8 4 1
25 47 9 4 2
25 48 9 6 3
25 49 7 5 1
26 27 8 4 1
26 28 7 6 3
26 29 7 4 2
26 30 9 5 3
26 31 8 5 2
26 32 9 6 2
26 33 8 4 3
26 34 8 4 3
26 35 8 5 2
26 36 8 4 2
26 37 9 6 1
26 38 8 6 1
26 39 8 4 3
26 40 9 5 3
26 41 9 6 1
26 42 7 6 1
26 43 7 5 2
26 44 9 5 3
26 45 8 4 1
26 46 9 6 1
26 47 7 6 1
26 48 7 5 2
26 49 8 6 3
27 28 7 4 3
27 29 9 4 3
27 30 9 6 2
27 31 7 5 1
27 32 9 5 3
27 33 9 6 3
27 34 8 4 1
27 35 8 4 3
27 36 8 5 3
27 37 8 4 3
27 38 7 4 1
27 39 8 5 3
27 40 8 4 2
27 41 8 5 3
27 42 7 6 2
27 43 8 6 1
27 44 7 6 2
27 45 9 6 2
27 46 8 6 2
27 47 8 6 2
27 48 8 6 2
27 49 7 4 3
28 29 9 4 1
28 30 7 4 2
28 31 9 5 3
28 32 7 4 2
28 33 7 4 2
28 34 9 4 3
28 35 9 4 3
28 36 9 4 3
28 37 9 4 2
28 38 8 5 3
28 39 7 5 1
28 40 7 5 3
28 41 8 6 3
28 42 7 6 1
28 43 7 5 1
28 44 7 4 1
28 45 9 5 1
28 46 8 5 2
28 47 9 5 1
28 48 8 5 2
28 49 7 5 3
29 30 7 5 2
29 31 9 6 2
29 32 7 5 3
29 33 9 5 2
29 34 9 6 2
29 35 7 6 3
29 36 9 4 2
29 37 7 4 1
29 38 9 4 1
29 39 8 5 2
29 40 8 5 2
29 41 8 6 2
29 42 9 5 3
29 43 9 4 2
29 44 8 4 3
29 45 9 4 1
29 46 9 6 3
29 47 8 4 3
29 48 8 4 1
29 49 9 5 1
30 31 7 6 1
30 32 7 4 3
30 33 7 4 3
30 34 7 4 1
30 35 9 6 2
30 36 9 4 3
30 37 8 4 2
30 38 8 5 2
30 39 7 5 1
30 40 9 4 2
30 41 8 4 3
30 42 9 4 3
30 43 8 5 2
30 44 8 5 3
30 45 9 4 2
30 46 9 5 1
30 47 8 6 3
30 48 7 4 2
30 49 7 5 2
31 32 9 4 1
31 33 7 5 2
31 34 7 4 1
31 35 9 6 1
31 36 7 6 3
31 37 8 6 3
31 38 7 6 1
31 39 9 4 2
31 40 9 6 1
31 41 9 4 1
31 42 8 4 2
31 43 7 5 2
31 44 8 5 3
31 45 9 6 3
31 46 7 4 1
31 47 9 5 2
31 48 9 5 1
31 49 9 5 2
32 33 7 5 2
32 34 9 6 2
32 35 9 4 3
32 36 8 4 1
32 37 7 6 3
32 38 7 5 1
32 39 7 4 1
32 40 8 5 1
32 41 9 6 3
32 42 7 4 1
32 43 7 6 1
32 44 7 6 1
32 45 9 6 3
32 46 8 6 1
32 47 8 6 3
32 48 8 5 2
32 49 7 4 1
33 34 8 4 3
33 35 9 4 1
33 36 8 6 2
33 37 7 5 1
33 38 7 4 2
33 39 7 6 1
33 40 8 5 2
33 41 7 4 3
33 42 8 4 3
33 43 9 4 3
33 44 8 4 3
33 45 8 6 1
33 46 7 5 1
33 47 9 6 2
33 48 7 5 3
33 49 8 4 3
34 35 7 5 1
34 36 9 5 3
34 37 9 5 3
34 38 9 4 2
34 39 7 6 2
34 40 9 4 2
34 41 8 6 2
34 42 8 5 2
34 43 7 5 2
34 44 9 6 1
34 45 8 6 2
34 46 7 4 1
34 47 7 4 2
34 48 8 5 2
34 49 7 5 3
35 36 7 6 3
35 37 7 5 1
35 38 9 5 3
35 39 9 6 3
35 40 9 5 1
35 41 9 5 2
35 42 7 5 2
35 43 8 5 3
35 44 8 5 3
35 45 8 4 2
35 46 8 4 2
35 47 7 6 3
35 48 9 4 1
35 49 9 5 1
36 37 9 4 3
36 38 8 5 3
36 39 9 4 2
36 40 8 4 2
36 41 9 5 2
36 42 9 5 3
36 43 9 4 2
36 44 8 5 3
36 45 8 4 1
36 46 9 6 1
36 47 9 5 2
36 48 9 5 3
36 49 9 5 1
37 38 7 4 3
37 39 8 6 2
37 40 9 4 1
37 41 9 5 2
37 42 8 6 1
37 43 7 4 2
37 44 8 6 1
37 45 8 6 3
37 46 9 4 3
37 47 9 4 3
37 48 9 5 1
37 49 8 5 1
38 39 9 5 1
38 40 9 4 2
38 41 9 6 2
38 42 9 6 3
38 43 7 4 2
38 44 8 5 2
38 45 7 4 3
38 46 8 4 1
38 47 9 6 1
38 48 9 6 1
38 49 9 6 1
39 40 8 4 2
39 41 9 5 2
39 42 9 6 3
39 43 7 6 2
39 44 9 6 3
39 45 8 4 2
39 46 8 4 3
39 47 9 5 2
39 48 7 5 1
39 49 9 6 1
40 41 8 6 1
40 42 9 5 2
40 43 9 5 3
40 44 8 6 2
40 45 9 5 1
40 46 9 6 2
40 47 8 5 2
40 48 7 4 2
40 49 7 5 2
41 42 8 6 2
41 43 8 6 2
41 44 7 6 1
41 45 7 5 1
41 46 9 6 3
41 47 9 4 2
41 48 7 6 2
41 49 7 6 3
42 43 9 4 2
42 44 7 5 2
42 45 9 5 1
42 46 8 4 2
42 47 7 5 3
42 48 9 6 2
42 49 7 6 3
43 44 9 5 3
43 45 9 4 2
43 46 8 6 2
43 47 7 4 3
43 48 7 6 2
43 49 7 6 2
44 45 8 6 2
44 46 8 4 1
44 47 9 6 1
44 48 9 5 2
44 49 8 4 3
45 46 8 6 3
45 47 8 5 2
45 48 8 4 1
45 49 8 5 2
46 47 7 4 2
46 48 9 6 1
46 49 7 5 3
47 48 7 4 3
47 49 9 4 2
48 49 8 5 2
95
131
155
176
81
104
183
169
122
116
172
174
147
148
99
180
90
62
145
135
149
74
196
150
97
72
153
71
154
53
140
91
108
50
85
163
190
54
164
56
125
79
84
107
60
126
171
68
157
88
