10 43
0 1 31.09 26.00 20.59
1 2 36.65 14.60 11.17
2 3 13.41 12.83 10.28
3 4 36.99 35.32 34.64
4 5 30.30 17.43 15.43
5 6 26.79 18.00 12.38
6 7 16.68 16.25 15.14
7 8 33.39 21.50 15.63
8 9 16.63 13.22 11.56
6 0 21.83 20.64 14.70
4 9 13.86 10.18 10.14
5 2 17.63 10.52 10.25
9 6 15.00 13.16 12.38
4 0 20.11 19.20 18.05
1 3 24.23 15.17 10.87
3 8 21.09 16.97 16.25
3 0 27.17 15.72 10.95
5 9 34.26 19.96 17.05
7 3 21.05 10.89 10.34
8 0 31.24 23.54 21.24
8 2 14.37 13.22 10.78
2 4 20.05 18.79 10.46
9 3 27.14 16.72 12.01
9 7 37.90 21.96 12.26
4 1 28.56 25.26 10.06
1 8 18.58 17.33 17.19
0 5 35.07 17.78 13.78
5 3 25.97 13.75 11.50
9 1 31.44 12.92 10.44
0 7 29.90 28.13 27.70
7 5 36.48 16.32 12.20
0 9 19.57 10.04 10.02
4 8 16.84 14.65 12.90
1 7 27.10 18.50 12.53
6 3 11.08 10.87 10.46
8 5 12.62 11.44 10.67
2 7 17.35 10.81 10.07
6 2 20.58 19.22 10.85
4 7 28.56 23.72 23.58
1 6 18.03 11.56 10.98
4 6 32.12 18.44 10.75
8 6 16.78 16.69 12.45
0 2 13.14 11.17 10.68
14.02
13.05
12.20
34.81
15.18
23.28
32.33
23.16
37.94
11.29
