50 353
0 1 80.75 66.98 62.32
1 2 129.23 55.83 53.73
2 3 167.06 84.97 64.15
3 4 90.69 64.96 58.85
4 5 147.71 130.11 105.87
5 6 151.26 124.27 108.84
6 7 128.51 82.53 57.39
7 8 86.18 75.72 67.72
8 9 178.46 106.12 66.38
9 10 100.16 58.06 57.59
10 11 54.74 51.08 50.41
11 12 103.32 50.34 50.15
12 13 57.94 57.76 55.66
13 14 188.23 77.94 60.19
14 15 174.96 94.54 77.74
15 16 55.23 51.86 50.48
16 17 117.85 64.88 57.64
17 18 172.56 115.65 102.68
18 19 122.57 112.49 96.94
19 20 187.12 177.19 161.35
20 21 148.41 75.69 62.11
21 22 68.64 53.72 51.91
22 23 72.50 53.83 51.32
23 24 115.36 79.18 73.93
24 25 79.22 52.43 51.43
25 26 173.93 164.97 116.50
26 27 133.44 108.27 81.98
27 28 128.75 83.29 67.27
28 29 101.35 54.42 52.29
29 30 64.58 63.87 52.62
30 31 166.72 149.73 78.29
31 32 172.89 70.98 55.53
32 33 150.13 58.46 56.08
33 34 119.37 118.09 87.66
34 35 178.37 170.85 130.20
35 36 185.57 175.51 175.42
36 37 118.86 51.57 51.11
37 38 103.57 82.62 72.83
38 39 155.67 79.16 73.40
39 40 199.85 135.80 56.51
40 41 139.26 99.57 53.07
41 42 174.70 139.37 75.18
42 43 58.34 50.85 50.69
43 44 56.96 56.42 53.28
44 45 194.48 136.32 102.68
45 46 124.43 93.29 76.81
46 47 118.65 63.81 59.66
47 48 137.90 58.90 55.02
48 49 131.29 82.74 50.45
29 6 71.92 54.15 51.03
40 15 155.92 113.12 53.10
7 14 72.98 72.74 68.19
43 15 83.22 60.86 53.05
30 43 191.82 167.89 55.06
30 8 61.16 54.73 52.76
37 41 169.91 80.14 65.84
39 14 166.47 107.45 88.51
26 22 50.35 50.14 50.03
43 38 84.37 79.84 61.02
49 9 119.02 108.47 103.27
18 44 101.47 71.33 64.70
23 3 59.04 57.97 55.32
15 20 143.31 138.03 102.62
30 21 137.80 79.35 57.51
5 27 93.17 76.75 70.66
42 15 157.67 134.04 57.42
41 19 149.87 60.93 55.56
32 2 162.56 113.05 86.44
36 49 109.17 88.84 82.92
7 31 186.46 64.81 64.52
36 48 116.86 65.31 60.45
32 42 85.86 84.94 55.31
29 38 103.75 54.20 53.02
5 38 77.23 58.30 57.21
4 38 174.12 149.86 76.64
43 1 90.94 53.73 53.65
19 2 173.31 91.84 72.46
26 29 80.64 64.46 53.70
32 22 90.49 67.37 51.89
47 20 146.50 94.38 84.51
26 38 152.17 129.85 91.70
44 27 174.82 67.50 58.82
30 19 92.97 56.25 51.78
49 4 132.92 120.92 64.78
34 7 66.25 58.79 57.36
37 13 153.52 102.50 86.34
13 7 199.01 95.00 75.64
21 2 126.81 100.69 91.84
43 21 148.86 86.56 59.95
49 15 169.66 61.53 50.01
21 15 78.79 76.78 72.38
7 0 104.63 60.45 59.47
38 48 115.04 91.56 62.13
29 0 86.42 56.55 50.62
36 19 197.10 148.85 58.94
2 31 106.66 75.55 61.99
27 10 165.55 54.48 50.59
4 46 81.18 58.13 56.56
47 6 157.33 133.91 80.16
47 9 162.30 137.12 73.00
25 8 121.70 56.90 51.13
16 1 197.37 174.27 75.82
43 18 175.20 83.27 67.66
15 6 62.25 58.42 57.33
27 39 164.62 75.75 74.53
35 38 84.03 66.51 63.09
7 42 55.65 54.79 51.41
34 38 84.72 68.95 66.69
46 29 161.13 119.07 60.16
21 29 120.54 74.57 54.32
32 24 60.49 53.37 52.72
34 5 172.23 113.96 58.90
44 40 115.46 102.11 97.83
24 7 111.43 93.27 53.13
15 9 190.02 87.46 51.77
49 17 76.17 72.26 68.19
28 8 136.97 80.57 71.75
31 0 120.39 75.19 65.36
1 3 182.92 104.58 73.48
17 30 197.67 80.35 73.15
6 1 154.46 135.76 78.19
22 18 190.63 53.29 53.00
16 20 119.67 90.50 56.21
15 37 96.18 53.18 50.96
20 31 159.23 51.31 50.51
44 35 190.33 183.18 147.32
45 18 94.97 52.54 52.19
14 49 150.78 84.93 76.46
3 6 168.31 160.10 140.44
25 15 145.81 112.24 106.14
16 4 184.43 156.59 130.97
36 39 70.46 57.60 56.75
34 30 148.49 57.90 56.47
1 45 138.28 118.93 97.18
17 8 66.90 50.59 50.50
7 40 105.78 90.19 58.94
36 38 83.66 71.38 66.19
32 45 120.27 65.02 53.06
46 21 139.48 104.53 54.47
41 39 143.56 82.08 53.93
41 14 51.32 50.89 50.32
43 40 118.10 92.64 54.84
22 27 192.23 76.23 59.68
31 40 52.66 51.42 50.30
31 21 89.95 62.86 58.76
12 6 171.02 59.68 52.04
14 8 97.37 57.68 52.53
0 23 65.51 65.00 57.71
18 15 51.03 50.01 50.01
21 32 164.96 90.17 65.43
7 9 60.70 58.60 53.65
37 30 74.64 64.39 53.74
38 23 138.99 126.09 125.01
16 7 117.83 62.50 53.70
25 43 197.75 196.46 190.67
21 34 125.45 65.55 50.59
47 28 189.59 66.55 54.55
4 42 146.24 136.58 128.65
33 41 112.40 83.97 63.16
29 7 80.99 59.55 52.76
33 20 194.82 103.56 60.33
6 38 121.39 52.27 51.82
42 37 189.22 142.44 128.98
3 33 127.66 118.96 112.95
10 17 185.48 154.43 151.64
20 32 122.35 94.95 78.40
31 17 123.12 109.38 93.39
10 15 50.37 50.19 50.05
40 12 162.58 90.97 78.09
10 29 158.51 155.72 117.33
5 13 147.38 51.45 50.76
8 38 192.32 131.59 52.10
19 49 185.73 152.42 82.30
0 12 153.34 125.16 52.92
34 39 198.43 61.65 51.87
29 34 170.65 143.67 117.48
4 21 80.16 69.55 56.92
42 8 57.28 50.25 50.05
15 41 56.58 54.84 52.71
8 36 130.11 121.38 104.05
21 14 65.96 63.87 51.64
35 12 68.51 57.53 51.45
15 7 64.21 52.98 50.08
32 5 193.25 64.83 64.52
46 44 66.67 64.65 61.21
31 37 83.72 76.29 57.25
19 16 133.20 59.51 55.08
5 15 167.04 51.91 50.14
15 22 160.57 157.15 75.40
7 27 186.88 67.36 62.87
12 7 98.93 88.25 65.83
33 2 87.09 86.77 60.70
4 45 156.84 73.02 65.09
24 41 90.29 51.39 50.69
23 46 131.98 50.97 50.48
41 43 175.55 166.69 102.12
36 5 185.27 55.31 53.66
28 37 132.51 66.33 58.91
4 41 122.65 85.90 85.74
5 1 167.02 53.87 52.30
2 26 110.84 54.43 51.21
48 46 111.96 72.43 50.46
40 0 154.28 50.54 50.45
30 6 85.32 81.47 73.33
38 49 184.73 52.56 52.15
9 19 127.60 98.46 94.46
43 9 103.54 84.82 59.70
21 47 78.52 73.37 50.46
2 47 138.32 101.41 67.90
13 33 155.49 106.41 79.85
9 23 121.54 73.93 71.58
29 20 70.61 63.13 55.03
31 8 77.94 51.66 51.14
44 10 156.76 145.43 51.29
31 19 192.90 174.97 63.66
3 22 175.03 82.26 71.43
9 34 54.95 50.38 50.23
49 45 98.86 68.98 65.59
46 32 72.67 58.86 50.16
8 46 178.41 57.31 50.92
33 9 100.87 50.27 50.23
30 23 71.39 70.81 64.83
36 4 73.11 56.71 55.39
41 1 65.20 54.59 51.68
44 37 154.07 123.63 58.82
32 10 69.98 52.89 50.53
31 22 173.96 149.92 124.85
8 40 118.22 66.97 57.49
3 47 132.44 74.82 74.78
20 36 73.05 51.17 51.09
0 2 91.63 88.33 69.47
36 3 189.51 77.81 71.45
20 14 88.17 84.33 57.51
35 7 83.13 55.45 53.20
12 27 77.02 76.52 71.71
3 34 131.62 51.89 51.34
9 25 187.69 89.90 65.90
5 8 82.73 73.52 71.01
28 31 65.48 62.94 56.04
11 42 160.39 120.32 81.44
7 1 185.73 141.80 126.57
29 9 194.14 182.56 123.93
10 6 98.69 66.54 61.92
41 49 136.60 77.63 71.93
23 6 120.03 67.66 67.08
0 45 197.16 93.34 74.55
30 9 86.67 76.39 58.63
15 31 197.02 192.24 104.24
26 15 131.91 71.39 62.94
8 49 135.97 82.90 80.32
25 10 77.12 58.89 50.90
1 48 71.50 68.06 60.62
19 42 90.15 57.32 52.98
2 18 162.22 86.33 55.22
20 2 61.92 57.16 50.79
20 4 58.95 58.47 54.23
48 10 93.51 84.43 76.34
40 21 123.26 74.40 67.80
49 30 114.55 56.18 54.22
21 37 189.41 73.65 68.23
41 28 157.30 100.57 94.61
33 6 131.39 126.04 108.23
24 21 90.11 64.36 58.78
47 27 68.00 63.44 56.94
24 27 79.91 69.59 65.41
21 48 99.25 93.05 71.10
36 17 189.37 186.01 116.35
10 8 161.78 161.39 105.31
32 18 146.71 146.46 62.33
44 0 169.42 105.32 71.37
11 9 187.65 142.72 106.01
34 43 124.93 83.85 69.61
12 15 152.52 101.38 101.11
16 32 89.69 58.60 55.37
4 31 161.37 62.38 52.53
47 24 115.40 72.58 57.18
25 6 144.73 108.37 98.23
14 30 85.53 65.92 54.64
29 18 107.33 96.95 69.16
0 20 119.62 83.04 82.70
14 43 148.56 137.55 118.14
14 33 72.57 50.99 50.33
6 26 115.71 65.51 58.07
49 7 79.93 77.29 77.18
0 33 85.18 71.40 62.87
10 3 157.88 136.45 88.49
27 8 116.92 112.98 76.55
9 38 197.15 143.38 83.43
23 18 106.04 103.36 66.10
32 36 114.53 98.37 62.02
10 30 86.92 64.56 63.20
16 39 130.80 110.40 76.61
13 21 143.17 141.10 88.61
0 32 112.24 65.59 60.19
49 6 106.70 50.45 50.11
35 49 105.64 68.84 63.10
20 49 164.65 146.79 134.31
29 41 115.01 81.86 81.60
43 16 142.65 57.61 52.44
10 19 153.79 98.47 65.67
26 35 142.64 103.93 99.52
5 28 61.27 54.81 50.42
6 24 52.35 51.90 50.08
13 25 133.98 73.43 57.38
2 48 68.75 60.33 52.76
38 22 91.54 80.69 72.12
17 15 154.72 127.26 87.47
33 1 183.59 162.98 93.77
32 49 60.37 51.95 51.16
39 1 52.79 50.35 50.23
22 41 165.05 77.07 55.19
46 7 88.17 71.69 67.34
12 28 74.72 68.54 61.44
12 8 120.11 52.29 50.25
0 43 75.33 58.07 52.86
11 46 97.92 79.76 50.96
17 35 108.99 54.59 53.32
31 9 154.39 133.45 119.28
40 17 89.76 68.39 54.20
22 48 198.47 94.90 82.60
10 1 170.54 165.15 153.34
15 32 103.85 101.32 66.05
37 10 69.11 65.39 50.39
11 47 86.10 60.63 56.84
21 27 98.96 61.38 60.18
8 19 188.71 128.72 121.10
47 30 92.90 91.32 83.35
4 37 119.70 100.29 83.40
23 47 102.60 57.16 56.02
34 1 114.25 108.48 77.58
39 29 134.05 104.97 100.57
21 11 176.43 162.62 72.66
40 42 50.67 50.08 50.06
24 48 152.48 118.52 59.08
6 14 193.27 165.86 115.97
31 13 80.98 69.80 52.36
30 46 63.64 56.72 52.38
6 39 79.15 58.88 52.32
18 26 192.33 71.02 62.71
18 41 94.85 74.59 51.99
29 47 66.48 54.20 51.55
30 42 70.51 55.46 50.26
31 16 174.84 161.45 155.22
8 13 52.14 50.30 50.22
14 18 196.36 146.95 85.38
29 17 61.81 54.37 52.22
40 26 59.60 50.13 50.07
1 14 74.03 69.19 66.88
39 2 135.94 81.70 57.10
47 17 62.37 52.99 52.69
18 7 126.16 79.84 56.33
46 33 75.66 50.59 50.17
11 33 188.50 134.84 53.84
165.73
93.98
87.08
119.81
181.58
195.58
52.10
105.20
132.38
93.53
151.56
87.35
83.45
107.01
196.55
140.45
126.40
92.18
130.93
110.47
60.75
193.14
144.10
187.50
63.56
73.39
70.50
84.30
165.56
155.37
119.51
156.23
57.38
168.67
155.02
99.36
164.76
112.58
166.93
89.56
123.21
159.15
89.05
77.24
195.23
128.61
152.83
68.96
107.34
61.17
